frame,timestamp,confidence,gaze_0_x,gaze_0_y,gaze_0_z,gaze_1_x,gaze_1_y,gaze_1_z,gaze_angle_x,gaze_angle_y,eye_lmk_x_0,eye_lmk_x_1,eye_lmk_x_2,eye_lmk_x_3,eye_lmk_x_4,eye_lmk_x_5,eye_lmk_x_6,eye_lmk_x_7,eye_lmk_x_8,eye_lmk_x_9,eye_lmk_x_10,eye_lmk_x_11,eye_lmk_x_12,eye_lmk_x_13,eye_lmk_x_14,eye_lmk_x_15,eye_lmk_x_16,eye_lmk_x_17,eye_lmk_x_18,eye_lmk_x_19,eye_lmk_x_20,eye_lmk_x_21,eye_lmk_x_22,eye_lmk_x_23,eye_lmk_x_24,eye_lmk_x_25,eye_lmk_x_26,eye_lmk_x_27,eye_lmk_x_28,eye_lmk_x_29,eye_lmk_x_30,eye_lmk_x_31,eye_lmk_x_32,eye_lmk_x_33,eye_lmk_x_34,eye_lmk_x_35,eye_lmk_x_36,eye_lmk_x_37,eye_lmk_x_38,eye_lmk_x_39,eye_lmk_x_40,eye_lmk_x_41,eye_lmk_x_42,eye_lmk_x_43,eye_lmk_x_44,eye_lmk_x_45,eye_lmk_x_46,eye_lmk_x_47,eye_lmk_x_48,eye_lmk_x_49,eye_lmk_x_50,eye_lmk_x_51,eye_lmk_x_52,eye_lmk_x_53,eye_lmk_x_54,eye_lmk_x_55,eye_lmk_y_0,eye_lmk_y_1,eye_lmk_y_2,eye_lmk_y_3,eye_lmk_y_4,eye_lmk_y_5,eye_lmk_y_6,eye_lmk_y_7,eye_lmk_y_8,eye_lmk_y_9,eye_lmk_y_10,eye_lmk_y_11,eye_lmk_y_12,eye_lmk_y_13,eye_lmk_y_14,eye_lmk_y_15,eye_lmk_y_16,eye_lmk_y_17,eye_lmk_y_18,eye_lmk_y_19,eye_lmk_y_20,eye_lmk_y_21,eye_lmk_y_22,eye_lmk_y_23,eye_lmk_y_24,eye_lmk_y_25,eye_lmk_y_26,eye_lmk_y_27,eye_lmk_y_28,eye_lmk_y_29,eye_lmk_y_30,eye_lmk_y_31,eye_lmk_y_32,eye_lmk_y_33,eye_lmk_y_34,eye_lmk_y_35,eye_lmk_y_36,eye_lmk_y_37,eye_lmk_y_38,eye_lmk_y_39,eye_lmk_y_40,eye_lmk_y_41,eye_lmk_y_42,eye_lmk_y_43,eye_lmk_y_44,eye_lmk_y_45,eye_lmk_y_46,eye_lmk_y_47,eye_lmk_y_48,eye_lmk_y_49,eye_lmk_y_50,eye_lmk_y_51,eye_lmk_y_52,eye_lmk_y_53,eye_lmk_y_54,eye_lmk_y_55,eye_lmk_X_0,eye_lmk_X_1,eye_lmk_X_2,eye_lmk_X_3,eye_lmk_X_4,eye_lmk_X_5,eye_lmk_X_6,eye_lmk_X_7,eye_lmk_X_8,eye_lmk_X_9,eye_lmk_X_10,eye_lmk_X_11,eye_lmk_X_12,eye_lmk_X_13,eye_lmk_X_14,eye_lmk_X_15,eye_lmk_X_16,eye_lmk_X_17,eye_lmk_X_18,eye_lmk_X_19,eye_lmk_X_20,eye_lmk_X_21,eye_lmk_X_22,eye_lmk_X_23,eye_lmk_X_24,eye_lmk_X_25,eye_lmk_X_26,eye_lmk_X_27,eye_lmk_X_28,eye_lmk_X_29,eye_lmk_X_30,eye_lmk_X_31,eye_lmk_X_32,eye_lmk_X_33,eye_lmk_X_34,eye_lmk_X_35,eye_lmk_X_36,eye_lmk_X_37,eye_lmk_X_38,eye_lmk_X_39,eye_lmk_X_40,eye_lmk_X_41,eye_lmk_X_42,eye_lmk_X_43,eye_lmk_X_44,eye_lmk_X_45,eye_lmk_X_46,eye_lmk_X_47,eye_lmk_X_48,eye_lmk_X_49,eye_lmk_X_50,eye_lmk_X_51,eye_lmk_X_52,eye_lmk_X_53,eye_lmk_X_54,eye_lmk_X_55,eye_lmk_Y_0,eye_lmk_Y_1,eye_lmk_Y_2,eye_lmk_Y_3,eye_lmk_Y_4,eye_lmk_Y_5,eye_lmk_Y_6,eye_lmk_Y_7,eye_lmk_Y_8,eye_lmk_Y_9,eye_lmk_Y_10,eye_lmk_Y_11,eye_lmk_Y_12,eye_lmk_Y_13,eye_lmk_Y_14,eye_lmk_Y_15,eye_lmk_Y_16,eye_lmk_Y_17,eye_lmk_Y_18,eye_lmk_Y_19,eye_lmk_Y_20,eye_lmk_Y_21,eye_lmk_Y_22,eye_lmk_Y_23,eye_lmk_Y_24,eye_lmk_Y_25,eye_lmk_Y_26,eye_lmk_Y_27,eye_lmk_Y_28,eye_lmk_Y_29,eye_lmk_Y_30,eye_lmk_Y_31,eye_lmk_Y_32,eye_lmk_Y_33,eye_lmk_Y_34,eye_lmk_Y_35,eye_lmk_Y_36,eye_lmk_Y_37,eye_lmk_Y_38,eye_lmk_Y_39,eye_lmk_Y_40,eye_lmk_Y_41,eye_lmk_Y_42,eye_lmk_Y_43,eye_lmk_Y_44,eye_lmk_Y_45,eye_lmk_Y_46,eye_lmk_Y_47,eye_lmk_Y_48,eye_lmk_Y_49,eye_lmk_Y_50,eye_lmk_Y_51,eye_lmk_Y_52,eye_lmk_Y_53,eye_lmk_Y_54,eye_lmk_Y_55,eye_lmk_Z_0,eye_lmk_Z_1,eye_lmk_Z_2,eye_lmk_Z_3,eye_lmk_Z_4,eye_lmk_Z_5,eye_lmk_Z_6,eye_lmk_Z_7,eye_lmk_Z_8,eye_lmk_Z_9,eye_lmk_Z_10,eye_lmk_Z_11,eye_lmk_Z_12,eye_lmk_Z_13,eye_lmk_Z_14,eye_lmk_Z_15,eye_lmk_Z_16,eye_lmk_Z_17,eye_lmk_Z_18,eye_lmk_Z_19,eye_lmk_Z_20,eye_lmk_Z_21,eye_lmk_Z_22,eye_lmk_Z_23,eye_lmk_Z_24,eye_lmk_Z_25,eye_lmk_Z_26,eye_lmk_Z_27,eye_lmk_Z_28,eye_lmk_Z_29,eye_lmk_Z_30,eye_lmk_Z_31,eye_lmk_Z_32,eye_lmk_Z_33,eye_lmk_Z_34,eye_lmk_Z_35,eye_lmk_Z_36,eye_lmk_Z_37,eye_lmk_Z_38,eye_lmk_Z_39,eye_lmk_Z_40,eye_lmk_Z_41,eye_lmk_Z_42,eye_lmk_Z_43,eye_lmk_Z_44,eye_lmk_Z_45,eye_lmk_Z_46,eye_lmk_Z_47,eye_lmk_Z_48,eye_lmk_Z_49,eye_lmk_Z_50,eye_lmk_Z_51,eye_lmk_Z_52,eye_lmk_Z_53,eye_lmk_Z_54,eye_lmk_Z_55,pose_Tx,pose_Ty,pose_Tz,pose_Rx,pose_Ry,pose_Rz,x_0,x_1,x_2,x_3,x_4,x_5,x_6,x_7,x_8,x_9,x_10,x_11,x_12,x_13,x_14,x_15,x_16,x_17,x_18,x_19,x_20,x_21,x_22,x_23,x_24,x_25,x_26,x_27,x_28,x_29,x_30,x_31,x_32,x_33,x_34,x_35,x_36,x_37,x_38,x_39,x_40,x_41,x_42,x_43,x_44,x_45,x_46,x_47,x_48,x_49,x_50,x_51,x_52,x_53,x_54,x_55,x_56,x_57,x_58,x_59,x_60,x_61,x_62,x_63,x_64,x_65,x_66,x_67,y_0,y_1,y_2,y_3,y_4,y_5,y_6,y_7,y_8,y_9,y_10,y_11,y_12,y_13,y_14,y_15,y_16,y_17,y_18,y_19,y_20,y_21,y_22,y_23,y_24,y_25,y_26,y_27,y_28,y_29,y_30,y_31,y_32,y_33,y_34,y_35,y_36,y_37,y_38,y_39,y_40,y_41,y_42,y_43,y_44,y_45,y_46,y_47,y_48,y_49,y_50,y_51,y_52,y_53,y_54,y_55,y_56,y_57,y_58,y_59,y_60,y_61,y_62,y_63,y_64,y_65,y_66,y_67,X_0,X_1,X_2,X_3,X_4,X_5,X_6,X_7,X_8,X_9,X_10,X_11,X_12,X_13,X_14,X_15,X_16,X_17,X_18,X_19,X_20,X_21,X_22,X_23,X_24,X_25,X_26,X_27,X_28,X_29,X_30,X_31,X_32,X_33,X_34,X_35,X_36,X_37,X_38,X_39,X_40,X_41,X_42,X_43,X_44,X_45,X_46,X_47,X_48,X_49,X_50,X_51,X_52,X_53,X_54,X_55,X_56,X_57,X_58,X_59,X_60,X_61,X_62,X_63,X_64,X_65,X_66,X_67,Y_0,Y_1,Y_2,Y_3,Y_4,Y_5,Y_6,Y_7,Y_8,Y_9,Y_10,Y_11,Y_12,Y_13,Y_14,Y_15,Y_16,Y_17,Y_18,Y_19,Y_20,Y_21,Y_22,Y_23,Y_24,Y_25,Y_26,Y_27,Y_28,Y_29,Y_30,Y_31,Y_32,Y_33,Y_34,Y_35,Y_36,Y_37,Y_38,Y_39,Y_40,Y_41,Y_42,Y_43,Y_44,Y_45,Y_46,Y_47,Y_48,Y_49,Y_50,Y_51,Y_52,Y_53,Y_54,Y_55,Y_56,Y_57,Y_58,Y_59,Y_60,Y_61,Y_62,Y_63,Y_64,Y_65,Y_66,Y_67,Z_0,Z_1,Z_2,Z_3,Z_4,Z_5,Z_6,Z_7,Z_8,Z_9,Z_10,Z_11,Z_12,Z_13,Z_14,Z_15,Z_16,Z_17,Z_18,Z_19,Z_20,Z_21,Z_22,Z_23,Z_24,Z_25,Z_26,Z_27,Z_28,Z_29,Z_30,Z_31,Z_32,Z_33,Z_34,Z_35,Z_36,Z_37,Z_38,Z_39,Z_40,Z_41,Z_42,Z_43,Z_44,Z_45,Z_46,Z_47,Z_48,Z_49,Z_50,Z_51,Z_52,Z_53,Z_54,Z_55,Z_56,Z_57,Z_58,Z_59,Z_60,Z_61,Z_62,Z_63,Z_64,Z_65,Z_66,Z_67,p_scale,p_rx,p_ry,p_rz,p_tx,p_ty,p_0,p_1,p_2,p_3,p_4,p_5,p_6,p_7,p_8,p_9,p_10,p_11,p_12,p_13,p_14,p_15,p_16,p_17,p_18,p_19,p_20,p_21,p_22,p_23,p_24,p_25,p_26,p_27,p_28,p_29,p_30,p_31,p_32,p_33,AU01_r,AU02_r,AU04_r,AU05_r,AU06_r,AU07_r,AU09_r,AU10_r,AU12_r,AU14_r,AU15_r,AU17_r,AU20_r,AU23_r,AU25_r,AU26_r,AU45_r,AU01_c,AU02_c,AU04_c,AU05_c,AU06_c,AU07_c,AU09_c,AU10_c,AU12_c,AU14_c,AU15_c,AU17_c,AU20_c,AU23_c,AU25_c,AU26_c,AU28_c,AU45_c
1,0.0,0.98,0.05987000000000001,0.083648,-0.9946950000000001,-0.049006,0.14971800000000002,-0.9875139999999999,0.005,0.11699999999999999,550.3,555.0,565.5,575.8,579.8,576.0,564.7,554.4,539.2,543.9,552.3,564.7,577.5,586.2,591.9,584.4,574.1,563.2,553.7,545.4,560.9,565.3,569.7,571.6,569.9,565.6,561.2,559.3,695.5,698.7,708.4,718.9,724.0,720.9,711.2,700.0,686.2,691.0,699.2,711.3,723.4,732.2,737.4,732.8,725.0,715.5,704.3,693.7,705.7,710.1,714.2,715.5,713.3,708.9,704.9,703.6,356.0,345.4,341.4,346.6,357.7,369.1,372.3,367.2,363.7,356.2,351.9,349.0,350.5,355.6,364.2,369.2,372.4,373.8,372.4,369.1,361.0,363.2,361.5,357.1,352.4,350.2,351.8,356.3,355.9,345.5,340.5,343.9,353.8,364.2,369.2,366.7,363.5,355.7,349.7,346.5,348.5,352.9,360.7,363.9,365.4,365.9,366.1,366.0,359.8,361.3,359.2,354.8,350.7,349.3,351.4,355.7,-34.4,-32.6,-28.5,-24.6,-23.1,-24.5,-28.9,-32.9,-38.8,-36.9,-33.6,-28.8,-23.9,-20.6,-18.4,-21.3,-25.2,-29.4,-33.1,-36.4,-30.3,-28.7,-27.0,-26.2,-26.9,-28.5,-30.2,-31.0,22.2,23.5,27.4,31.7,33.7,32.4,28.5,24.0,18.5,20.5,23.7,28.6,33.5,37.1,39.3,37.3,34.1,30.3,25.7,21.5,26.4,28.1,29.8,30.3,29.4,27.7,26.0,25.5,-1.5,-5.6,-7.1,-5.1,-0.9,3.5,4.7,2.8,1.4,-1.5,-3.1,-4.2,-3.6,-1.7,1.6,3.5,4.7,5.3,4.8,3.5,0.4,1.2,0.6,-1.1,-2.9,-3.8,-3.1,-1.4,-1.6,-5.8,-7.8,-6.4,-2.5,1.7,3.7,2.7,1.4,-1.7,-4.1,-5.4,-4.6,-2.8,0.3,1.6,2.1,2.4,2.4,2.4,-0.1,0.5,-0.3,-2.1,-3.7,-4.3,-3.5,-1.7,1151.2,1150.3,1149.3,1148.9,1149.2,1150.3,1151.0,1151.5,1155.3,1152.0,1149.1,1147.1,1147.3,1148.8,1150.8,1150.1,1149.2,1149.6,1151.2,1153.3,1151.5,1151.3,1150.9,1150.5,1150.4,1150.6,1151.0,1151.4,1202.2,1203.2,1204.0,1204.2,1203.7,1202.8,1201.9,1201.9,1203.8,1202.7,1201.8,1201.9,1203.8,1206.5,1209.2,1206.4,1203.8,1201.9,1201.5,1202.5,1203.2,1203.3,1203.7,1204.1,1204.3,1204.2,1203.8,1203.4,0.8,40.0,1347.8,0.146,-0.061,-0.018000000000000002,466.6,470.1,477.3,486.5,503.2,531.2,566.0,605.5,645.9,683.5,715.8,744.7,768.2,782.4,789.0,793.2,793.8,499.0,520.4,549.2,578.4,606.4,673.1,699.6,725.5,751.3,770.6,643.0,645.5,647.9,650.3,616.0,631.9,647.7,663.4,677.4,536.3,553.9,576.4,593.7,575.5,553.4,684.7,700.6,722.2,738.8,724.4,704.0,586.0,610.9,633.0,647.9,663.3,684.0,703.8,685.4,665.3,648.6,632.3,610.3,596.5,632.6,647.9,663.7,694.6,663.4,647.6,632.2,364.4,408.6,451.7,492.5,530.0,561.8,586.3,606.0,611.2,606.4,587.3,562.7,530.7,491.4,448.1,402.9,357.4,333.2,316.7,312.2,316.7,325.7,324.2,313.1,308.4,310.0,323.3,359.9,390.2,420.3,451.1,466.8,472.8,477.4,472.1,465.8,363.8,352.0,351.9,365.6,371.3,371.4,363.5,348.7,348.0,358.4,366.5,367.5,519.2,509.3,504.6,508.6,504.5,508.9,516.4,534.5,542.1,543.4,541.9,534.9,519.7,519.7,520.7,518.8,518.1,520.0,521.5,520.1,-80.2,-78.9,-75.8,-71.7,-63.7,-50.4,-33.9,-15.7,2.7,19.8,35.0,48.8,60.1,66.7,69.5,71.1,71.1,-63.6,-53.7,-40.7,-27.5,-15.0,14.8,26.7,38.3,50.1,59.0,1.4,2.4,3.5,4.5,-10.7,-3.6,3.4,10.4,16.7,-46.6,-38.6,-28.5,-20.8,-28.9,-38.9,20.1,27.2,37.0,44.6,38.1,28.8,-24.4,-13.0,-3.1,3.5,10.4,19.8,28.9,20.4,11.3,3.8,-3.4,-13.3,-19.6,-3.3,3.5,10.6,24.6,10.5,3.4,-3.5,2.0,22.5,42.7,61.9,79.2,93.4,103.8,111.8,114.0,112.5,105.0,94.6,80.0,61.6,41.1,19.9,-1.2,-12.1,-19.4,-21.4,-19.3,-15.2,-16.0,-21.0,-23.2,-22.5,-16.5,-0.1,13.4,26.7,40.3,47.7,50.3,52.3,50.0,47.3,1.7,-3.6,-3.6,2.5,5.1,5.1,1.6,-5.1,-5.4,-0.7,3.0,3.4,71.9,67.0,64.7,66.4,64.6,66.9,70.8,78.4,81.5,82.0,81.4,78.5,72.0,71.5,71.9,71.1,71.4,71.6,72.2,71.6,1388.1,1392.6,1397.7,1400.3,1397.1,1388.7,1375.8,1363.4,1361.1,1369.4,1386.2,1399.9,1406.6,1405.5,1399.8,1392.8,1387.7,1352.8,1346.6,1342.8,1338.7,1335.1,1339.2,1342.6,1345.8,1349.0,1354.1,1337.5,1333.8,1329.8,1326.4,1339.9,1338.0,1337.0,1338.1,1339.3,1349.4,1346.2,1345.4,1346.5,1345.8,1346.8,1349.9,1349.2,1351.0,1355.2,1352.0,1350.4,1354.5,1345.1,1341.3,1340.9,1341.8,1348.6,1357.7,1348.7,1342.5,1341.1,1341.7,1346.2,1352.4,1343.3,1342.8,1343.9,1354.6,1342.9,1341.5,1342.3,2.213,0.182,-0.063,-0.018000000000000002,641.6569999999999,448.75,-18.840999999999998,0.648,-25.000999999999998,-11.331,-1.855,11.532,0.728,10.198,6.242999999999999,-2.2119999999999997,-3.167,-2.513,7.98,0.179,0.027999999999999997,2.278,3.747,-3.987,-2.437,0.644,-1.521,-0.335,-0.203,2.6189999999999998,-0.583,1.8430000000000002,-1.65,-0.182,-0.064,-1.087,0.311,-0.49,-0.015,0.733,0.0,0.21,0.0,0.08,0.0,0.29,0.07,0.0,0.34,0.0,0.0,0.0,0.05,0.0,0.0,0.0,0.0,0.0,0.0,0.0,1.0,0.0,0.0,0.0,0.0,0.0,0.0,0.0,0.0,0.0,0.0,0.0,0.0,0.0,0.0
2,0.033,0.98,0.065777,0.08142,-0.9945069999999999,-0.051036,0.149963,-0.987373,0.006999999999999999,0.11599999999999999,550.5,555.2,565.8,576.1,580.2,576.4,564.9,554.6,539.4,544.0,552.4,564.8,577.7,586.5,592.2,584.7,574.3,563.3,553.8,545.5,561.1,565.5,570.0,572.0,570.3,565.9,561.4,559.5,695.8,699.1,708.9,719.3,724.3,721.0,711.3,700.1,686.5,691.2,699.3,711.8,724.3,732.9,737.7,733.1,725.5,716.2,704.8,694.2,705.9,710.3,714.5,715.9,713.7,709.3,705.1,703.7,356.1,345.4,341.5,346.6,357.8,369.2,372.5,367.4,364.1,356.6,352.3,349.3,350.8,355.8,364.1,369.2,372.4,374.0,372.7,369.5,361.2,363.4,361.7,357.2,352.4,350.2,351.9,356.4,355.9,345.2,340.2,343.8,353.8,364.4,369.5,366.7,363.7,355.8,349.9,346.7,348.6,352.8,360.5,363.7,365.3,366.1,366.3,366.0,359.8,361.3,359.1,354.6,350.3,348.8,351.0,355.5,-34.2,-32.4,-28.3,-24.4,-22.8,-24.3,-28.7,-32.7,-38.6,-36.8,-33.5,-28.6,-23.8,-20.4,-18.3,-21.1,-25.1,-29.3,-33.0,-36.2,-30.2,-28.5,-26.8,-26.0,-26.6,-28.3,-30.0,-30.8,22.2,23.5,27.4,31.5,33.5,32.2,28.3,23.9,18.5,20.3,23.5,28.5,33.5,37.0,39.0,37.1,34.0,30.2,25.7,21.5,26.2,27.9,29.6,30.2,29.3,27.5,25.9,25.3,-1.5,-5.6,-7.1,-5.1,-0.8,3.5,4.8,2.8,1.6,-1.3,-2.9,-4.1,-3.5,-1.6,1.6,3.5,4.7,5.3,4.8,3.6,0.5,1.3,0.7,-1.1,-2.9,-3.7,-3.1,-1.4,-1.6,-5.9,-7.9,-6.5,-2.5,1.8,3.8,2.7,1.5,-1.7,-4.0,-5.3,-4.5,-2.9,0.2,1.5,2.1,2.4,2.5,2.4,-0.1,0.5,-0.3,-2.1,-3.8,-4.4,-3.6,-1.8,1147.1,1146.3,1145.4,1144.9,1145.1,1146.2,1146.9,1147.3,1151.3,1148.1,1145.2,1143.2,1143.4,1144.9,1146.8,1146.0,1145.1,1145.6,1147.2,1149.4,1147.4,1147.2,1146.8,1146.5,1146.4,1146.6,1147.0,1147.3,1190.5,1191.1,1191.8,1192.2,1192.2,1191.6,1190.9,1190.6,1192.1,1190.8,1189.7,1189.8,1191.9,1194.9,1197.9,1195.2,1192.6,1190.7,1190.1,1191.0,1191.7,1191.9,1192.2,1192.5,1192.5,1192.3,1192.0,1191.8,0.9,40.0,1348.2,0.149,-0.062,-0.02,466.2,469.9,477.4,486.8,503.8,531.8,566.5,605.8,646.4,684.2,716.7,745.3,768.4,782.2,788.6,792.8,793.6,498.8,520.0,548.6,577.9,606.1,674.0,700.4,726.0,751.5,770.6,643.2,645.6,648.0,650.3,616.3,632.1,647.9,663.5,677.5,536.5,554.1,576.5,593.8,575.7,553.6,685.1,701.0,722.7,739.2,724.9,704.4,586.3,611.1,633.1,648.1,663.8,684.5,704.1,685.8,665.8,648.8,632.5,610.5,596.8,632.7,648.2,664.2,694.9,663.9,647.9,632.4,364.3,408.8,452.1,493.0,530.5,562.2,586.6,606.1,611.1,606.0,586.4,561.4,529.1,489.8,446.9,402.3,357.1,334.1,317.2,312.4,316.6,325.3,323.5,312.7,308.1,309.7,322.9,359.5,390.1,420.6,451.6,467.1,473.1,477.7,472.3,466.0,364.1,352.3,352.1,365.7,371.5,371.6,363.5,348.8,348.1,358.4,366.6,367.6,519.0,509.3,504.7,508.7,504.5,508.7,516.0,534.0,541.7,543.3,541.8,534.8,519.4,519.7,520.8,518.8,517.7,519.7,521.3,519.9,-80.4,-79.0,-75.8,-71.5,-63.5,-50.1,-33.7,-15.5,2.9,20.2,35.4,49.2,60.2,66.6,69.3,71.0,71.1,-63.7,-53.9,-40.9,-27.7,-15.1,15.2,27.0,38.6,50.1,58.9,1.4,2.5,3.5,4.6,-10.6,-3.5,3.5,10.5,16.7,-46.6,-38.6,-28.5,-20.7,-28.9,-38.8,20.3,27.5,37.3,44.8,38.3,29.0,-24.2,-13.0,-3.1,3.6,10.6,20.0,29.0,20.6,11.6,4.0,-3.4,-13.2,-19.5,-3.2,3.7,10.8,24.8,10.7,3.5,-3.4,2.0,22.7,42.9,62.1,79.4,93.6,103.9,111.9,114.0,112.4,104.7,94.0,79.3,60.8,40.6,19.6,-1.4,-11.7,-19.2,-21.3,-19.4,-15.4,-16.3,-21.2,-23.3,-22.6,-16.7,-0.2,13.4,26.9,40.5,47.9,50.5,52.5,50.1,47.3,1.9,-3.5,-3.5,2.6,5.2,5.2,1.6,-5.0,-5.4,-0.7,3.0,3.4,71.8,66.9,64.7,66.5,64.7,66.9,70.6,78.2,81.4,82.0,81.3,78.5,71.9,71.5,72.0,71.2,71.2,71.5,72.2,71.6,1388.5,1393.0,1398.1,1400.6,1397.4,1389.0,1376.2,1363.9,1362.0,1370.4,1387.2,1400.6,1406.9,1405.6,1399.9,1393.1,1388.2,1353.3,1347.0,1343.2,1338.9,1335.2,1339.5,1342.8,1346.1,1349.1,1354.1,1337.8,1334.2,1330.3,1326.8,1340.5,1338.6,1337.5,1338.6,1339.8,1349.6,1346.4,1345.6,1346.8,1346.1,1347.1,1350.3,1349.5,1351.2,1355.4,1352.2,1350.7,1354.8,1345.6,1341.8,1341.5,1342.4,1349.1,1357.9,1349.1,1343.2,1341.7,1342.3,1346.5,1352.7,1343.9,1343.5,1344.6,1354.8,1343.5,1342.1,1342.9,2.2119999999999997,0.185,-0.063,-0.02,641.873,448.652,-19.052,1.088,-25.276,-11.573,-1.382,11.489,0.14400000000000002,9.536,5.849,-2.335,-3.59,-2.972,8.596,0.479,0.198,1.5019999999999998,3.553,-3.233,-2.455,0.401,-0.815,-0.23199999999999998,-0.324,2.572,-0.292,1.831,-1.8030000000000002,-0.053,-0.11900000000000001,-1.103,0.273,-0.516,-0.106,0.7440000000000001,0.0,0.17,0.0,0.05,0.0,0.24,0.05,0.0,0.38,0.0,0.0,0.0,0.02,0.0,0.01,0.0,0.0,0.0,0.0,0.0,1.0,0.0,0.0,0.0,0.0,1.0,0.0,0.0,0.0,0.0,0.0,0.0,0.0,0.0,0.0
3,0.067,0.98,0.065795,0.08583500000000001,-0.994134,-0.050962,0.15996,-0.985807,0.006999999999999999,0.124,550.6,555.4,566.1,576.5,580.5,576.6,565.0,554.6,539.7,544.2,552.5,565.0,577.8,586.7,592.6,585.1,574.6,563.4,553.8,545.6,561.4,565.7,570.2,572.2,570.5,566.2,561.7,559.7,696.3,699.6,709.2,719.6,724.6,721.3,711.7,700.6,687.0,691.7,699.7,712.1,724.5,733.3,738.3,733.6,725.8,716.4,705.1,694.5,706.4,710.8,714.8,716.2,714.1,709.7,705.7,704.3,356.3,345.5,341.4,346.5,357.9,369.5,372.8,367.7,364.7,357.0,352.4,349.4,350.8,356.0,364.4,369.1,371.9,373.3,372.3,369.5,361.5,363.6,362.0,357.4,352.7,350.5,352.2,356.7,356.2,345.7,340.7,344.1,354.1,364.6,369.6,367.0,363.9,356.1,350.2,347.0,348.8,352.9,360.4,363.8,365.5,366.3,366.5,366.3,360.0,361.4,359.3,354.9,350.8,349.3,351.4,355.8,-34.1,-32.3,-28.2,-24.2,-22.7,-24.2,-28.6,-32.6,-38.5,-36.7,-33.4,-28.6,-23.7,-20.3,-18.1,-21.0,-25.0,-29.2,-32.9,-36.1,-30.1,-28.4,-26.7,-25.9,-26.5,-28.2,-29.9,-30.7,22.5,23.8,27.7,31.9,33.9,32.6,28.7,24.2,18.8,20.7,23.9,28.8,33.8,37.4,39.5,37.6,34.4,30.5,26.0,21.8,26.6,28.3,30.0,30.5,29.7,27.9,26.3,25.8,-1.4,-5.5,-7.1,-5.1,-0.8,3.6,4.9,2.9,1.8,-1.2,-2.9,-4.1,-3.5,-1.5,1.7,3.5,4.5,5.1,4.7,3.6,0.6,1.4,0.7,-1.0,-2.8,-3.6,-3.0,-1.2,-1.5,-5.7,-7.7,-6.4,-2.4,1.8,3.8,2.8,1.5,-1.6,-3.9,-5.2,-4.5,-2.9,0.2,1.5,2.2,2.5,2.6,2.5,-0.0,0.6,-0.3,-2.0,-3.7,-4.3,-3.4,-1.7,1146.5,1145.9,1145.1,1144.4,1144.3,1145.1,1145.8,1146.4,1150.7,1147.7,1144.9,1142.9,1143.0,1144.2,1145.8,1145.0,1144.0,1144.5,1146.2,1148.5,1146.6,1146.4,1146.0,1145.7,1145.8,1146.0,1146.4,1146.7,1200.0,1200.5,1201.1,1201.5,1201.4,1200.9,1200.3,1200.1,1201.8,1200.4,1199.2,1199.2,1201.2,1204.1,1207.1,1204.5,1201.9,1200.1,1199.6,1200.6,1201.2,1201.3,1201.6,1201.8,1201.8,1201.7,1201.4,1201.2,1.0,40.0,1346.4,0.152,-0.061,-0.021,466.4,470.0,477.6,487.1,504.1,532.2,567.1,606.4,647.0,684.7,717.1,745.6,768.7,782.6,789.0,793.3,794.0,499.0,520.3,548.9,578.0,606.1,674.3,700.5,725.9,751.4,770.6,643.5,645.9,648.3,650.7,616.6,632.5,648.3,663.9,677.9,536.6,554.3,576.7,594.1,575.9,553.9,685.4,701.4,723.1,739.6,725.3,704.8,586.8,611.5,633.6,648.5,664.1,684.8,704.4,686.1,666.2,649.3,633.0,611.0,597.2,633.2,648.6,664.5,695.2,664.3,648.3,632.9,364.4,409.0,452.5,493.5,531.2,562.9,587.3,606.5,611.4,606.3,586.8,561.9,529.5,490.1,447.1,402.3,357.0,334.0,317.3,312.6,316.8,325.5,323.7,313.0,308.3,309.6,322.5,359.6,390.3,420.9,452.0,467.4,473.4,478.0,472.6,466.2,364.2,352.5,352.3,365.7,371.5,371.7,363.6,349.0,348.3,358.5,366.7,367.6,519.4,509.6,505.1,509.0,504.9,509.1,516.4,534.4,542.2,543.8,542.3,535.4,519.9,520.0,521.1,519.1,518.1,520.2,521.7,520.4,-80.2,-78.8,-75.6,-71.3,-63.2,-49.9,-33.4,-15.2,3.2,20.4,35.6,49.2,60.3,66.7,69.4,71.1,71.2,-63.5,-53.7,-40.7,-27.6,-15.1,15.3,27.1,38.5,50.0,58.8,1.5,2.6,3.7,4.7,-10.4,-3.3,3.7,10.7,16.9,-46.4,-38.4,-28.3,-20.6,-28.7,-38.6,20.4,27.6,37.4,44.9,38.4,29.1,-24.0,-12.8,-2.9,3.8,10.8,20.1,29.1,20.7,11.7,4.2,-3.1,-13.0,-19.3,-3.0,3.8,11.0,24.9,10.9,3.7,-3.2,2.0,22.7,43.0,62.3,79.6,93.8,104.1,111.9,114.0,112.4,104.8,94.1,79.4,60.9,40.6,19.6,-1.4,-11.7,-19.1,-21.2,-19.2,-15.3,-16.2,-21.0,-23.1,-22.6,-16.9,-0.2,13.5,27.0,40.6,47.9,50.5,52.5,50.1,47.4,1.9,-3.4,-3.5,2.6,5.2,5.2,1.6,-4.9,-5.3,-0.7,3.0,3.4,71.9,67.0,64.8,66.5,64.7,67.0,70.7,78.3,81.5,82.1,81.5,78.6,72.0,71.6,72.0,71.2,71.3,71.6,72.3,71.7,1386.5,1391.1,1396.3,1399.0,1395.7,1387.3,1374.4,1362.1,1360.2,1368.7,1385.6,1399.1,1405.3,1403.9,1398.0,1391.0,1386.0,1351.2,1345.0,1341.2,1336.9,1333.1,1337.5,1340.7,1343.9,1346.7,1351.5,1335.8,1332.2,1328.3,1324.9,1338.5,1336.6,1335.5,1336.6,1337.8,1347.6,1344.4,1343.5,1344.7,1344.0,1345.0,1348.2,1347.3,1349.1,1353.2,1350.1,1348.6,1353.0,1343.8,1340.0,1339.7,1340.6,1347.2,1356.0,1347.4,1341.5,1340.1,1340.6,1344.8,1350.9,1342.1,1341.7,1342.8,1352.9,1341.8,1340.4,1341.2,2.2159999999999997,0.188,-0.063,-0.021,642.2,448.92800000000005,-19.281,1.094,-25.29,-11.454,-1.5019999999999998,11.894,0.78,9.899,5.625,-2.625,-3.2489999999999997,-3.08,8.935,0.21899999999999997,-0.044000000000000004,1.371,3.657,-3.2239999999999998,-2.7880000000000003,0.479,-0.633,-0.301,-0.44799999999999995,2.4530000000000003,-0.406,1.6840000000000002,-1.915,0.047,-0.2,-1.177,0.41600000000000004,-0.529,-0.077,0.802,0.0,0.16,0.03,0.02,0.0,0.23,0.08,0.0,0.39,0.0,0.0,0.0,0.0,0.0,0.01,0.04,0.0,0.0,0.0,0.0,1.0,0.0,0.0,0.0,0.0,0.0,0.0,0.0,0.0,0.0,0.0,0.0,0.0,0.0,0.0
4,0.1,0.98,0.065967,0.097648,-0.993032,-0.042003,0.135103,-0.989941,0.012,0.11699999999999999,550.9,555.9,566.7,577.1,580.9,576.7,565.0,554.6,540.0,544.7,553.0,565.2,578.0,587.2,593.3,585.6,574.7,563.2,553.5,545.5,561.6,566.0,570.5,572.6,571.1,566.7,562.2,560.1,696.4,699.7,709.7,720.4,725.7,722.3,712.3,700.8,687.0,691.7,699.9,712.6,725.1,733.6,738.4,733.5,726.0,716.8,705.5,695.0,706.6,711.2,715.6,717.0,714.7,710.1,705.8,704.3,356.6,345.6,341.4,346.4,357.7,369.6,373.0,367.9,365.4,357.3,352.3,349.0,350.8,356.3,364.6,368.4,370.1,371.3,370.9,369.2,362.0,364.1,362.4,357.7,353.0,350.9,352.6,357.2,355.7,344.6,339.3,343.0,353.5,364.5,369.8,367.0,364.5,356.1,350.1,347.1,349.1,353.2,360.8,364.0,365.8,366.9,367.0,366.6,359.8,361.4,359.1,354.3,349.8,348.2,350.5,355.3,-33.9,-32.0,-27.9,-23.9,-22.5,-24.0,-28.5,-32.5,-38.2,-36.4,-33.1,-28.4,-23.5,-20.1,-17.8,-20.7,-24.8,-29.1,-32.9,-36.0,-29.8,-28.2,-26.4,-25.6,-26.2,-27.9,-29.6,-30.4,22.0,23.3,27.2,31.4,33.5,32.1,28.2,23.7,18.4,20.2,23.3,28.3,33.2,36.6,38.6,36.6,33.6,30.0,25.6,21.4,26.0,27.8,29.5,30.1,29.2,27.4,25.7,25.1,-1.3,-5.5,-7.1,-5.2,-0.9,3.7,4.9,3.0,2.1,-1.0,-2.9,-4.2,-3.5,-1.4,1.8,3.2,3.8,4.3,4.1,3.5,0.8,1.6,0.9,-0.9,-2.7,-3.5,-2.8,-1.1,-1.7,-6.0,-8.1,-6.6,-2.6,1.8,3.8,2.7,1.8,-1.5,-3.9,-5.0,-4.3,-2.7,0.3,1.6,2.3,2.7,2.7,2.6,-0.1,0.6,-0.3,-2.2,-4.0,-4.6,-3.7,-1.8,1142.4,1142.4,1141.6,1140.5,1139.6,1139.8,1140.4,1141.6,1146.6,1144.0,1141.3,1139.3,1139.1,1139.8,1140.8,1139.8,1138.8,1139.3,1141.3,1144.0,1142.0,1141.5,1141.2,1141.2,1141.6,1142.0,1142.4,1142.4,1170.2,1170.8,1171.7,1172.2,1172.2,1171.6,1170.8,1170.4,1171.3,1170.1,1169.2,1169.3,1171.4,1174.3,1177.2,1174.7,1172.1,1170.2,1169.5,1170.3,1171.6,1171.8,1172.2,1172.5,1172.5,1172.2,1171.8,1171.6,1.2,40.0,1342.6,0.155,-0.061,-0.022000000000000002,466.6,470.2,477.8,487.4,504.4,532.5,567.5,606.7,647.3,685.2,717.7,746.2,769.3,783.1,789.5,793.7,794.3,499.4,520.7,549.3,578.5,606.6,674.7,700.9,726.4,751.9,770.9,643.9,646.3,648.8,651.2,617.1,633.0,648.8,664.4,678.3,536.9,554.6,576.9,594.4,576.2,554.2,685.7,701.7,723.4,739.9,725.6,705.1,587.2,611.9,634.0,649.0,664.5,685.2,704.8,686.6,666.6,649.7,633.4,611.4,597.7,633.7,649.0,664.9,695.7,664.8,648.8,633.3,364.8,409.5,453.0,494.0,531.6,563.1,587.3,606.4,611.3,606.2,586.6,561.6,529.2,489.8,446.9,402.3,357.3,333.7,317.2,312.6,317.0,326.0,324.2,313.3,308.5,309.8,322.6,359.9,390.7,421.3,452.4,467.8,473.8,478.4,472.9,466.6,364.1,352.3,352.2,365.6,371.3,371.4,363.8,349.2,348.5,358.6,366.7,367.7,519.6,510.0,505.5,509.5,505.4,509.7,516.8,534.7,542.5,543.9,542.4,535.4,520.1,520.4,521.5,519.6,518.6,520.4,521.9,520.5,-80.0,-78.6,-75.3,-71.0,-62.9,-49.6,-33.2,-15.1,3.3,20.6,35.8,49.4,60.4,66.8,69.5,71.1,71.1,-63.2,-53.4,-40.5,-27.3,-14.8,15.4,27.1,38.6,50.1,58.8,1.7,2.8,3.9,4.9,-10.2,-3.1,3.9,10.8,17.0,-46.2,-38.2,-28.2,-20.4,-28.5,-38.3,20.5,27.6,37.4,45.0,38.4,29.2,-23.7,-12.5,-2.7,4.0,10.9,20.3,29.2,20.9,11.9,4.3,-2.9,-12.8,-19.0,-2.8,4.0,11.1,25.0,11.0,3.9,-3.0,2.2,22.9,43.2,62.3,79.6,93.7,103.9,111.6,113.6,112.1,104.4,93.8,79.1,60.6,40.4,19.6,-1.2,-11.8,-19.1,-21.1,-19.1,-15.1,-15.9,-20.8,-23.0,-22.5,-16.8,-0.1,13.6,27.0,40.7,48.0,50.6,52.5,50.2,47.4,1.8,-3.4,-3.5,2.5,5.0,5.1,1.7,-4.9,-5.2,-0.6,3.0,3.4,71.8,67.0,64.8,66.6,64.8,67.0,70.7,78.3,81.4,82.0,81.3,78.4,71.9,71.6,72.0,71.2,71.3,71.5,72.2,71.6,1383.4,1387.9,1393.2,1395.8,1392.6,1384.1,1371.0,1358.6,1356.8,1365.5,1382.6,1396.2,1402.4,1401.0,1394.9,1387.9,1382.8,1347.7,1341.3,1337.5,1333.0,1329.0,1333.2,1336.5,1339.8,1343.0,1348.1,1331.8,1328.2,1324.1,1320.6,1334.6,1332.7,1331.6,1332.6,1333.9,1344.0,1340.8,1339.8,1341.0,1340.4,1341.4,1344.3,1343.5,1345.2,1349.4,1346.2,1344.8,1349.4,1340.1,1336.2,1335.9,1336.8,1343.5,1352.3,1343.8,1338.0,1336.6,1337.0,1341.3,1347.3,1338.4,1337.9,1339.1,1349.3,1338.2,1336.8,1337.6,2.221,0.191,-0.063,-0.021,642.6080000000001,449.10900000000004,-17.123,1.287,-24.774,-10.73,-1.18,12.285,1.31,10.006,5.367000000000001,-2.267,-2.494,-3.7510000000000003,9.148,-0.245,0.102,1.26,3.847,-3.4360000000000004,-3.0580000000000003,0.214,-0.406,-0.26899999999999996,-0.35,2.492,-0.22399999999999998,1.354,-2.177,0.342,-0.309,-1.2790000000000001,0.726,-0.522,-0.106,0.867,0.0,0.12,0.05,0.0,0.0,0.28,0.1,0.0,0.34,0.0,0.0,0.0,0.0,0.0,0.01,0.04,0.0,0.0,0.0,0.0,1.0,0.0,0.0,0.0,0.0,0.0,0.0,0.0,0.0,0.0,0.0,0.0,0.0,0.0,0.0
5,0.133,0.98,0.068268,0.103617,-0.9922719999999999,-0.035408999999999996,0.150031,-0.9880469999999999,0.017,0.127,551.3,556.1,566.8,577.2,581.1,577.1,565.5,555.1,540.1,544.8,553.2,565.6,578.3,587.4,593.4,585.9,575.1,563.7,553.9,545.7,561.9,566.3,570.8,572.9,571.2,566.9,562.4,560.3,697.0,700.3,710.1,720.7,725.8,722.5,712.7,701.4,687.2,692.1,700.3,712.9,725.4,734.0,738.9,733.9,726.1,716.6,705.3,694.8,707.1,711.7,715.9,717.3,715.1,710.5,706.3,704.9,357.0,346.2,342.0,346.9,358.1,369.8,373.1,368.2,365.6,357.5,352.5,349.3,351.1,356.5,364.8,368.5,370.3,371.4,371.1,369.3,362.2,364.3,362.6,358.0,353.3,351.2,353.0,357.5,356.3,345.4,340.2,343.6,353.8,364.7,370.0,367.3,364.3,356.2,350.3,347.3,349.3,353.4,360.8,364.2,366.1,367.1,367.1,366.7,360.1,361.6,359.3,354.7,350.3,348.8,351.1,355.8,-34.1,-32.2,-28.1,-24.1,-22.6,-24.1,-28.6,-32.6,-38.5,-36.6,-33.3,-28.5,-23.6,-20.1,-17.9,-20.7,-24.8,-29.2,-33.0,-36.3,-30.0,-28.3,-26.5,-25.8,-26.4,-28.1,-29.8,-30.6,22.4,23.7,27.6,31.8,33.8,32.5,28.6,24.2,18.6,20.5,23.7,28.7,33.6,37.1,39.2,37.1,34.0,30.2,25.7,21.6,26.5,28.2,29.9,30.5,29.6,27.8,26.1,25.6,-1.1,-5.3,-6.9,-5.0,-0.7,3.7,5.0,3.1,2.2,-1.0,-2.9,-4.1,-3.4,-1.3,1.8,3.3,3.9,4.4,4.2,3.6,0.9,1.7,1.0,-0.8,-2.6,-3.4,-2.7,-0.9,-1.4,-5.7,-7.8,-6.4,-2.4,1.9,3.9,2.9,1.7,-1.5,-3.8,-5.0,-4.2,-2.6,0.3,1.7,2.4,2.8,2.8,2.6,0.0,0.6,-0.3,-2.1,-3.8,-4.4,-3.5,-1.7,1151.6,1151.5,1150.8,1149.8,1149.2,1149.5,1150.0,1151.0,1156.0,1153.3,1150.6,1148.7,1148.6,1149.5,1150.7,1149.6,1148.6,1149.0,1150.9,1153.5,1151.4,1151.0,1150.7,1150.7,1150.9,1151.3,1151.7,1151.7,1180.6,1180.9,1181.6,1182.1,1182.3,1181.9,1181.2,1180.9,1182.2,1180.8,1179.7,1179.6,1181.7,1184.6,1187.7,1185.1,1182.6,1180.8,1180.2,1181.1,1181.9,1182.1,1182.4,1182.6,1182.5,1182.3,1182.0,1181.8,1.3,40.0,1341.2,0.154,-0.062,-0.022000000000000002,466.9,470.4,477.9,487.5,504.6,532.8,567.9,607.1,647.8,685.8,718.2,746.7,769.6,783.4,789.8,793.9,794.6,499.6,521.1,549.7,578.9,607.1,675.0,701.3,726.7,752.1,771.1,644.2,646.7,649.1,651.6,617.5,633.4,649.2,664.8,678.7,537.1,554.8,577.2,594.7,576.5,554.5,685.9,702.0,723.6,740.2,725.8,705.3,587.6,612.3,634.5,649.5,665.1,685.8,705.3,687.2,667.3,650.3,633.9,611.8,598.0,634.2,649.6,665.6,696.2,665.4,649.3,633.8,364.7,409.6,453.3,494.4,532.1,563.7,587.7,606.7,611.5,606.4,586.6,561.5,529.1,489.7,446.9,402.5,357.6,333.9,317.6,312.9,317.2,325.9,324.1,313.5,308.7,310.1,322.8,359.8,390.5,421.1,452.2,468.0,473.9,478.4,473.0,466.6,364.3,352.6,352.4,365.7,371.4,371.6,363.8,349.3,348.7,358.7,366.8,367.7,519.9,510.4,505.8,509.8,505.6,509.9,516.9,534.8,542.7,544.2,542.8,535.9,520.5,520.7,521.8,519.8,518.7,520.5,522.1,520.7,-79.8,-78.4,-75.2,-70.9,-62.8,-49.4,-32.9,-14.9,3.5,20.8,36.0,49.6,60.5,66.9,69.6,71.2,71.2,-63.0,-53.1,-40.2,-27.1,-14.6,15.5,27.3,38.7,50.1,58.9,1.9,3.0,4.0,5.1,-10.0,-2.9,4.1,11.0,17.2,-46.1,-38.0,-28.0,-20.2,-28.3,-38.2,20.5,27.7,37.5,45.0,38.5,29.3,-23.6,-12.4,-2.5,4.2,11.2,20.5,29.4,21.1,12.2,4.6,-2.7,-12.6,-18.8,-2.6,4.3,11.4,25.2,11.3,4.1,-2.7,2.2,22.9,43.3,62.5,79.8,93.9,104.0,111.6,113.6,112.0,104.3,93.7,79.0,60.5,40.4,19.6,-1.1,-11.7,-19.0,-21.0,-19.0,-15.1,-16.0,-20.7,-22.9,-22.3,-16.7,-0.1,13.5,26.9,40.5,48.0,50.5,52.5,50.1,47.4,1.9,-3.3,-3.4,2.6,5.1,5.2,1.7,-4.8,-5.1,-0.6,3.1,3.5,71.9,67.1,64.9,66.6,64.8,67.0,70.7,78.2,81.4,82.0,81.4,78.5,72.0,71.6,72.1,71.3,71.3,71.5,72.1,71.6,1382.1,1386.7,1392.0,1394.7,1391.3,1382.8,1369.7,1357.3,1355.5,1364.2,1381.3,1394.8,1401.1,1399.6,1393.6,1386.7,1381.8,1346.5,1340.0,1336.2,1331.6,1327.5,1331.9,1335.3,1338.8,1341.9,1347.0,1330.4,1326.7,1322.6,1319.0,1333.2,1331.2,1330.0,1331.1,1332.4,1342.6,1339.3,1338.4,1339.6,1338.9,1340.0,1343.1,1342.3,1344.0,1348.2,1345.0,1343.5,1347.9,1338.5,1334.7,1334.4,1335.4,1342.0,1350.9,1342.4,1336.6,1335.2,1335.6,1339.8,1345.7,1336.9,1336.5,1337.7,1347.9,1336.8,1335.3,1336.1,2.224,0.19,-0.064,-0.022000000000000002,642.987,449.272,-16.425,1.8519999999999999,-24.544,-10.36,-1.249,12.033,1.364,9.886000000000001,5.436,-2.136,-2.439,-3.58,9.225,-0.18600000000000003,0.008,1.247,3.4930000000000003,-3.45,-3.0580000000000003,-0.10800000000000001,-0.036000000000000004,-0.22899999999999998,-0.49700000000000005,2.611,-0.397,1.208,-2.171,0.327,-0.298,-1.255,0.7090000000000001,-0.57,-0.115,0.872,0.0,0.17,0.05,0.0,0.0,0.39,0.13,0.0,0.36,0.0,0.0,0.0,0.0,0.0,0.01,0.05,0.0,0.0,0.0,0.0,1.0,0.0,0.0,0.0,0.0,0.0,0.0,0.0,0.0,0.0,0.0,0.0,0.0,0.0,0.0
6,0.16699999999999998,0.98,0.06350800000000001,0.099356,-0.993023,-0.037945,0.165234,-0.985524,0.013000000000000001,0.133,551.6,556.4,567.2,577.5,581.3,577.3,565.7,555.4,540.6,545.3,553.7,565.9,578.7,587.8,593.8,586.2,575.4,563.9,554.2,546.1,562.3,566.6,571.1,573.2,571.6,567.2,562.7,560.7,697.7,700.9,710.5,720.9,726.0,722.8,713.1,702.1,688.1,692.8,700.8,713.1,725.4,734.2,739.3,734.5,726.6,717.1,705.9,695.4,707.8,712.2,716.2,717.6,715.4,711.0,707.0,705.6,357.4,346.5,342.2,347.0,358.1,369.9,373.3,368.5,366.0,357.8,352.6,349.4,351.3,356.9,365.2,368.9,370.5,371.6,371.3,369.7,362.6,364.6,362.8,358.2,353.6,351.5,353.3,357.9,356.9,346.4,341.3,344.7,354.5,365.0,370.1,367.6,364.6,356.6,350.5,347.3,349.2,353.4,361.0,364.5,366.4,367.2,367.3,367.0,360.6,362.0,359.9,355.4,351.2,349.8,352.0,356.4,-33.9,-32.0,-27.9,-23.9,-22.4,-24.0,-28.4,-32.4,-38.2,-36.3,-33.0,-28.3,-23.4,-19.9,-17.7,-20.5,-24.7,-29.1,-32.8,-36.0,-29.8,-28.1,-26.3,-25.6,-26.2,-27.9,-29.6,-30.4,23.1,24.4,28.3,32.5,34.5,33.2,29.3,24.9,19.3,21.2,24.4,29.3,34.3,37.9,40.1,38.0,34.8,30.9,26.4,22.3,27.2,29.0,30.6,31.2,30.3,28.5,26.9,26.3,-1.0,-5.2,-6.8,-5.0,-0.7,3.8,5.1,3.2,2.3,-0.8,-2.8,-4.0,-3.3,-1.2,2.0,3.4,4.0,4.4,4.3,3.7,1.0,1.8,1.1,-0.7,-2.5,-3.2,-2.6,-0.8,-1.2,-5.5,-7.5,-6.2,-2.2,2.0,4.1,3.0,1.8,-1.4,-3.8,-5.1,-4.4,-2.7,0.4,1.8,2.6,2.9,2.9,2.8,0.2,0.8,-0.1,-1.9,-3.5,-4.1,-3.2,-1.4,1148.7,1148.8,1148.0,1146.9,1146.0,1146.1,1146.7,1147.8,1153.0,1150.4,1147.7,1145.7,1145.6,1146.3,1147.4,1146.2,1145.3,1145.8,1147.7,1150.4,1148.3,1147.9,1147.6,1147.6,1147.9,1148.4,1148.7,1148.7,1203.4,1203.8,1204.4,1204.8,1204.7,1204.3,1203.7,1203.5,1205.4,1203.9,1202.7,1202.6,1204.5,1207.5,1210.5,1207.9,1205.4,1203.6,1203.2,1204.2,1204.5,1204.7,1204.9,1205.1,1205.2,1205.0,1204.8,1204.6,1.5,40.2,1343.0,0.153,-0.059000000000000004,-0.022000000000000002,467.4,470.9,478.5,488.0,505.0,533.2,568.2,607.6,648.5,686.5,719.0,747.4,770.3,783.9,790.2,794.3,794.9,500.1,521.4,550.1,579.4,607.6,675.5,701.9,727.4,752.8,771.7,644.6,647.1,649.5,651.9,617.8,633.7,649.5,665.1,679.0,537.6,555.2,577.6,595.0,576.8,554.9,686.4,702.5,724.1,740.6,726.3,705.8,587.8,612.6,634.7,649.7,665.2,686.0,705.6,687.3,667.3,650.5,634.1,612.1,598.3,634.4,649.8,665.6,696.4,665.5,649.5,634.1,365.1,410.0,453.8,494.9,532.6,564.2,588.3,607.3,612.1,606.9,587.1,562.0,529.5,490.1,447.3,402.9,358.0,334.6,318.0,313.2,317.3,326.1,324.2,313.6,308.8,310.3,323.3,360.0,390.7,421.3,452.5,468.1,474.1,478.6,473.1,466.7,364.6,352.8,352.6,366.0,371.7,371.9,364.0,349.4,348.8,359.0,367.0,367.9,520.3,510.6,506.0,509.9,505.9,510.1,517.3,535.3,543.0,544.5,543.1,536.2,520.8,520.9,521.9,520.1,519.1,520.9,522.5,521.1,-79.6,-78.2,-75.0,-70.7,-62.7,-49.3,-32.8,-14.7,3.8,21.2,36.4,50.0,60.9,67.2,69.8,71.4,71.4,-62.9,-53.0,-40.1,-27.0,-14.4,15.8,27.6,39.1,50.5,59.2,2.1,3.1,4.2,5.3,-9.9,-2.8,4.2,11.2,17.4,-45.9,-37.9,-27.9,-20.1,-28.2,-38.1,20.8,28.0,37.7,45.3,38.7,29.5,-23.5,-12.3,-2.3,4.3,11.2,20.6,29.6,21.2,12.2,4.7,-2.6,-12.5,-18.7,-2.5,4.4,11.4,25.4,11.4,4.2,-2.6,2.4,23.1,43.6,62.8,80.1,94.2,104.3,112.0,114.0,112.4,104.7,94.0,79.2,60.7,40.6,19.8,-0.9,-11.4,-18.8,-20.9,-19.0,-15.0,-15.9,-20.7,-22.9,-22.2,-16.5,-0.0,13.6,27.1,40.7,48.1,50.7,52.7,50.3,47.5,2.1,-3.2,-3.3,2.7,5.2,5.3,1.8,-4.7,-5.0,-0.5,3.1,3.6,72.1,67.3,65.0,66.8,65.0,67.2,70.9,78.5,81.6,82.2,81.6,78.8,72.2,71.8,72.2,71.5,71.6,71.8,72.4,71.9,1383.7,1388.3,1393.6,1396.2,1392.9,1384.4,1371.3,1358.8,1356.9,1365.6,1382.6,1396.0,1402.2,1400.8,1394.7,1387.7,1382.7,1348.2,1341.9,1338.1,1333.6,1329.6,1333.9,1337.2,1340.5,1343.6,1348.8,1332.3,1328.6,1324.6,1321.1,1335.0,1333.1,1331.9,1333.0,1334.3,1344.4,1341.2,1340.2,1341.4,1340.7,1341.8,1344.8,1344.0,1345.7,1349.8,1346.6,1345.2,1349.7,1340.4,1336.6,1336.2,1337.2,1343.8,1352.6,1344.1,1338.4,1337.0,1337.4,1341.6,1347.6,1338.7,1338.3,1339.4,1349.6,1338.6,1337.2,1337.9,2.221,0.188,-0.062,-0.022000000000000002,643.373,449.583,-18.180999999999997,2.036,-24.815,-10.866,-1.3,11.950999999999999,0.98,9.537,5.7860000000000005,-2.165,-2.595,-3.638,9.136000000000001,-0.14300000000000002,0.19699999999999998,1.686,3.545,-3.26,-2.9360000000000004,0.39299999999999996,-0.259,-0.16399999999999998,-0.29600000000000004,2.572,-0.413,1.264,-2.265,0.358,-0.325,-1.261,0.654,-0.5720000000000001,-0.122,0.857,0.0,0.17,0.03,0.0,0.0,0.49,0.11,0.0,0.37,0.0,0.0,0.0,0.03,0.0,0.02,0.03,0.0,0.0,0.0,0.0,1.0,0.0,0.0,0.0,0.0,0.0,0.0,0.0,0.0,0.0,0.0,0.0,0.0,0.0,0.0
7,0.2,0.98,0.070379,0.100448,-0.99245,-0.045819,0.16913599999999998,-0.984527,0.012,0.136,552.0,556.9,567.6,577.9,581.7,577.7,566.2,555.9,540.6,545.4,553.9,566.2,578.9,588.0,594.0,586.5,575.8,564.4,554.6,546.4,562.6,567.0,571.5,573.6,571.9,567.6,563.1,561.0,698.0,701.2,710.8,721.0,726.0,722.8,713.3,702.3,688.5,693.0,700.9,713.3,725.8,734.6,739.6,735.0,727.3,717.9,706.5,695.9,708.1,712.3,716.3,717.6,715.5,711.3,707.3,706.0,357.5,346.7,342.6,347.7,358.9,370.6,373.9,368.8,365.7,357.8,353.0,350.0,351.8,357.2,365.5,369.6,371.7,372.9,372.2,370.0,362.8,365.0,363.3,358.7,353.9,351.8,353.5,358.1,357.4,347.0,342.0,345.4,355.2,365.6,370.6,368.0,364.8,357.2,351.4,348.1,349.9,354.0,361.6,365.1,366.8,367.6,367.8,367.5,361.0,362.4,360.4,356.1,352.0,350.6,352.7,357.0,-33.7,-31.8,-27.7,-23.7,-22.2,-23.8,-28.2,-32.2,-38.2,-36.2,-32.9,-28.1,-23.3,-19.9,-17.6,-20.4,-24.5,-28.8,-32.6,-35.9,-29.6,-27.9,-26.2,-25.4,-26.0,-27.7,-29.4,-30.2,23.3,24.7,28.5,32.7,34.7,33.3,29.5,25.1,19.5,21.3,24.5,29.5,34.6,38.2,40.3,38.4,35.2,31.3,26.8,22.5,27.4,29.1,30.7,31.3,30.4,28.7,27.1,26.6,-0.9,-5.1,-6.6,-4.7,-0.4,4.1,5.3,3.4,2.2,-0.8,-2.7,-3.8,-3.1,-1.1,2.1,3.7,4.5,4.9,4.7,3.8,1.1,1.9,1.2,-0.5,-2.3,-3.1,-2.5,-0.7,-1.1,-5.2,-7.2,-5.9,-1.9,2.3,4.2,3.2,1.9,-1.1,-3.5,-4.8,-4.1,-2.4,0.6,2.1,2.8,3.1,3.1,3.0,0.4,1.0,0.2,-1.6,-3.2,-3.8,-3.0,-1.2,1147.6,1147.3,1146.6,1145.7,1145.3,1145.7,1146.3,1147.2,1152.0,1149.1,1146.4,1144.4,1144.4,1145.4,1146.8,1145.7,1144.7,1145.2,1147.0,1149.5,1147.5,1147.2,1146.9,1146.7,1146.9,1147.3,1147.6,1147.7,1207.3,1207.9,1208.5,1208.8,1208.6,1208.1,1207.5,1207.4,1209.2,1207.9,1206.7,1206.6,1208.5,1211.4,1214.4,1211.8,1209.2,1207.4,1206.9,1208.0,1208.4,1208.5,1208.8,1209.0,1209.1,1209.0,1208.7,1208.5,1.6,40.5,1342.7,0.155,-0.061,-0.022000000000000002,467.6,471.1,478.7,488.3,505.4,533.6,568.4,607.6,648.2,686.1,718.5,747.1,770.3,784.1,790.7,794.8,795.5,500.3,521.7,550.2,579.3,607.3,676.0,702.2,727.5,752.8,771.9,644.9,647.3,649.8,652.2,618.2,634.0,649.8,665.4,679.3,537.8,555.5,577.9,595.3,577.1,555.1,686.8,702.8,724.5,741.0,726.7,706.2,588.3,613.1,635.3,650.1,665.5,686.2,705.8,687.5,667.6,650.9,634.7,612.6,598.7,635.0,650.2,665.9,696.6,665.7,649.9,634.6,365.6,410.6,454.3,495.5,533.3,565.0,589.1,608.2,613.1,607.9,588.2,562.9,530.3,490.6,447.6,402.9,357.9,334.7,318.3,313.6,317.8,326.5,324.7,314.2,309.4,310.7,323.2,360.5,391.2,421.8,452.9,468.7,474.6,479.1,473.7,467.3,365.1,353.3,353.1,366.5,372.3,372.4,364.5,350.0,349.3,359.5,367.6,368.5,521.0,511.3,506.7,510.6,506.5,510.8,517.9,535.9,543.6,545.1,543.7,536.9,521.6,521.6,522.7,520.8,519.7,521.5,523.0,521.7,-79.5,-78.1,-74.9,-70.6,-62.5,-49.1,-32.7,-14.7,3.7,21.0,36.2,49.8,60.9,67.3,70.0,71.6,71.7,-62.7,-52.9,-40.0,-27.0,-14.5,16.0,27.7,39.1,50.5,59.3,2.2,3.2,4.3,5.4,-9.7,-2.7,4.3,11.3,17.5,-45.8,-37.8,-27.7,-20.0,-28.1,-38.0,21.0,28.1,37.9,45.4,38.9,29.7,-23.3,-12.0,-2.1,4.5,11.4,20.7,29.6,21.3,12.3,4.9,-2.4,-12.2,-18.5,-2.2,4.5,11.6,25.5,11.5,4.4,-2.4,2.6,23.4,43.8,63.0,80.4,94.6,104.7,112.4,114.5,112.8,105.1,94.4,79.6,61.0,40.7,19.9,-1.0,-11.4,-18.7,-20.7,-18.7,-14.8,-15.7,-20.4,-22.6,-22.1,-16.5,0.2,13.8,27.3,40.9,48.4,50.9,52.9,50.5,47.7,2.3,-3.0,-3.1,2.9,5.5,5.6,2.0,-4.5,-4.8,-0.2,3.4,3.8,72.4,67.6,65.3,67.1,65.3,67.5,71.2,78.8,81.9,82.5,81.9,79.1,72.6,72.1,72.6,71.8,71.9,72.0,72.7,72.1,1382.9,1387.5,1392.9,1395.5,1392.2,1383.8,1371.0,1358.8,1356.9,1365.4,1382.2,1395.7,1401.8,1400.3,1394.2,1387.3,1382.2,1347.4,1341.2,1337.5,1333.1,1329.2,1333.6,1336.9,1340.1,1343.0,1347.8,1331.9,1328.3,1324.3,1320.8,1334.7,1332.8,1331.7,1332.7,1334.0,1343.9,1340.6,1339.7,1340.9,1340.3,1341.3,1344.4,1343.5,1345.2,1349.4,1346.2,1344.8,1349.5,1340.3,1336.4,1336.1,1337.1,1343.7,1352.5,1343.9,1338.1,1336.7,1337.1,1341.3,1347.4,1338.6,1338.2,1339.3,1349.4,1338.3,1336.9,1337.6,2.221,0.19,-0.063,-0.022000000000000002,643.635,450.154,-19.261,1.57,-25.109,-10.855,-1.251,12.171,1.004,9.437999999999999,5.672999999999999,-2.6660000000000004,-2.7039999999999997,-3.0,8.937000000000001,-0.494,0.013000000000000001,1.136,3.6439999999999997,-3.4930000000000003,-2.873,0.297,-0.24,-0.392,-0.474,2.485,-0.41,1.306,-2.103,0.377,-0.322,-1.1909999999999998,0.622,-0.642,-0.145,0.865,0.0,0.11,0.0,0.0,0.0,0.4,0.1,0.0,0.4,0.0,0.0,0.0,0.03,0.0,0.02,0.03,0.0,0.0,0.0,0.0,1.0,0.0,0.0,0.0,0.0,0.0,0.0,0.0,0.0,0.0,0.0,0.0,0.0,0.0,0.0
8,0.23399999999999999,0.98,0.066081,0.101694,-0.992619,-0.046674,0.132662,-0.9900620000000001,0.01,0.11800000000000001,552.0,556.9,567.7,577.9,581.7,577.7,566.1,555.8,540.8,545.5,554.0,566.4,579.1,588.2,594.1,586.5,575.8,564.4,554.6,546.5,562.7,567.0,571.5,573.5,571.9,567.7,563.2,561.1,697.5,700.8,710.8,721.7,727.1,723.8,713.7,702.0,688.0,693.0,701.4,714.2,726.7,735.2,740.1,735.0,727.4,718.0,706.7,696.1,707.8,712.5,716.9,718.3,716.0,711.3,706.9,705.5,358.2,347.4,343.2,348.1,359.3,371.0,374.3,369.4,367.1,358.9,353.7,350.4,352.3,357.8,366.2,369.9,371.5,372.7,372.3,370.7,363.5,365.6,363.8,359.3,354.6,352.5,354.3,358.8,356.9,345.6,340.3,344.0,354.5,365.8,371.1,368.4,365.8,357.1,351.0,348.0,350.2,354.6,362.2,365.2,366.9,367.8,367.9,367.7,361.1,362.7,360.4,355.5,350.9,349.3,351.6,356.5,-33.7,-31.9,-27.7,-23.8,-22.3,-23.9,-28.3,-32.3,-38.2,-36.3,-32.9,-28.2,-23.3,-19.8,-17.6,-20.5,-24.6,-28.9,-32.7,-35.9,-29.7,-28.0,-26.3,-25.5,-26.1,-27.7,-29.5,-30.3,22.1,23.4,27.3,31.5,33.6,32.3,28.4,23.9,18.5,20.4,23.7,28.6,33.4,36.8,38.8,36.8,33.7,30.1,25.7,21.6,26.2,28.0,29.7,30.2,29.3,27.5,25.8,25.3,-0.7,-4.8,-6.5,-4.6,-0.3,4.2,5.5,3.6,2.7,-0.4,-2.4,-3.7,-3.0,-0.8,2.4,3.8,4.4,4.9,4.7,4.1,1.3,2.1,1.5,-0.3,-2.1,-2.9,-2.2,-0.5,-1.2,-5.5,-7.6,-6.2,-2.1,2.2,4.3,3.2,2.2,-1.1,-3.5,-4.6,-3.8,-2.1,0.8,2.0,2.7,3.0,3.0,2.9,0.4,1.0,0.1,-1.8,-3.5,-4.1,-3.2,-1.3,1150.7,1150.7,1150.0,1149.0,1148.2,1148.4,1148.9,1149.9,1154.9,1152.2,1149.6,1147.7,1147.6,1148.4,1149.5,1148.4,1147.4,1147.8,1149.7,1152.3,1150.5,1150.0,1149.7,1149.7,1150.0,1150.5,1150.8,1150.8,1156.0,1156.7,1157.6,1158.2,1158.2,1157.5,1156.6,1156.2,1157.0,1155.9,1155.0,1155.3,1157.4,1160.3,1163.2,1160.6,1157.9,1156.0,1155.3,1156.1,1157.4,1157.7,1158.1,1158.4,1158.4,1158.1,1157.7,1157.4,1.7,40.6,1339.4,0.153,-0.057999999999999996,-0.024,467.5,471.3,478.9,488.5,505.5,533.7,568.9,608.4,649.3,687.3,719.8,748.2,771.1,784.6,790.9,795.0,795.6,500.0,521.4,550.1,579.4,607.8,675.8,702.1,727.5,753.0,772.2,645.0,647.5,650.0,652.4,618.2,634.1,650.0,665.6,679.5,537.8,555.5,577.9,595.5,577.2,555.2,686.9,703.1,724.8,741.4,727.0,706.5,588.0,612.9,635.1,650.1,665.7,686.4,706.1,687.8,667.8,650.9,634.5,612.3,598.4,634.8,650.2,666.1,696.9,665.9,649.9,634.5,366.3,411.3,455.0,496.2,534.1,565.9,590.2,609.1,613.7,608.2,588.2,562.8,530.2,490.6,447.8,403.4,358.5,335.5,318.9,314.2,318.4,327.3,325.3,314.7,309.9,311.1,323.7,361.0,391.8,422.5,453.8,469.4,475.3,479.9,474.4,468.0,365.5,353.8,353.5,367.0,372.7,372.9,364.9,350.3,349.6,359.8,367.9,368.9,521.5,512.0,507.4,511.3,507.2,511.4,518.5,536.5,544.3,545.9,544.5,537.6,522.1,522.2,523.3,521.3,520.3,522.1,523.8,522.5,-79.4,-77.9,-74.7,-70.3,-62.3,-48.9,-32.4,-14.3,4.2,21.5,36.7,50.2,61.1,67.3,70.0,71.5,71.5,-62.8,-52.9,-40.0,-26.9,-14.2,15.9,27.6,39.0,50.5,59.3,2.2,3.3,4.4,5.4,-9.7,-2.6,4.4,11.4,17.5,-45.7,-37.7,-27.7,-19.9,-28.0,-37.8,21.0,28.2,37.9,45.5,39.0,29.7,-23.3,-12.1,-2.2,4.5,11.4,20.7,29.7,21.4,12.4,4.8,-2.4,-12.3,-18.6,-2.3,4.5,11.6,25.5,11.5,4.4,-2.5,2.9,23.7,44.0,63.3,80.7,94.8,105.0,112.6,114.5,112.7,104.9,94.1,79.3,60.8,40.7,20.0,-0.7,-11.0,-18.3,-20.4,-18.4,-14.5,-15.4,-20.1,-22.3,-21.8,-16.3,0.4,14.0,27.5,41.2,48.6,51.1,53.1,50.7,47.9,2.5,-2.8,-2.9,3.1,5.6,5.7,2.2,-4.3,-4.6,-0.1,3.6,4.0,72.5,67.7,65.5,67.2,65.4,67.6,71.3,78.9,82.0,82.6,82.0,79.2,72.6,72.2,72.6,71.8,71.9,72.2,72.8,72.3,1380.5,1385.1,1390.3,1392.9,1389.6,1381.1,1368.1,1355.5,1353.7,1362.3,1379.2,1392.5,1398.7,1397.2,1391.2,1384.3,1379.3,1345.0,1338.5,1334.6,1330.0,1325.9,1330.3,1333.6,1336.9,1339.9,1344.9,1328.7,1324.9,1320.8,1317.2,1331.4,1329.4,1328.2,1329.3,1330.6,1341.0,1337.7,1336.8,1337.9,1337.2,1338.3,1341.3,1340.5,1342.1,1346.3,1343.1,1341.7,1346.3,1336.9,1333.0,1332.7,1333.6,1340.2,1349.0,1340.5,1334.7,1333.3,1333.8,1338.0,1344.1,1335.1,1334.7,1335.9,1346.0,1335.0,1333.6,1334.3,2.227,0.18899999999999997,-0.06,-0.024,643.818,450.726,-17.425,2.33,-24.613000000000003,-10.4,-1.3769999999999998,12.038,0.8109999999999999,9.219,5.541,-2.233,-2.2969999999999997,-3.54,9.113999999999999,-0.138,-0.043,1.1909999999999998,3.633,-2.8760000000000003,-3.057,0.363,-0.28600000000000003,-0.41100000000000003,-0.619,2.46,-0.5,1.423,-2.171,0.387,-0.268,-1.227,0.758,-0.5,-0.048,0.82,0.0,0.09,0.02,0.13,0.0,0.37,0.13,0.0,0.39,0.0,0.0,0.0,0.03,0.0,0.03,0.02,0.0,0.0,0.0,0.0,1.0,0.0,0.0,0.0,0.0,0.0,0.0,0.0,0.0,0.0,0.0,0.0,0.0,0.0,0.0
9,0.267,0.98,0.06027999999999999,0.108722,-0.992243,-0.042775,0.139146,-0.989348,0.009000000000000001,0.124,552.0,556.7,567.3,577.6,581.6,577.7,566.3,556.0,540.7,545.4,554.0,566.3,579.0,588.1,594.0,586.7,576.2,564.8,554.9,546.5,562.6,566.9,571.4,573.3,571.7,567.4,563.0,561.0,697.7,701.1,711.0,721.8,727.0,723.6,713.7,702.2,688.1,692.8,701.0,713.8,726.5,735.2,740.2,735.2,727.5,718.1,706.7,696.0,708.0,712.6,716.9,718.3,716.1,711.5,707.2,705.7,359.0,348.2,344.1,349.0,360.1,371.6,374.9,370.0,367.2,359.3,354.3,351.2,353.0,358.5,366.7,370.4,372.2,373.4,372.9,371.1,364.0,366.1,364.4,359.9,355.3,353.2,354.9,359.4,357.8,346.7,341.4,345.0,355.5,366.6,371.8,369.1,366.4,358.0,352.1,349.0,351.0,355.1,362.6,366.0,368.0,369.0,369.1,368.7,361.8,363.4,361.1,356.3,351.9,350.3,352.6,357.3,-34.0,-32.2,-28.1,-24.1,-22.5,-24.0,-28.5,-32.5,-38.5,-36.6,-33.2,-28.4,-23.5,-20.0,-17.8,-20.6,-24.6,-29.0,-32.9,-36.2,-29.9,-28.2,-26.5,-25.7,-26.4,-28.0,-29.8,-30.5,22.4,23.7,27.6,31.8,33.8,32.5,28.6,24.1,18.7,20.5,23.6,28.6,33.6,37.0,39.1,37.0,34.0,30.3,25.8,21.7,26.4,28.2,29.9,30.4,29.5,27.7,26.1,25.5,-0.4,-4.5,-6.1,-4.2,0.0,4.5,5.8,3.9,2.8,-0.3,-2.2,-3.4,-2.7,-0.6,2.6,4.0,4.7,5.2,5.0,4.3,1.6,2.4,1.7,-0.0,-1.8,-2.6,-2.0,-0.2,-0.9,-5.2,-7.2,-5.8,-1.8,2.6,4.6,3.5,2.5,-0.8,-3.1,-4.3,-3.5,-1.9,1.0,2.3,3.1,3.5,3.5,3.4,0.7,1.3,0.4,-1.4,-3.2,-3.8,-2.9,-1.0,1159.1,1158.9,1158.2,1157.4,1157.0,1157.4,1157.9,1158.7,1163.6,1160.8,1158.0,1156.2,1156.2,1157.3,1158.8,1157.7,1156.6,1156.9,1158.7,1161.2,1159.1,1158.8,1158.5,1158.4,1158.5,1158.9,1159.2,1159.3,1163.0,1163.6,1164.3,1164.9,1164.9,1164.4,1163.6,1163.3,1164.3,1163.0,1162.0,1162.1,1164.2,1167.0,1170.0,1167.4,1164.9,1163.0,1162.4,1163.3,1164.4,1164.6,1164.9,1165.2,1165.1,1164.9,1164.6,1164.4,1.7,40.9,1337.3,0.155,-0.057999999999999996,-0.022000000000000002,467.6,471.2,478.7,488.3,505.2,533.1,568.1,607.5,648.6,686.9,719.6,748.2,771.2,784.9,791.3,795.4,796.0,500.3,521.7,550.2,579.4,607.5,676.0,702.2,727.7,753.1,772.3,645.0,647.4,649.9,652.3,618.1,634.0,649.9,665.6,679.5,537.8,555.6,578.0,595.6,577.3,555.2,686.8,703.1,724.8,741.4,727.0,706.4,587.8,612.8,635.1,650.0,665.6,686.4,706.2,687.8,667.7,650.8,634.5,612.3,598.3,634.8,650.1,666.0,697.0,665.8,649.8,634.4,366.6,411.6,455.3,496.5,534.3,566.1,590.4,609.5,614.4,609.2,589.3,563.9,531.1,491.4,448.5,403.9,358.8,335.6,319.3,314.7,319.0,327.8,325.9,315.3,310.4,311.7,324.3,361.6,392.5,423.2,454.4,470.1,476.1,480.6,475.2,468.8,366.1,354.4,354.2,367.7,373.3,373.5,365.7,351.1,350.4,360.6,368.7,369.7,522.2,512.8,508.2,512.2,508.1,512.4,519.4,537.4,545.1,546.6,545.2,538.2,522.9,523.1,524.2,522.3,521.2,523.1,524.6,523.2,-79.2,-77.8,-74.6,-70.3,-62.4,-49.2,-32.8,-14.6,3.9,21.3,36.6,50.2,61.1,67.4,70.1,71.6,71.6,-62.5,-52.7,-39.9,-26.8,-14.3,15.9,27.6,39.0,50.4,59.2,2.2,3.3,4.3,5.4,-9.7,-2.7,4.4,11.3,17.5,-45.6,-37.6,-27.6,-19.8,-27.9,-37.7,20.9,28.1,37.9,45.4,38.9,29.7,-23.4,-12.1,-2.2,4.4,11.4,20.7,29.7,21.3,12.3,4.8,-2.4,-12.4,-18.7,-2.3,4.5,11.6,25.6,11.5,4.4,-2.5,3.0,23.8,44.1,63.3,80.6,94.7,104.9,112.6,114.6,113.0,105.3,94.5,79.7,61.1,41.0,20.2,-0.5,-10.9,-18.1,-20.1,-18.1,-14.2,-15.1,-19.9,-22.1,-21.6,-16.0,0.7,14.3,27.8,41.4,48.8,51.4,53.3,51.0,48.2,2.7,-2.5,-2.6,3.4,5.9,6.0,2.6,-4.0,-4.3,0.3,3.9,4.3,72.7,68.0,65.8,67.5,65.7,68.0,71.6,79.1,82.2,82.8,82.2,79.4,72.9,72.5,72.9,72.1,72.2,72.4,73.0,72.5,1378.4,1382.8,1387.9,1390.6,1387.5,1379.2,1366.2,1353.7,1351.6,1360.2,1377.2,1390.7,1396.9,1395.4,1389.3,1382.4,1377.4,1342.6,1336.2,1332.3,1327.7,1323.6,1327.8,1331.1,1334.5,1337.6,1342.6,1326.4,1322.7,1318.6,1315.0,1329.3,1327.3,1326.1,1327.1,1328.5,1338.9,1335.5,1334.6,1335.7,1335.1,1336.1,1339.0,1338.1,1339.7,1343.9,1340.7,1339.3,1344.4,1334.9,1330.9,1330.5,1331.4,1338.1,1347.1,1338.3,1332.4,1331.0,1331.6,1335.9,1342.2,1333.0,1332.6,1333.7,1344.0,1332.7,1331.3,1332.1,2.23,0.192,-0.06,-0.022000000000000002,643.7669999999999,451.4,-16.805999999999997,1.51,-24.482,-10.302999999999999,-1.614,12.162,0.935,9.287,5.126,-1.982,-2.4330000000000003,-3.22,8.807,-0.54,-0.006999999999999999,1.337,4.098,-3.1239999999999997,-3.193,0.134,-0.165,-0.27399999999999997,-0.511,2.4130000000000003,-0.435,1.33,-2.16,0.465,-0.325,-1.147,0.711,-0.555,-0.11699999999999999,0.848,0.0,0.09,0.02,0.2,0.0,0.21,0.11,0.0,0.38,0.0,0.0,0.0,0.0,0.0,0.01,0.0,0.0,0.0,0.0,0.0,1.0,0.0,0.0,0.0,0.0,0.0,0.0,0.0,0.0,0.0,0.0,0.0,0.0,0.0,0.0
10,0.3,0.98,0.061092999999999995,0.10066,-0.993043,-0.044212,0.156346,-0.986712,0.009000000000000001,0.129,551.6,556.4,567.1,577.5,581.5,577.6,566.0,555.6,540.5,545.1,553.5,566.0,578.9,588.0,594.0,586.4,575.7,564.2,554.4,546.2,562.4,566.8,571.3,573.3,571.6,567.2,562.7,560.7,697.8,701.2,711.1,721.6,726.6,723.3,713.4,702.2,688.4,693.0,701.0,713.6,726.2,735.1,740.1,735.2,727.4,717.9,706.5,696.0,707.9,712.5,716.9,718.3,716.1,711.5,707.1,705.7,359.7,348.8,344.6,349.5,360.8,372.6,376.0,371.0,368.2,360.2,355.3,352.1,353.9,359.3,367.7,371.4,373.3,374.5,374.0,372.1,364.9,367.0,365.2,360.6,355.9,353.8,355.5,360.1,359.0,348.3,343.2,346.7,356.8,367.5,372.6,369.9,367.1,358.9,352.9,349.8,351.6,355.7,363.4,367.1,369.1,370.1,370.2,369.7,363.0,364.6,362.3,357.6,353.1,351.6,353.8,358.6,-33.7,-31.9,-27.8,-23.8,-22.3,-23.8,-28.2,-32.2,-38.1,-36.3,-33.0,-28.2,-23.3,-19.8,-17.5,-20.4,-24.5,-28.9,-32.6,-35.9,-29.6,-27.9,-26.2,-25.5,-26.1,-27.8,-29.5,-30.3,22.8,24.1,28.0,32.2,34.1,32.8,28.9,24.5,19.1,20.9,24.0,29.0,34.0,37.5,39.6,37.6,34.5,30.7,26.2,22.1,26.8,28.6,30.3,30.9,30.0,28.2,26.5,25.9,-0.1,-4.3,-5.9,-4.0,0.3,4.8,6.1,4.2,3.1,0.1,-1.8,-3.0,-2.3,-0.3,2.9,4.3,5.1,5.5,5.3,4.6,1.9,2.7,2.0,0.2,-1.6,-2.4,-1.7,0.1,-0.4,-4.6,-6.6,-5.2,-1.3,3.0,5.0,3.9,2.8,-0.4,-2.8,-4.0,-3.3,-1.7,1.3,2.8,3.6,4.0,4.0,3.8,1.2,1.8,0.9,-1.0,-2.7,-3.3,-2.4,-0.6,1144.9,1144.6,1143.8,1142.9,1142.5,1143.0,1143.6,1144.5,1149.3,1146.5,1143.7,1141.7,1141.7,1142.7,1144.0,1143.0,1142.0,1142.5,1144.4,1146.9,1144.8,1144.4,1144.1,1144.0,1144.1,1144.5,1144.9,1145.0,1181.2,1181.6,1182.1,1182.5,1182.5,1182.2,1181.6,1181.4,1183.1,1181.6,1180.4,1180.3,1182.2,1185.1,1188.1,1185.6,1183.2,1181.4,1181.0,1181.9,1182.4,1182.5,1182.8,1183.0,1183.0,1182.8,1182.5,1182.4,1.7,41.3,1338.3,0.157,-0.055999999999999994,-0.025,467.6,471.2,478.8,488.5,505.8,534.2,569.5,609.0,649.6,687.3,719.6,748.1,771.2,785.1,791.6,795.7,796.2,499.9,521.3,550.0,579.2,607.4,675.7,702.0,727.4,753.0,772.3,644.8,647.4,649.9,652.4,618.2,634.1,649.9,665.6,679.5,537.6,555.3,577.7,595.3,577.0,554.9,686.8,703.0,724.7,741.3,727.0,706.4,588.2,613.0,635.1,650.2,665.8,686.5,706.1,687.9,667.9,650.9,634.5,612.4,598.7,634.8,650.3,666.2,696.9,666.0,649.9,634.4,368.1,412.9,456.5,497.7,535.6,567.6,592.2,611.3,615.9,610.3,590.1,564.6,531.9,492.3,449.1,404.4,359.3,336.5,320.0,315.4,319.8,328.7,326.8,316.1,311.2,312.4,325.0,362.7,393.6,424.3,455.5,471.2,477.1,481.7,476.2,469.8,367.1,355.3,355.1,368.6,374.4,374.5,366.6,351.9,351.2,361.4,369.6,370.6,523.3,513.8,509.1,513.1,509.0,513.2,520.3,538.4,546.1,547.7,546.3,539.4,523.9,524.0,525.1,523.2,522.1,524.0,525.6,524.3,-79.2,-77.8,-74.6,-70.3,-62.1,-48.7,-32.1,-14.0,4.3,21.4,36.5,50.1,61.1,67.5,70.2,71.7,71.7,-62.7,-52.9,-40.0,-26.9,-14.4,15.8,27.5,38.9,50.4,59.2,2.1,3.2,4.3,5.4,-9.7,-2.6,4.4,11.3,17.5,-45.7,-37.8,-27.7,-19.9,-28.1,-37.9,20.9,28.1,37.8,45.4,38.9,29.6,-23.2,-12.0,-2.2,4.5,11.5,20.8,29.7,21.4,12.4,4.9,-2.4,-12.3,-18.5,-2.3,4.6,11.7,25.5,11.6,4.4,-2.5,3.7,24.4,44.7,63.9,81.3,95.5,105.8,113.5,115.4,113.6,105.7,94.9,80.1,61.5,41.3,20.5,-0.3,-10.5,-17.8,-19.8,-17.8,-13.8,-14.7,-19.5,-21.7,-21.2,-15.7,1.2,14.8,28.3,41.9,49.3,51.9,53.8,51.5,48.7,3.2,-2.1,-2.2,3.9,6.4,6.5,3.0,-3.6,-3.9,0.6,4.3,4.7,73.2,68.5,66.2,68.0,66.2,68.4,72.0,79.6,82.8,83.4,82.8,79.9,73.4,73.0,73.4,72.6,72.7,72.9,73.6,73.0,1379.0,1383.7,1389.1,1391.8,1388.4,1380.0,1367.0,1354.7,1352.9,1361.4,1378.0,1391.1,1397.2,1395.7,1389.7,1382.7,1377.4,1343.3,1336.9,1333.0,1328.5,1324.6,1328.7,1331.9,1335.2,1338.2,1343.2,1327.3,1323.6,1319.6,1316.1,1330.3,1328.3,1327.2,1328.2,1329.5,1339.6,1336.3,1335.4,1336.5,1335.9,1337.0,1339.8,1338.9,1340.6,1344.8,1341.6,1340.2,1345.1,1335.8,1332.0,1331.6,1332.6,1339.1,1347.9,1339.5,1333.8,1332.4,1332.9,1337.0,1343.0,1334.1,1333.7,1334.9,1344.8,1334.0,1332.6,1333.3,2.229,0.19399999999999998,-0.057999999999999996,-0.025,643.846,452.39099999999996,-18.504,2.138,-24.781,-10.359000000000002,-1.074,12.127,1.245,9.35,5.343,-2.591,-2.342,-3.517,8.904,-0.281,0.035,1.021,3.2710000000000004,-3.201,-2.866,0.196,-0.865,-0.504,-0.7859999999999999,2.362,-0.581,1.3430000000000002,-2.073,0.439,-0.294,-1.177,0.6779999999999999,-0.5660000000000001,-0.11199999999999999,0.841,0.0,0.16,0.03,0.21,0.0,0.21,0.11,0.0,0.34,0.0,0.0,0.0,0.0,0.0,0.02,0.05,0.0,0.0,0.0,0.0,1.0,0.0,0.0,0.0,0.0,0.0,0.0,0.0,0.0,0.0,0.0,0.0,0.0,0.0,0.0
11,0.33399999999999996,0.98,0.064582,0.094461,-0.993432,-0.054197,0.16250699999999998,-0.985218,0.005,0.129,551.6,556.3,567.0,577.4,581.4,577.5,566.0,555.6,540.3,544.9,553.4,566.0,579.0,587.8,593.4,585.9,575.4,564.2,554.6,546.4,562.2,566.7,571.2,573.2,571.5,567.1,562.6,560.5,697.9,701.1,710.7,721.2,726.3,723.1,713.4,702.3,688.5,693.2,701.1,713.5,726.0,734.8,740.0,735.3,727.6,718.1,706.8,696.2,707.9,712.4,716.7,718.1,715.8,711.3,707.1,705.7,360.7,349.9,345.9,351.1,362.4,373.9,377.2,372.0,368.8,360.9,356.4,353.3,354.8,359.9,368.5,373.5,376.5,378.0,376.8,373.9,365.9,368.1,366.4,361.8,357.0,354.8,356.5,361.1,360.2,349.7,344.7,348.1,358.0,368.5,373.5,371.0,367.9,360.1,354.1,350.7,352.6,356.9,364.7,368.1,369.8,370.5,370.7,370.5,364.2,365.7,363.5,359.0,354.7,353.2,355.4,359.9,-33.6,-31.8,-27.7,-23.8,-22.3,-23.8,-28.2,-32.1,-38.1,-36.2,-32.9,-28.1,-23.1,-19.8,-17.7,-20.6,-24.6,-28.8,-32.5,-35.7,-29.6,-27.9,-26.2,-25.4,-26.1,-27.7,-29.5,-30.3,23.0,24.3,28.2,32.3,34.4,33.1,29.2,24.7,19.3,21.1,24.3,29.2,34.2,37.8,40.0,38.0,34.9,31.1,26.6,22.3,27.0,28.8,30.5,31.1,30.2,28.4,26.7,26.1,0.3,-3.8,-5.3,-3.4,0.9,5.3,6.5,4.6,3.4,0.4,-1.4,-2.6,-2.0,-0.0,3.2,5.1,6.3,6.8,6.4,5.3,2.2,3.1,2.4,0.7,-1.1,-2.0,-1.3,0.4,0.1,-4.1,-6.1,-4.7,-0.8,3.4,5.4,4.4,3.1,0.0,-2.4,-3.7,-3.0,-1.2,1.9,3.2,3.9,4.2,4.3,4.2,1.7,2.3,1.4,-0.4,-2.1,-2.7,-1.8,-0.0,1142.0,1141.3,1140.5,1140.0,1140.1,1141.1,1141.7,1142.2,1146.3,1143.1,1140.3,1138.3,1138.6,1139.9,1141.7,1140.9,1139.9,1140.4,1142.0,1144.2,1142.3,1142.1,1141.8,1141.5,1141.4,1141.6,1142.0,1142.3,1192.5,1193.2,1193.9,1194.2,1193.9,1193.2,1192.5,1192.4,1194.2,1192.9,1191.9,1191.9,1193.8,1196.6,1199.6,1196.8,1194.3,1192.5,1191.9,1192.9,1193.5,1193.7,1194.0,1194.3,1194.4,1194.3,1194.0,1193.7,1.7,41.9,1342.5,0.158,-0.052000000000000005,-0.025,467.2,471.0,478.8,488.6,506.1,534.8,569.8,609.3,649.7,687.3,719.9,748.5,771.5,785.4,791.7,795.7,796.3,499.7,521.2,550.0,579.2,607.4,675.4,701.7,727.2,752.8,772.3,644.7,647.1,649.5,651.9,617.8,633.7,649.5,665.3,679.3,537.4,555.1,577.7,595.0,576.8,554.6,686.9,702.9,724.7,741.3,727.1,706.4,587.7,612.5,634.6,649.7,665.4,686.3,706.2,687.5,667.3,650.3,633.8,611.9,598.2,634.3,649.8,665.9,696.9,665.5,649.4,633.8,368.1,413.2,457.0,498.5,536.8,568.8,593.3,612.3,616.7,611.1,590.8,565.3,532.7,493.2,450.1,405.3,360.0,337.9,321.2,316.6,321.0,329.8,327.9,316.9,312.0,312.9,325.6,363.9,394.6,425.2,456.4,472.2,478.2,482.8,477.3,470.9,368.5,356.6,356.4,370.1,376.0,376.1,367.7,352.8,352.0,362.4,370.7,371.8,524.5,514.9,510.2,514.2,510.1,514.2,521.4,539.4,547.1,548.6,547.2,540.3,525.1,525.3,526.3,524.3,523.3,525.1,526.7,525.4,-79.7,-78.2,-74.9,-70.4,-62.2,-48.5,-32.1,-13.9,4.4,21.5,36.8,50.4,61.4,67.8,70.4,71.9,71.9,-63.0,-53.1,-40.1,-27.0,-14.4,15.7,27.5,38.9,50.5,59.4,2.1,3.2,4.2,5.2,-9.9,-2.8,4.2,11.2,17.5,-45.9,-37.9,-27.8,-20.1,-28.2,-38.2,21.0,28.2,38.0,45.5,39.0,29.8,-23.5,-12.3,-2.4,4.3,11.3,20.7,29.8,21.3,12.2,4.6,-2.7,-12.6,-18.8,-2.5,4.4,11.5,25.6,11.4,4.2,-2.8,3.7,24.6,45.1,64.5,82.0,96.3,106.6,114.3,116.1,114.2,106.3,95.4,80.6,62.1,41.8,20.9,0.0,-9.9,-17.3,-19.3,-17.3,-13.4,-14.3,-19.2,-21.4,-21.1,-15.5,1.7,15.3,28.8,42.5,49.9,52.5,54.5,52.1,49.3,3.8,-1.5,-1.6,4.5,7.1,7.2,3.5,-3.2,-3.6,1.1,4.8,5.3,74.0,69.2,66.9,68.7,66.9,69.1,72.8,80.3,83.4,84.0,83.4,80.6,74.1,73.7,74.2,73.3,73.4,73.6,74.3,73.7,1382.8,1387.6,1393.0,1395.6,1392.2,1383.7,1371.0,1358.7,1356.7,1364.9,1381.1,1394.1,1399.9,1398.3,1392.3,1385.4,1380.2,1346.9,1340.7,1336.9,1332.7,1329.0,1333.1,1336.2,1339.1,1341.9,1346.7,1331.5,1328.1,1324.3,1321.1,1334.8,1332.9,1331.8,1332.7,1333.9,1343.4,1340.2,1339.3,1340.4,1339.8,1340.9,1343.7,1342.8,1344.4,1348.5,1345.5,1344.0,1349.5,1340.3,1336.5,1336.2,1337.1,1343.5,1352.1,1343.7,1337.9,1336.5,1337.0,1341.3,1347.3,1338.5,1338.1,1339.2,1349.1,1338.2,1336.8,1337.5,2.222,0.19399999999999998,-0.053,-0.025,643.681,453.398,-21.764,2.6839999999999997,-25.78,-11.796,-0.762,12.019,0.516,8.978,5.595,-2.6260000000000003,-3.013,-2.685,8.219,0.455,-0.42100000000000004,1.801,3.1639999999999997,-2.85,-2.5869999999999997,0.524,-1.214,-0.562,-0.642,2.345,-0.28600000000000003,1.703,-2.039,0.228,-0.135,-1.168,0.389,-0.536,-0.1,0.8440000000000001,0.0,0.15,0.01,0.08,0.0,0.09,0.1,0.0,0.32,0.0,0.0,0.0,0.0,0.0,0.01,0.08,0.0,0.0,0.0,0.0,1.0,0.0,0.0,0.0,0.0,0.0,0.0,0.0,0.0,0.0,0.0,0.0,0.0,0.0,0.0
12,0.36700000000000005,0.98,0.056326,0.10016,-0.993376,-0.051897000000000006,0.143643,-0.988268,0.002,0.122,551.3,555.9,566.5,577.0,581.1,577.3,565.9,555.4,540.2,544.7,553.2,565.9,578.8,587.6,593.2,585.8,575.3,564.1,554.5,546.2,562.0,566.4,570.9,572.9,571.1,566.7,562.2,560.3,697.6,700.9,710.7,721.5,726.8,723.6,713.7,702.2,688.2,692.9,701.0,713.8,726.4,735.1,740.1,735.3,727.6,718.3,706.8,696.1,707.9,712.6,716.9,718.3,715.9,711.3,707.0,705.6,361.7,350.9,346.9,352.0,363.2,374.7,377.9,372.9,369.3,361.6,357.2,354.3,355.7,360.8,369.3,374.1,377.1,378.6,377.4,374.3,366.6,368.8,367.1,362.6,357.8,355.7,357.4,361.9,360.8,349.8,344.5,348.0,358.2,369.2,374.5,371.9,368.8,360.6,354.6,351.6,353.6,357.9,365.7,369.0,370.8,371.7,371.7,371.3,364.8,366.3,364.0,359.2,354.8,353.2,355.5,360.3,-33.9,-32.1,-28.0,-24.0,-22.5,-23.9,-28.3,-32.3,-38.3,-36.4,-33.1,-28.2,-23.3,-20.0,-17.9,-20.7,-24.7,-29.0,-32.7,-35.9,-29.8,-28.1,-26.4,-25.6,-26.3,-28.0,-29.7,-30.5,22.4,23.7,27.6,31.8,33.8,32.6,28.7,24.2,18.8,20.6,23.7,28.7,33.7,37.2,39.2,37.2,34.2,30.5,26.0,21.8,26.5,28.3,30.0,30.5,29.6,27.8,26.1,25.6,0.6,-3.5,-5.0,-3.0,1.2,5.6,6.9,4.9,3.6,0.6,-1.1,-2.2,-1.6,0.3,3.5,5.4,6.5,7.1,6.6,5.5,2.5,3.4,2.7,1.0,-0.8,-1.7,-1.0,0.7,0.3,-4.0,-6.0,-4.7,-0.7,3.6,5.6,4.6,3.4,0.2,-2.1,-3.3,-2.5,-0.8,2.2,3.5,4.2,4.5,4.6,4.4,1.9,2.5,1.6,-0.3,-2.0,-2.6,-1.7,0.1,1145.7,1144.9,1143.9,1143.5,1143.8,1144.9,1145.6,1146.0,1150.1,1146.9,1144.0,1142.1,1142.3,1143.7,1145.6,1144.8,1143.9,1144.3,1146.0,1148.1,1146.1,1145.9,1145.5,1145.1,1145.0,1145.2,1145.6,1145.9,1167.9,1168.5,1169.3,1169.7,1169.6,1169.0,1168.3,1168.0,1169.3,1168.0,1167.0,1167.1,1169.1,1172.0,1174.9,1172.3,1169.8,1167.9,1167.3,1168.2,1169.1,1169.3,1169.7,1169.9,1170.0,1169.8,1169.4,1169.2,1.6,42.2,1339.8,0.158,-0.05,-0.026000000000000002,467.2,471.2,479.0,488.8,506.1,534.5,569.4,608.8,649.5,687.5,720.4,749.2,772.1,785.7,792.0,796.0,796.5,499.3,520.7,549.6,578.9,607.2,675.3,701.8,727.4,753.1,772.5,644.6,647.0,649.3,651.6,617.6,633.5,649.4,665.2,679.2,537.2,555.0,577.5,595.0,576.7,554.5,686.9,702.9,724.8,741.4,727.1,706.4,587.6,612.4,634.5,649.6,665.2,686.1,706.1,687.4,667.2,650.2,633.8,611.8,598.0,634.3,649.7,665.7,696.8,665.4,649.3,633.8,368.9,414.0,458.0,499.5,537.7,569.7,594.1,613.2,617.7,612.0,591.6,565.8,533.0,493.4,450.5,405.9,360.8,338.9,322.1,317.4,321.8,330.8,328.9,318.0,313.0,314.0,326.7,364.8,395.5,426.2,457.5,473.2,479.2,483.8,478.3,471.8,369.2,357.3,357.2,370.9,376.7,376.8,368.6,353.8,352.9,363.3,371.6,372.7,525.5,515.9,511.3,515.3,511.1,515.3,522.4,540.5,548.2,549.8,548.4,541.5,526.1,526.3,527.4,525.4,524.3,526.1,527.8,526.5,-79.5,-78.0,-74.6,-70.2,-62.1,-48.6,-32.2,-14.1,4.3,21.6,36.9,50.6,61.5,67.8,70.4,71.9,71.9,-63.1,-53.2,-40.2,-27.1,-14.5,15.7,27.5,38.9,50.5,59.4,2.1,3.1,4.1,5.1,-9.9,-2.9,4.2,11.2,17.4,-45.9,-37.9,-27.8,-20.1,-28.2,-38.2,20.9,28.1,37.9,45.5,39.0,29.7,-23.5,-12.3,-2.4,4.3,11.2,20.6,29.7,21.2,12.1,4.6,-2.7,-12.6,-18.8,-2.5,4.3,11.5,25.5,11.3,4.1,-2.7,4.1,25.0,45.4,64.8,82.3,96.6,106.8,114.5,116.3,114.5,106.4,95.5,80.6,62.1,41.9,21.2,0.4,-9.5,-16.9,-18.9,-16.9,-12.9,-13.8,-18.7,-20.9,-20.5,-14.9,2.1,15.7,29.2,42.8,50.3,52.8,54.8,52.4,49.6,4.1,-1.2,-1.3,4.9,7.5,7.5,3.8,-2.8,-3.2,1.5,5.2,5.7,74.3,69.5,67.3,69.0,67.2,69.4,73.1,80.7,83.8,84.4,83.8,81.0,74.4,74.0,74.5,73.7,73.7,73.9,74.6,74.1,1380.7,1385.5,1390.8,1393.4,1390.0,1381.6,1368.9,1356.5,1354.2,1362.4,1378.7,1391.6,1397.4,1395.7,1389.7,1382.8,1377.8,1344.9,1338.5,1334.5,1330.1,1326.3,1330.4,1333.5,1336.5,1339.4,1344.4,1328.8,1325.3,1321.5,1318.1,1332.1,1330.1,1329.0,1329.9,1331.1,1341.1,1337.8,1336.9,1337.9,1337.4,1338.5,1341.2,1340.2,1341.9,1346.0,1342.9,1341.5,1346.9,1337.6,1333.7,1333.4,1334.3,1340.7,1349.4,1340.9,1335.1,1333.7,1334.3,1338.6,1344.8,1335.8,1335.3,1336.4,1346.4,1335.4,1334.0,1334.8,2.226,0.195,-0.051,-0.026000000000000002,643.638,454.316,-20.261,2.9760000000000004,-25.479,-11.258,-0.972,11.604000000000001,0.039,8.631,5.6579999999999995,-2.444,-2.825,-2.6639999999999997,8.301,0.39399999999999996,-0.19399999999999998,1.629,3.425,-2.951,-2.597,0.5870000000000001,-0.9179999999999999,-0.547,-0.662,2.396,-0.267,1.815,-2.119,0.29100000000000004,-0.098,-1.093,0.423,-0.5920000000000001,-0.102,0.8540000000000001,0.0,0.1,0.01,0.01,0.0,0.1,0.13,0.0,0.25,0.0,0.0,0.0,0.0,0.0,0.03,0.1,0.0,0.0,0.0,0.0,1.0,0.0,0.0,0.0,0.0,0.0,0.0,0.0,0.0,0.0,0.0,0.0,0.0,0.0,0.0
13,0.4,0.98,0.055422000000000006,0.10916700000000001,-0.992477,-0.050109,0.150394,-0.987355,0.003,0.13,551.2,555.9,566.5,576.8,580.8,576.9,565.4,555.1,540.3,544.7,553.1,565.5,578.5,587.5,593.4,585.8,574.9,563.5,553.8,545.8,561.9,566.2,570.7,572.7,571.0,566.7,562.2,560.2,697.6,700.9,710.7,721.5,726.7,723.5,713.6,702.1,688.1,692.9,701.2,713.8,726.4,735.2,740.2,735.2,727.4,717.9,706.5,695.8,707.8,712.5,716.8,718.2,715.9,711.3,707.0,705.6,362.6,351.7,347.6,352.5,363.8,375.5,378.8,373.9,370.8,362.7,357.8,354.7,356.6,362.0,370.3,374.5,376.6,377.8,377.1,375.0,367.8,369.9,368.2,363.6,358.8,356.7,358.5,363.1,361.6,350.6,345.4,348.9,359.1,370.0,375.2,372.6,369.8,361.4,355.3,352.2,354.2,358.6,366.4,369.7,371.4,372.2,372.3,372.0,365.5,367.1,364.8,360.0,355.6,354.1,356.4,361.1,-33.9,-32.0,-28.0,-24.0,-22.5,-24.0,-28.4,-32.3,-38.2,-36.4,-33.1,-28.3,-23.4,-20.0,-17.7,-20.6,-24.7,-29.1,-32.8,-36.0,-29.8,-28.1,-26.4,-25.6,-26.3,-27.9,-29.6,-30.4,22.5,23.8,27.6,31.8,33.9,32.6,28.7,24.2,18.8,20.6,23.8,28.8,33.7,37.3,39.3,37.3,34.2,30.4,25.9,21.8,26.5,28.3,30.0,30.6,29.7,27.8,26.2,25.6,1.0,-3.2,-4.7,-2.8,1.4,5.9,7.2,5.3,4.1,1.0,-0.8,-2.0,-1.3,0.7,3.9,5.5,6.3,6.8,6.5,5.7,3.0,3.8,3.1,1.4,-0.4,-1.3,-0.6,1.2,0.6,-3.7,-5.7,-4.3,-0.4,3.9,5.9,4.9,3.8,0.6,-1.8,-3.1,-2.3,-0.5,2.5,3.8,4.4,4.7,4.8,4.7,2.2,2.8,1.9,0.0,-1.7,-2.3,-1.4,0.4,1143.6,1143.2,1142.3,1141.4,1140.9,1141.5,1142.2,1143.1,1148.1,1145.2,1142.4,1140.3,1140.1,1141.1,1142.4,1141.5,1140.6,1141.2,1143.1,1145.6,1143.4,1143.0,1142.6,1142.5,1142.7,1143.1,1143.4,1143.6,1170.4,1171.0,1171.7,1172.1,1172.0,1171.4,1170.7,1170.5,1171.9,1170.7,1169.6,1169.7,1171.6,1174.5,1177.4,1174.8,1172.3,1170.4,1169.9,1170.8,1171.6,1171.8,1172.1,1172.3,1172.4,1172.2,1171.9,1171.6,1.5,42.6,1336.9,0.16,-0.049,-0.025,467.1,470.8,478.5,488.3,505.8,534.3,569.2,608.4,648.8,686.6,719.4,748.3,771.7,785.7,792.2,796.2,796.7,499.7,521.4,550.2,579.4,607.6,675.0,701.5,727.0,752.7,772.3,644.4,646.8,649.1,651.5,617.6,633.4,649.2,664.9,678.8,537.0,554.8,577.3,594.8,576.5,554.3,686.7,702.9,724.7,741.4,727.0,706.3,587.4,612.2,634.3,649.3,665.0,685.9,705.8,687.2,667.0,649.9,633.5,611.5,597.9,634.0,649.4,665.5,696.5,665.1,649.0,633.5,369.4,414.6,458.7,500.3,538.7,570.8,595.3,614.6,619.3,613.8,593.5,567.7,534.7,494.7,451.4,406.4,361.0,339.3,323.0,318.6,322.9,331.7,329.6,318.9,314.1,315.2,327.8,365.3,396.1,426.8,458.1,474.1,480.0,484.5,479.2,472.8,369.8,358.0,357.8,371.4,377.2,377.3,369.2,354.4,353.7,364.0,372.3,373.3,526.5,516.9,512.3,516.3,512.2,516.4,523.6,541.7,549.4,551.0,549.5,542.5,527.2,527.2,528.4,526.4,525.5,527.3,528.9,527.5,-79.4,-78.0,-74.7,-70.3,-62.1,-48.6,-32.2,-14.3,3.9,21.1,36.4,50.2,61.2,67.7,70.4,71.9,71.8,-62.8,-52.8,-39.8,-26.8,-14.3,15.5,27.3,38.7,50.2,59.2,1.9,3.0,4.0,5.0,-9.9,-2.9,4.1,11.0,17.2,-45.9,-37.9,-27.9,-20.1,-28.3,-38.1,20.8,28.0,37.8,45.4,38.8,29.6,-23.6,-12.4,-2.5,4.1,11.1,20.5,29.5,21.0,12.0,4.4,-2.9,-12.7,-18.8,-2.7,4.2,11.3,25.3,11.2,4.0,-2.9,4.3,25.2,45.7,65.0,82.6,96.9,107.2,114.9,116.8,115.1,107.1,96.2,81.2,62.6,42.3,21.4,0.5,-9.2,-16.5,-18.4,-16.4,-12.5,-13.4,-18.2,-20.4,-20.0,-14.4,2.3,15.9,29.4,43.0,50.5,53.1,55.0,52.7,49.9,4.4,-0.9,-1.0,5.1,7.7,7.7,4.1,-2.5,-2.8,1.8,5.5,5.9,74.6,69.8,67.5,69.3,67.5,69.8,73.4,81.0,84.1,84.7,84.1,81.3,74.8,74.3,74.8,74.0,74.1,74.3,74.9,74.4,1377.7,1382.4,1387.9,1390.6,1387.2,1378.8,1366.0,1353.8,1351.8,1360.1,1376.4,1389.2,1394.9,1393.3,1387.3,1380.3,1375.1,1342.0,1335.6,1331.8,1327.3,1323.4,1327.4,1330.4,1333.5,1336.2,1341.0,1325.8,1322.2,1318.3,1314.9,1329.1,1327.0,1325.8,1326.8,1328.0,1338.3,1334.9,1334.0,1335.0,1334.5,1335.6,1338.1,1337.1,1338.6,1342.7,1339.7,1338.3,1344.1,1334.8,1330.9,1330.5,1331.4,1337.8,1346.3,1338.1,1332.5,1331.1,1331.7,1335.9,1341.9,1333.0,1332.5,1333.6,1343.4,1332.6,1331.3,1332.1,2.231,0.19699999999999998,-0.051,-0.024,643.448,455.26099999999997,-19.975,2.221,-24.98,-10.548,-1.275,11.998,1.253,8.221,5.66,-3.005,-2.375,-2.864,8.513,-0.067,-0.747,1.327,3.17,-2.906,-2.6639999999999997,0.146,-0.7909999999999999,-0.33899999999999997,-0.596,2.719,-0.41700000000000004,1.449,-2.109,0.45,-0.107,-1.135,0.622,-0.5539999999999999,-0.015,0.823,0.0,0.07,0.06,0.0,0.0,0.18,0.17,0.0,0.23,0.0,0.0,0.0,0.07,0.0,0.02,0.09,0.0,0.0,0.0,0.0,1.0,0.0,0.0,0.0,0.0,0.0,0.0,0.0,0.0,0.0,0.0,0.0,0.0,0.0,0.0
14,0.434,0.98,0.055538,0.11060899999999999,-0.992311,-0.055429,0.14713199999999999,-0.987563,0.0,0.129,550.9,555.6,566.3,576.7,580.7,576.8,565.3,554.9,539.8,544.5,553.0,565.3,578.2,587.3,593.2,585.7,575.0,563.5,553.7,545.5,561.6,566.0,570.6,572.6,570.9,566.5,561.9,559.9,697.3,700.4,710.1,720.9,726.4,723.3,713.5,702.0,687.9,692.8,701.0,713.5,725.8,734.5,739.7,734.9,727.3,717.9,706.6,695.8,707.5,712.3,716.6,718.0,715.5,710.8,706.4,705.1,363.5,352.6,348.3,353.2,364.3,376.1,379.6,374.7,371.7,363.7,358.8,355.6,357.4,362.7,370.9,374.8,376.7,377.8,377.4,375.6,368.7,370.8,368.9,364.3,359.5,357.4,359.2,363.9,362.4,351.6,346.4,349.9,359.9,370.7,375.9,373.4,370.7,362.4,356.2,352.9,355.0,359.7,367.7,370.9,372.4,373.1,373.2,373.1,366.6,368.2,365.9,361.1,356.6,355.1,357.4,362.2,-34.1,-32.3,-28.2,-24.2,-22.7,-24.1,-28.6,-32.6,-38.5,-36.6,-33.3,-28.5,-23.6,-20.2,-17.9,-20.8,-24.8,-29.2,-33.0,-36.3,-30.0,-28.3,-26.6,-25.8,-26.5,-28.2,-29.9,-30.7,22.3,23.5,27.3,31.5,33.6,32.4,28.6,24.1,18.6,20.5,23.7,28.6,33.4,36.9,39.0,37.1,34.0,30.3,25.9,21.7,26.3,28.1,29.8,30.4,29.4,27.6,25.9,25.3,1.3,-2.8,-4.5,-2.6,1.7,6.2,7.5,5.6,4.5,1.4,-0.5,-1.7,-1.0,1.0,4.2,5.6,6.4,6.8,6.7,6.0,3.3,4.1,3.4,1.6,-0.2,-1.0,-0.3,1.5,0.9,-3.3,-5.3,-4.0,-0.0,4.2,6.2,5.2,4.2,0.9,-1.5,-2.8,-1.9,-0.1,3.0,4.3,4.8,5.1,5.1,5.1,2.6,3.2,2.3,0.4,-1.3,-1.9,-1.0,0.8,1148.9,1148.7,1147.9,1147.0,1146.5,1146.8,1147.4,1148.3,1153.3,1150.5,1147.8,1145.8,1145.8,1146.8,1148.0,1147.0,1146.0,1146.4,1148.3,1150.8,1148.8,1148.4,1148.0,1148.0,1148.2,1148.6,1148.9,1149.0,1166.7,1167.8,1168.8,1169.2,1168.7,1167.7,1166.7,1166.4,1167.8,1166.9,1166.1,1166.4,1168.5,1171.2,1174.0,1171.1,1168.4,1166.5,1165.8,1166.6,1167.9,1168.0,1168.5,1168.9,1169.1,1169.0,1168.5,1168.1,1.5,43.0,1336.2,0.16,-0.048,-0.024,467.1,470.8,478.5,488.3,505.7,534.2,569.1,608.2,648.5,686.3,719.0,747.9,771.5,785.7,792.3,796.4,797.0,499.6,521.4,550.4,579.7,607.9,674.3,700.9,726.8,752.7,772.4,644.1,646.5,648.9,651.2,617.2,633.1,648.9,664.6,678.7,536.8,554.6,577.0,594.6,576.3,554.2,686.5,702.7,724.4,741.2,726.7,706.1,587.4,611.9,634.0,649.1,664.9,685.8,705.5,687.1,666.9,649.7,633.2,611.3,597.9,633.6,649.2,665.3,696.2,665.0,648.8,633.2,369.8,415.1,459.4,501.1,539.5,571.7,596.3,615.6,620.3,614.9,594.8,569.1,536.1,495.9,452.4,407.3,361.7,340.5,324.2,319.8,324.1,332.8,330.9,320.4,315.6,317.0,329.7,366.2,397.0,427.8,459.1,474.9,480.8,485.4,480.0,473.7,370.5,358.7,358.5,372.1,377.8,377.9,370.1,355.4,354.8,365.0,373.2,374.1,527.6,517.8,512.9,517.0,512.9,517.3,524.9,542.9,550.6,552.1,550.6,543.6,528.2,528.0,529.1,527.2,526.7,528.2,529.8,528.3,-79.4,-78.0,-74.7,-70.3,-62.1,-48.6,-32.2,-14.3,3.8,21.0,36.2,50.0,61.1,67.7,70.4,71.9,71.9,-62.8,-52.8,-39.7,-26.7,-14.1,15.2,27.0,38.5,50.2,59.2,1.8,2.9,3.9,4.9,-10.1,-3.1,3.9,10.9,17.1,-46.0,-38.0,-28.0,-20.2,-28.3,-38.2,20.7,27.9,37.7,45.2,38.7,29.5,-23.6,-12.5,-2.7,4.0,11.1,20.4,29.4,21.0,11.9,4.3,-3.0,-12.8,-18.8,-2.8,4.1,11.3,25.2,11.1,3.9,-3.0,4.5,25.4,46.0,65.4,83.0,97.2,107.6,115.3,117.2,115.5,107.7,96.8,81.8,63.1,42.7,21.7,0.8,-8.7,-16.0,-17.8,-15.9,-12.0,-12.9,-17.6,-19.7,-19.2,-13.5,2.7,16.3,29.8,43.4,50.9,53.4,55.4,53.0,50.3,4.7,-0.6,-0.7,5.4,7.9,8.0,4.5,-2.0,-2.3,2.2,5.9,6.3,75.1,70.1,67.8,69.6,67.8,70.1,73.9,81.5,84.6,85.2,84.6,81.7,75.2,74.6,75.1,74.3,74.6,74.7,75.3,74.7,1377.2,1382.0,1387.6,1390.3,1386.8,1378.3,1365.4,1353.1,1351.3,1359.7,1376.0,1388.8,1394.6,1393.1,1387.0,1379.8,1374.4,1341.6,1335.1,1331.3,1326.8,1322.9,1326.8,1329.8,1332.8,1335.6,1340.5,1325.2,1321.6,1317.7,1314.3,1328.4,1326.4,1325.1,1326.1,1327.3,1337.7,1334.4,1333.4,1334.4,1333.9,1335.1,1337.4,1336.4,1337.9,1341.9,1339.0,1337.6,1343.4,1334.0,1330.2,1329.7,1330.6,1337.0,1345.4,1337.4,1332.0,1330.6,1331.2,1335.4,1341.1,1332.3,1331.8,1332.9,1342.6,1332.0,1330.7,1331.5,2.2319999999999998,0.19699999999999998,-0.05,-0.023,643.279,456.24300000000005,-19.247,2.097,-24.761,-10.333,-1.729,11.987,1.9669999999999999,8.142999999999999,6.044,-3.472,-2.145,-3.3510000000000004,8.9,0.255,-0.988,1.484,3.125,-3.195,-2.4459999999999997,-0.048,-0.748,-0.19,-0.574,2.74,-0.638,1.4369999999999998,-2.127,0.5429999999999999,-0.191,-1.252,0.725,-0.511,-0.011000000000000001,0.855,0.0,0.08,0.18,0.0,0.0,0.27,0.13,0.0,0.2,0.0,0.0,0.0,0.07,0.0,0.1,0.06,0.0,0.0,0.0,0.0,1.0,0.0,0.0,0.0,0.0,0.0,0.0,0.0,0.0,0.0,0.0,0.0,0.0,0.0,0.0
15,0.467,0.98,0.056382,0.117244,-0.9915010000000001,-0.045663,0.146405,-0.9881700000000001,0.005,0.132,550.6,555.0,565.6,576.0,580.2,576.6,565.2,554.8,539.3,543.9,552.4,564.9,577.7,586.6,592.2,585.1,574.7,563.3,553.4,545.1,561.2,565.6,570.1,572.0,570.2,565.8,561.3,559.4,696.9,700.3,710.4,721.2,726.4,723.0,712.9,701.3,687.5,692.4,700.7,713.3,725.7,734.5,739.5,734.3,726.3,716.7,705.5,695.1,707.3,711.9,716.3,717.8,715.5,710.8,706.5,705.0,364.5,353.7,349.5,354.2,365.2,376.7,380.2,375.5,372.5,364.7,359.9,356.7,358.3,363.3,371.3,375.3,377.5,378.8,378.3,376.4,369.3,371.3,369.6,365.0,360.4,358.4,360.1,364.7,363.0,351.9,346.5,350.1,360.5,371.6,377.0,374.2,371.2,362.6,356.5,353.7,355.8,360.0,367.6,371.4,373.6,374.6,374.5,373.8,366.9,368.5,366.2,361.4,356.9,355.3,357.6,362.4,-34.7,-33.0,-28.9,-24.8,-23.2,-24.6,-29.0,-33.1,-39.3,-37.4,-34.0,-29.1,-24.1,-20.7,-18.6,-21.3,-25.3,-29.8,-33.6,-37.0,-30.6,-28.9,-27.2,-26.4,-27.1,-28.8,-30.6,-31.3,22.1,23.5,27.4,31.7,33.7,32.3,28.4,23.9,18.5,20.4,23.6,28.5,33.4,36.9,39.0,36.9,33.7,29.9,25.5,21.5,26.2,28.0,29.8,30.3,29.5,27.6,25.9,25.3,1.8,-2.4,-4.1,-2.2,2.0,6.5,7.8,6.0,4.9,1.8,-0.0,-1.3,-0.7,1.3,4.4,5.9,6.8,7.3,7.1,6.4,3.6,4.4,3.7,1.9,0.1,-0.6,0.1,1.8,1.2,-3.2,-5.2,-3.8,0.2,4.5,6.6,5.5,4.4,1.0,-1.4,-2.4,-1.6,0.0,3.0,4.5,5.3,5.7,5.7,5.4,2.7,3.3,2.4,0.5,-1.2,-1.8,-0.9,0.9,1165.4,1165.1,1164.4,1163.8,1163.7,1164.3,1164.7,1165.3,1170.0,1167.1,1164.4,1162.6,1162.9,1164.1,1165.7,1164.6,1163.5,1163.8,1165.5,1167.8,1165.7,1165.4,1165.1,1165.0,1165.0,1165.3,1165.6,1165.7,1168.3,1168.7,1169.2,1169.7,1169.8,1169.5,1168.9,1168.6,1169.9,1168.5,1167.3,1167.2,1169.1,1171.9,1174.8,1172.4,1170.0,1168.3,1167.9,1168.9,1169.6,1169.8,1170.0,1170.2,1170.1,1169.9,1169.7,1169.6,1.3,43.4,1332.5,0.162,-0.045,-0.024,466.6,470.4,478.2,488.0,505.3,533.6,568.3,607.5,648.3,686.6,719.7,748.6,771.9,785.8,792.2,796.3,796.9,499.2,521.0,550.0,579.4,607.7,673.5,700.4,726.3,752.3,771.9,643.7,646.1,648.4,650.8,616.9,632.7,648.4,664.2,678.1,536.4,554.1,576.5,594.1,575.8,553.7,686.0,702.3,724.0,740.7,726.2,705.6,587.0,611.2,633.2,648.5,664.5,685.7,705.2,686.9,666.5,649.1,632.3,610.5,597.6,632.9,648.6,665.0,695.8,664.7,648.2,632.4,370.6,415.7,459.8,501.4,540.0,572.6,598.0,618.0,623.0,617.3,596.4,569.9,536.4,496.2,452.9,408.0,362.7,341.7,325.3,320.8,325.0,333.7,331.8,321.2,316.5,317.9,330.6,366.9,397.7,428.4,459.7,475.8,481.7,486.3,481.0,474.7,371.4,359.6,359.4,372.8,378.5,378.7,370.6,356.2,355.6,365.8,373.9,374.7,529.4,519.1,514.1,518.3,514.1,518.8,526.9,545.4,553.5,555.1,553.5,546.1,530.0,529.6,530.7,528.9,528.6,530.5,532.2,530.7,-79.4,-77.9,-74.7,-70.3,-62.1,-48.8,-32.5,-14.6,3.7,21.1,36.4,50.1,61.1,67.5,70.1,71.7,71.6,-62.8,-52.8,-39.8,-26.7,-14.2,14.8,26.7,38.2,49.9,58.8,1.6,2.7,3.7,4.7,-10.2,-3.2,3.7,10.6,16.8,-46.1,-38.1,-28.2,-20.4,-28.5,-38.3,20.5,27.7,37.3,44.9,38.3,29.1,-23.6,-12.8,-3.0,3.8,10.9,20.3,29.1,20.8,11.7,4.0,-3.4,-13.1,-18.9,-3.1,3.8,11.1,24.9,10.9,3.6,-3.4,4.9,25.6,46.0,65.4,83.0,97.4,108.1,116.1,118.2,116.3,108.1,96.9,81.7,63.0,42.8,22.0,1.2,-8.2,-15.4,-17.3,-15.4,-11.6,-12.4,-17.2,-19.3,-18.7,-13.1,3.0,16.5,29.9,43.5,51.1,53.7,55.6,53.3,50.6,5.1,-0.2,-0.3,5.7,8.2,8.3,4.7,-1.7,-2.0,2.6,6.2,6.5,75.7,70.5,68.1,69.9,68.2,70.6,74.6,82.4,85.7,86.3,85.6,82.6,75.8,75.1,75.6,74.8,75.2,75.5,76.2,75.5,1373.4,1378.3,1384.0,1386.8,1383.3,1374.8,1362.1,1349.9,1348.0,1356.3,1372.3,1384.7,1390.2,1388.6,1382.4,1375.4,1370.1,1337.8,1331.2,1327.4,1322.9,1319.1,1323.2,1326.1,1329.1,1331.8,1336.6,1321.3,1317.7,1313.9,1310.5,1324.8,1322.7,1321.5,1322.4,1323.5,1333.9,1330.6,1329.6,1330.6,1330.1,1331.3,1333.7,1332.6,1334.0,1338.0,1335.1,1333.9,1339.5,1330.0,1326.1,1325.7,1326.6,1332.8,1341.2,1333.8,1328.7,1327.3,1327.9,1331.8,1337.3,1328.5,1328.0,1329.0,1338.5,1328.4,1327.1,1327.9,2.238,0.2,-0.046,-0.024,642.878,457.474,-20.305999999999997,2.946,-24.585,-9.299,-2.6510000000000002,10.227,2.186,7.858,6.91,-3.073,-1.9380000000000002,-3.465,8.777000000000001,0.684,-0.833,1.2990000000000002,3.0269999999999997,-2.7510000000000003,-2.209,-0.542,-0.8740000000000001,-0.254,-0.317,2.8489999999999998,-0.787,1.4680000000000002,-2.209,0.386,-0.188,-1.173,0.49,-0.523,-0.013000000000000001,0.8909999999999999,0.0,0.09,0.27,0.0,0.0,0.24,0.18,0.04,0.17,0.0,0.0,0.0,0.07,0.0,0.48,0.31,0.01,0.0,0.0,1.0,1.0,0.0,0.0,0.0,0.0,0.0,0.0,0.0,0.0,0.0,0.0,0.0,0.0,0.0,0.0
16,0.501,0.98,0.045127,0.119901,-0.9917600000000001,-0.038002,0.15226199999999998,-0.987609,0.004,0.13699999999999998,549.9,554.2,564.6,575.2,579.6,576.1,564.9,554.3,538.7,543.6,552.3,565.0,577.6,585.9,591.2,584.2,574.6,563.7,554.0,545.4,560.5,565.0,569.4,571.2,569.3,564.9,560.4,558.6,697.2,700.6,710.3,720.7,725.7,722.3,712.6,701.5,687.7,692.2,700.2,712.6,725.2,734.0,739.0,733.8,725.8,716.3,705.3,695.1,707.4,711.7,715.8,717.2,715.1,710.8,706.7,705.3,365.5,354.9,350.7,355.3,366.0,377.2,380.8,376.2,372.3,365.2,361.2,358.1,358.9,363.3,371.5,376.3,379.8,381.6,380.3,377.2,369.7,371.7,369.9,365.4,360.9,358.9,360.7,365.2,363.5,352.8,347.7,351.1,361.2,371.9,377.0,374.3,371.8,363.7,358.0,355.1,356.9,360.6,367.7,371.5,373.8,375.0,375.0,374.3,367.0,368.4,366.3,361.8,357.7,356.3,358.4,362.8,-35.2,-33.5,-29.4,-25.3,-23.5,-24.9,-29.4,-33.5,-39.7,-37.6,-34.2,-29.2,-24.3,-21.1,-19.1,-21.8,-25.5,-29.8,-33.6,-37.0,-31.1,-29.3,-27.6,-26.8,-27.6,-29.3,-31.1,-31.8,22.9,24.2,28.1,32.3,34.3,32.9,29.0,24.6,19.1,20.9,24.0,29.0,34.0,37.7,39.8,37.6,34.4,30.5,26.1,22.0,27.0,28.7,30.3,30.9,30.1,28.3,26.7,26.1,2.1,-2.0,-3.6,-1.8,2.3,6.7,8.1,6.3,4.8,2.0,0.5,-0.7,-0.4,1.3,4.5,6.4,7.7,8.4,7.9,6.7,3.8,4.6,3.9,2.1,0.3,-0.4,0.3,2.0,1.4,-2.9,-4.9,-3.5,0.5,4.7,6.8,5.7,4.7,1.5,-0.8,-2.0,-1.3,0.2,3.1,4.6,5.5,6.0,6.0,5.7,2.8,3.4,2.5,0.7,-0.9,-1.5,-0.6,1.1,1170.9,1169.7,1168.9,1169.0,1169.9,1171.5,1171.9,1171.8,1174.6,1171.4,1168.7,1167.1,1167.8,1169.7,1172.2,1171.3,1170.2,1170.2,1171.5,1173.2,1171.8,1171.9,1171.5,1171.0,1170.6,1170.5,1170.9,1171.4,1199.0,1199.1,1199.4,1199.9,1200.2,1200.2,1199.8,1199.6,1201.1,1199.3,1197.8,1197.4,1199.3,1202.3,1205.4,1203.1,1200.9,1199.2,1198.9,1200.0,1200.3,1200.5,1200.6,1200.6,1200.5,1200.3,1200.2,1200.2,1.0,44.0,1327.4,0.175,-0.046,-0.022000000000000002,465.8,470.0,478.2,488.3,505.2,532.7,566.7,605.7,646.7,685.4,718.5,747.6,770.8,785.0,792.0,796.4,797.2,499.2,520.8,549.9,579.5,607.5,673.3,700.0,725.8,751.5,770.9,643.6,645.9,648.1,650.4,616.4,632.1,647.9,663.8,677.7,536.2,553.9,576.2,593.5,575.3,553.5,686.0,702.0,723.5,739.9,725.7,705.2,588.3,610.3,632.2,647.6,663.8,684.5,702.3,685.6,665.5,647.8,630.7,609.3,598.8,631.7,647.6,664.0,693.0,663.9,647.1,631.0,371.1,416.6,460.5,502.0,541.3,575.1,602.1,623.5,629.2,623.1,601.2,573.2,538.3,497.3,453.5,408.0,362.1,342.7,325.5,320.9,325.0,333.7,331.6,321.2,316.6,318.0,330.7,367.7,398.2,428.5,459.4,475.0,481.2,485.9,480.6,474.3,372.5,360.7,360.5,373.7,379.3,379.4,371.2,357.0,356.4,366.4,374.4,375.3,532.6,518.9,513.0,517.2,513.2,518.9,530.3,551.4,560.6,562.2,560.4,551.8,532.7,528.0,529.2,527.6,531.7,538.2,540.0,538.4,-79.3,-77.7,-74.3,-69.8,-61.9,-49.0,-33.2,-15.4,3.0,20.5,35.8,49.4,60.3,66.8,69.7,71.4,71.5,-62.5,-52.6,-39.7,-26.6,-14.2,14.6,26.4,37.9,49.3,58.1,1.6,2.6,3.6,4.5,-10.4,-3.5,3.5,10.4,16.5,-45.9,-38.0,-28.2,-20.5,-28.5,-38.2,20.4,27.4,37.0,44.4,38.0,28.9,-23.0,-13.1,-3.5,3.4,10.5,19.7,27.7,20.2,11.3,3.4,-4.1,-13.6,-18.3,-3.6,3.3,10.6,23.5,10.6,3.1,-4.0,5.1,25.9,46.1,65.3,83.2,98.2,109.6,118.3,120.7,118.6,109.9,97.9,82.2,63.2,42.9,21.9,1.0,-7.7,-15.2,-17.2,-15.4,-11.5,-12.5,-17.1,-19.1,-18.6,-13.0,3.4,16.7,29.9,43.3,50.6,53.2,55.3,53.0,50.2,5.5,0.3,0.2,6.1,8.5,8.6,5.0,-1.3,-1.6,2.8,6.4,6.8,76.8,70.2,67.4,69.2,67.5,70.3,75.8,84.8,88.6,89.3,88.5,84.9,76.7,74.1,74.6,73.9,76.3,78.7,79.5,78.8,1365.9,1371.0,1376.8,1379.8,1376.8,1369.5,1358.2,1346.7,1344.6,1352.1,1366.7,1378.0,1382.9,1381.1,1375.2,1368.7,1363.7,1330.8,1324.6,1320.7,1316.5,1313.0,1317.5,1320.2,1323.0,1325.8,1330.6,1315.4,1312.2,1308.9,1306.0,1319.6,1317.6,1316.4,1317.0,1317.9,1327.4,1324.2,1323.3,1324.2,1324.0,1325.1,1327.6,1326.5,1327.9,1332.0,1329.1,1327.8,1334.1,1324.7,1321.0,1320.4,1321.4,1327.6,1335.6,1329.9,1325.7,1324.6,1325.1,1328.0,1332.1,1323.2,1322.5,1323.6,1333.3,1325.4,1324.3,1325.1,2.248,0.213,-0.047,-0.022000000000000002,642.241,459.09,-29.119,2.701,-21.410999999999998,-6.263999999999999,-2.438,4.303,5.818,6.393,8.368,-3.865,-1.9369999999999998,-3.112,8.684,1.742,0.287,0.301,3.6010000000000004,-2.696,-3.677,0.244,-1.526,1.208,-0.207,1.605,-0.725,1.8730000000000002,-1.187,0.7140000000000001,0.055999999999999994,-0.9590000000000001,0.311,-0.499,-0.064,0.7859999999999999,0.0,0.11,0.38,0.0,0.0,0.16,0.16,0.16,0.12,0.0,0.0,0.0,0.0,0.0,1.26,0.91,0.06,0.0,0.0,1.0,1.0,0.0,0.0,0.0,0.0,0.0,0.0,0.0,0.0,0.0,0.0,1.0,1.0,0.0,0.0
17,0.534,0.98,0.078314,0.158898,-0.9841840000000001,-0.059177999999999994,0.15642,-0.985916,0.01,0.159,549.8,554.2,565.1,575.9,580.4,576.9,565.1,554.3,538.1,543.5,551.9,563.9,576.3,585.2,591.7,583.8,573.5,562.7,553.2,545.0,560.0,565.5,571.1,573.3,571.0,565.4,559.9,557.6,695.9,699.2,708.9,719.3,724.4,721.1,711.4,700.2,686.7,692.2,700.6,712.8,724.7,732.8,737.4,732.2,724.6,715.6,704.7,694.3,705.8,710.4,714.8,716.2,714.0,709.3,705.0,703.5,366.1,354.7,350.2,355.1,366.6,378.7,382.5,377.6,371.4,365.3,361.5,358.7,359.6,363.6,370.8,376.1,379.5,381.1,379.7,376.6,372.0,374.4,372.1,366.3,360.4,358.0,360.3,366.1,363.9,353.1,347.7,350.9,360.7,371.6,376.9,374.5,370.1,363.5,359.0,356.9,358.3,361.1,366.6,372.4,376.0,377.8,377.2,374.8,367.3,368.7,366.3,361.5,357.0,355.6,358.0,362.8,-34.4,-32.6,-28.5,-24.4,-22.6,-24.0,-28.5,-32.6,-38.9,-36.8,-33.5,-28.9,-24.2,-20.8,-18.4,-21.4,-25.2,-29.4,-33.0,-36.2,-30.5,-28.4,-26.2,-25.4,-26.3,-28.4,-30.5,-31.4,22.1,23.4,27.2,31.3,33.4,32.1,28.2,23.8,18.5,20.6,23.9,28.7,33.5,36.8,38.7,36.6,33.5,29.9,25.6,21.5,26.0,27.9,29.6,30.2,29.3,27.4,25.7,25.1,2.3,-2.0,-3.7,-1.9,2.5,7.1,8.6,6.7,4.4,2.0,0.6,-0.5,-0.1,1.4,4.1,6.1,7.4,8.0,7.5,6.3,4.6,5.5,4.6,2.4,0.2,-0.8,0.1,2.3,1.5,-2.7,-4.9,-3.6,0.3,4.6,6.7,5.7,4.0,1.4,-0.4,-1.2,-0.7,0.4,2.6,4.9,6.3,7.0,6.8,5.9,2.9,3.4,2.5,0.6,-1.2,-1.7,-0.8,1.1,1142.6,1141.8,1140.9,1140.4,1140.5,1141.6,1142.2,1142.8,1146.3,1143.1,1140.5,1138.6,1138.6,1139.8,1141.4,1140.5,1139.5,1140.0,1141.6,1143.8,1143.0,1142.7,1142.2,1141.9,1141.8,1142.1,1142.5,1142.9,1185.2,1184.9,1185.2,1185.9,1186.6,1186.9,1186.7,1186.2,1186.9,1185.0,1183.6,1183.6,1185.8,1188.8,1192.3,1190.1,1187.9,1186.1,1185.5,1186.2,1186.7,1187.0,1187.2,1187.0,1186.7,1186.4,1186.2,1186.4,0.7,44.3,1314.0,0.18600000000000003,-0.044000000000000004,-0.02,465.6,469.6,477.9,488.4,505.5,532.8,566.3,605.2,645.9,684.4,717.4,746.2,769.3,783.8,791.5,796.5,797.6,499.0,520.7,549.9,579.5,607.2,672.7,699.6,725.4,750.9,770.2,643.1,645.5,647.8,650.1,616.3,631.7,647.2,662.8,676.5,535.4,553.3,575.5,593.1,574.7,553.0,685.1,701.5,723.0,739.3,724.8,704.4,589.4,608.8,630.7,646.9,663.5,684.3,699.5,685.0,665.2,646.7,628.8,607.4,600.1,630.3,646.7,663.6,690.0,663.6,646.1,629.2,370.8,416.1,460.0,502.0,542.8,578.6,608.5,632.3,638.7,631.5,607.0,576.3,540.0,498.1,453.6,407.5,361.7,340.7,323.6,319.3,323.5,332.4,330.7,320.6,316.1,317.4,329.7,367.7,397.6,427.3,457.7,474.1,480.1,484.8,479.8,473.8,372.2,361.2,360.9,373.5,379.0,379.0,371.0,358.0,357.7,366.8,374.8,375.5,536.6,518.6,510.8,515.3,511.2,519.0,535.0,560.0,571.0,573.0,571.0,560.4,536.2,527.5,528.7,527.4,535.9,545.7,547.9,546.1,-78.4,-77.0,-73.6,-69.0,-61.1,-48.5,-33.1,-15.5,2.6,19.8,34.9,48.3,58.9,65.4,68.6,70.5,70.7,-61.8,-52.1,-39.2,-26.2,-14.2,14.2,26.0,37.3,48.5,57.1,1.4,2.4,3.4,4.4,-10.3,-3.6,3.1,9.9,15.8,-45.8,-37.8,-28.1,-20.5,-28.5,-38.0,19.8,26.9,36.4,43.6,37.2,28.2,-22.2,-13.6,-4.0,3.0,10.2,19.4,26.2,19.8,11.0,2.9,-4.9,-14.3,-17.5,-4.2,2.9,10.3,22.0,10.3,2.7,-4.7,4.9,25.3,45.4,64.7,83.0,98.8,111.5,121.2,124.0,121.4,111.5,98.3,82.0,62.8,42.4,21.4,0.7,-8.5,-15.9,-17.7,-15.8,-11.9,-12.7,-17.2,-19.2,-18.6,-13.3,3.3,16.3,29.1,42.1,49.7,52.2,54.2,52.0,49.5,5.3,0.5,0.4,5.9,8.3,8.3,4.8,-0.9,-1.0,3.0,6.5,6.8,77.6,69.2,65.7,67.6,65.8,69.6,77.0,87.8,92.5,93.3,92.4,87.9,77.4,73.1,73.6,73.1,77.3,81.3,82.2,81.4,1349.1,1355.4,1362.3,1365.9,1363.0,1356.1,1346.1,1335.9,1334.6,1341.6,1354.1,1363.3,1366.8,1364.5,1358.4,1352.3,1347.0,1315.3,1309.5,1305.6,1301.8,1299.0,1303.5,1306.3,1309.1,1312.0,1316.5,1301.5,1298.5,1295.6,1292.9,1306.0,1304.2,1303.3,1303.7,1304.4,1312.9,1309.8,1309.0,1309.7,1309.8,1310.9,1313.7,1312.5,1314.0,1318.0,1315.3,1313.9,1319.2,1309.5,1305.8,1305.2,1306.2,1312.1,1319.9,1317.3,1314.9,1314.0,1314.2,1315.3,1317.4,1309.0,1308.3,1309.4,1318.2,1313.6,1312.6,1313.1,2.271,0.22399999999999998,-0.044000000000000004,-0.02,641.599,460.716,-38.407,5.261,-18.772000000000002,0.26,-5.162999999999999,-5.327999999999999,9.379,5.9879999999999995,8.953,-7.169,-0.823,-4.592,8.955,3.4539999999999997,1.6740000000000002,-1.555,2.315,-2.765,-3.755,-1.063,-2.3369999999999997,0.943,0.012,1.463,-1.597,2.447,-0.324,0.701,0.21100000000000002,-0.6970000000000001,0.11599999999999999,-0.603,-0.244,0.794,0.0,0.16,0.4,0.0,0.0,0.08,0.13,0.34,0.06,0.0,0.0,0.0,0.0,0.0,2.22,1.69,0.09,0.0,0.0,1.0,1.0,0.0,0.0,0.0,0.0,0.0,0.0,0.0,0.0,0.0,0.0,1.0,1.0,0.0,0.0
18,0.5670000000000001,0.98,0.067813,0.160053,-0.984776,-0.053474,0.157888,-0.986008,0.006999999999999999,0.16,548.8,553.2,563.9,574.8,579.3,575.8,564.1,553.3,537.1,542.7,551.2,563.3,575.7,584.4,590.7,582.8,572.8,562.0,552.5,544.2,559.0,564.5,569.9,572.1,569.8,564.3,558.9,556.7,695.7,698.9,708.5,718.9,724.0,720.8,711.2,700.1,686.5,691.5,699.6,712.0,724.3,732.5,737.1,731.9,724.3,715.3,704.5,694.1,705.6,710.2,714.4,715.8,713.6,709.0,704.8,703.4,364.9,353.5,348.9,353.8,365.3,377.4,381.2,376.3,370.3,364.1,360.3,357.5,358.3,362.3,369.7,375.1,378.6,380.3,378.8,375.5,370.6,373.0,370.7,365.0,359.2,356.8,359.1,364.8,362.7,351.9,346.5,349.6,359.5,370.3,375.7,373.3,369.3,362.4,357.8,355.7,357.3,360.3,366.2,371.3,374.5,376.2,375.6,373.5,365.9,367.3,364.9,360.2,355.9,354.5,356.9,361.6,-34.9,-33.2,-29.0,-24.9,-23.2,-24.5,-29.0,-33.2,-39.5,-37.2,-33.9,-29.2,-24.5,-21.2,-18.8,-21.8,-25.6,-29.7,-33.4,-36.6,-31.0,-28.9,-26.8,-26.0,-26.8,-28.9,-31.0,-31.9,22.1,23.4,27.2,31.4,33.4,32.1,28.3,23.9,18.5,20.4,23.7,28.6,33.5,36.9,38.8,36.6,33.5,29.9,25.6,21.5,26.1,27.9,29.6,30.2,29.3,27.5,25.8,25.2,1.9,-2.5,-4.2,-2.4,2.0,6.6,8.1,6.2,3.9,1.6,0.1,-1.0,-0.6,0.9,3.7,5.8,7.1,7.7,7.2,5.9,4.0,5.0,4.1,1.9,-0.3,-1.2,-0.3,1.9,1.1,-3.2,-5.4,-4.1,-0.2,4.1,6.2,5.3,3.7,0.9,-0.9,-1.7,-1.1,0.1,2.5,4.5,5.8,6.4,6.2,5.4,2.3,2.9,2.0,0.1,-1.6,-2.2,-1.2,0.6,1146.8,1146.0,1145.1,1144.7,1144.9,1146.0,1146.6,1147.0,1150.1,1146.9,1144.4,1142.6,1142.8,1144.1,1145.8,1144.8,1143.8,1144.1,1145.6,1147.8,1147.2,1147.0,1146.6,1146.2,1146.1,1146.3,1146.8,1147.1,1191.8,1191.4,1191.7,1192.3,1193.1,1193.5,1193.3,1192.9,1193.5,1191.5,1190.0,1189.8,1192.0,1195.0,1198.5,1196.4,1194.2,1192.5,1191.9,1192.7,1193.3,1193.6,1193.7,1193.5,1193.2,1192.9,1192.8,1193.0,0.3,44.3,1299.3,0.213,-0.044000000000000004,-0.018000000000000002,464.9,468.8,477.3,488.3,505.8,532.8,565.3,603.7,644.7,683.5,716.1,744.7,767.9,782.9,791.3,796.2,797.2,499.1,520.4,549.1,578.7,605.8,672.5,699.3,725.1,750.4,769.0,642.5,644.6,646.8,649.0,614.7,630.4,646.1,662.2,676.1,534.6,552.6,574.7,592.4,573.9,552.3,684.7,701.1,722.6,738.8,724.4,703.9,586.8,605.3,628.9,645.7,662.9,685.2,699.9,686.0,664.6,645.3,626.5,603.5,597.4,628.5,645.4,662.9,690.5,663.1,644.8,627.2,370.2,416.0,460.3,502.6,544.2,581.0,612.5,637.7,645.0,637.2,611.4,578.9,541.2,498.7,453.9,407.3,360.9,339.2,321.8,317.4,321.4,330.4,328.6,318.2,313.9,315.9,328.3,366.8,396.4,425.5,455.6,472.5,478.7,483.6,478.6,472.4,371.4,359.9,359.7,372.6,377.6,377.5,370.2,356.8,356.5,366.0,373.7,374.4,538.1,518.1,510.1,514.7,510.7,518.9,536.9,568.2,582.1,584.3,581.9,568.1,537.7,526.1,527.4,526.3,537.8,557.2,559.6,557.3,-77.7,-76.3,-72.9,-68.2,-60.2,-47.9,-33.2,-16.0,2.1,19.3,34.0,47.0,57.5,64.1,67.6,69.5,69.7,-60.9,-51.5,-39.1,-26.3,-14.6,13.9,25.5,36.7,47.7,55.9,1.1,2.0,2.9,3.8,-10.9,-4.1,2.6,9.5,15.5,-45.6,-37.7,-28.1,-20.5,-28.5,-37.8,19.3,26.4,35.7,42.8,36.6,27.6,-23.2,-15.0,-4.8,2.4,9.9,19.5,26.1,20.0,10.7,2.3,-5.9,-15.9,-18.6,-5.0,2.3,9.9,22.0,10.0,2.1,-5.6,4.5,25.0,44.9,64.1,82.7,98.8,112.2,122.6,125.6,122.8,112.2,98.3,81.5,62.2,41.9,21.0,0.4,-9.0,-16.5,-18.3,-16.5,-12.6,-13.5,-18.0,-19.9,-19.1,-13.8,2.9,15.5,27.9,40.7,48.4,51.0,53.0,50.9,48.3,4.9,-0.0,-0.1,5.5,7.6,7.6,4.4,-1.4,-1.5,2.6,5.9,6.2,77.6,68.3,64.6,66.5,64.9,68.7,77.0,90.6,96.6,97.4,96.4,90.5,77.3,71.7,72.2,71.8,77.4,85.6,86.6,85.6,1331.2,1337.6,1344.6,1348.7,1346.3,1340.9,1332.8,1323.9,1322.4,1328.3,1339.0,1346.6,1348.8,1345.9,1339.7,1334.4,1329.8,1297.7,1292.3,1288.5,1284.7,1282.4,1287.3,1290.2,1293.0,1295.9,1300.4,1284.7,1281.9,1279.2,1276.7,1290.1,1288.3,1287.4,1287.7,1288.5,1296.1,1293.1,1292.6,1293.2,1293.6,1294.4,1297.0,1295.8,1297.2,1301.3,1298.6,1297.2,1306.5,1295.6,1291.1,1290.3,1291.4,1297.9,1306.7,1306.0,1304.2,1303.3,1303.5,1304.2,1305.0,1294.3,1293.4,1294.5,1305.6,1302.4,1301.6,1302.0,2.298,0.25,-0.042,-0.018000000000000002,640.724,461.795,-52.308,6.001,-9.454,5.475,-3.197,-11.505999999999998,11.860999999999999,5.678,11.425,-5.359,-0.551,-4.22,8.718,2.2840000000000003,0.435,-1.234,3.513,-2.694,-4.488,-1.005,-2.363,1.8940000000000001,-0.439,0.951,-0.9159999999999999,3.3160000000000003,0.083,0.968,0.397,-0.6970000000000001,0.034,-0.5529999999999999,-0.262,0.8320000000000001,0.0,0.24,0.44,0.07,0.0,0.08,0.04,0.44,0.04,0.0,0.0,0.0,0.0,0.0,2.93,2.28,0.12,1.0,0.0,1.0,1.0,0.0,0.0,0.0,1.0,0.0,0.0,0.0,0.0,0.0,0.0,1.0,1.0,0.0,0.0
19,0.601,0.98,0.035438,0.136526,-0.990002,-0.044414999999999996,0.16447,-0.985382,-0.005,0.151,547.5,551.8,562.3,572.8,577.2,573.7,562.4,551.9,536.1,540.9,549.8,562.8,575.7,583.9,589.0,582.0,572.2,561.2,551.4,542.8,558.1,562.5,566.9,568.7,566.9,562.5,558.1,556.3,694.8,698.4,708.5,719.1,723.9,720.3,710.2,698.9,685.9,690.2,698.0,710.7,723.7,732.5,737.3,731.4,723.2,713.8,703.0,693.1,705.3,709.6,713.7,715.2,713.2,708.9,704.8,703.3,362.3,352.1,348.1,352.6,363.0,373.7,377.2,372.7,368.7,362.2,358.6,355.8,356.3,360.3,367.9,373.0,376.9,378.7,377.2,373.8,366.2,368.1,366.4,362.2,357.8,355.9,357.6,361.8,360.7,350.5,345.6,348.9,358.4,368.6,373.5,370.7,367.6,359.7,355.2,353.7,355.3,357.7,363.5,369.2,373.4,375.9,375.0,371.9,363.2,364.5,362.5,358.3,354.5,353.1,355.1,359.3,-35.8,-34.1,-30.1,-26.0,-24.3,-25.7,-30.1,-34.2,-40.4,-38.4,-34.9,-29.8,-24.9,-21.7,-19.8,-22.5,-26.3,-30.5,-34.4,-37.8,-31.8,-30.1,-28.4,-27.6,-28.3,-30.0,-31.7,-32.5,21.3,22.7,26.6,30.7,32.7,31.3,27.4,23.0,17.9,19.5,22.5,27.5,32.5,36.1,38.0,35.7,32.5,28.8,24.6,20.7,25.5,27.1,28.7,29.3,28.5,26.8,25.2,24.7,0.9,-3.0,-4.6,-2.9,1.2,5.3,6.7,4.9,3.4,0.8,-0.5,-1.6,-1.4,0.1,3.1,5.0,6.6,7.3,6.7,5.4,2.4,3.1,2.5,0.8,-0.8,-1.6,-0.9,0.7,0.3,-3.7,-5.6,-4.3,-0.6,3.4,5.3,4.2,3.0,-0.1,-1.9,-2.4,-1.8,-0.9,1.4,3.6,5.2,6.2,5.9,4.6,1.2,1.8,1.0,-0.6,-2.2,-2.7,-1.9,-0.3,1162.7,1161.2,1160.3,1160.6,1162.0,1163.9,1164.5,1164.1,1166.9,1163.3,1160.5,1158.7,1159.6,1161.7,1164.5,1163.9,1162.8,1162.9,1164.1,1165.6,1163.9,1164.0,1163.6,1163.0,1162.4,1162.2,1162.6,1163.3,1167.9,1166.3,1165.7,1166.4,1168.2,1169.8,1170.4,1170.0,1170.5,1167.5,1165.2,1164.3,1166.2,1169.3,1173.1,1172.2,1170.7,1169.5,1169.3,1170.1,1169.4,1169.8,1169.5,1168.8,1168.1,1167.8,1168.1,1168.7,-0.1,43.8,1291.2,0.22,-0.038,-0.018000000000000002,464.7,468.4,477.0,488.3,505.8,532.5,564.6,603.0,644.2,683.0,715.3,743.8,767.0,782.3,791.1,795.9,796.7,499.0,520.4,548.0,576.6,602.7,673.0,699.4,724.7,749.3,767.7,641.4,643.4,645.5,647.7,613.5,629.1,645.0,661.1,675.1,533.5,551.5,573.9,591.6,572.9,551.1,683.7,699.9,721.7,738.1,723.8,703.0,584.5,603.1,627.8,644.5,661.6,684.8,699.8,686.0,663.6,644.3,625.4,601.2,595.1,627.4,644.3,661.6,690.4,662.0,643.8,626.1,369.6,415.5,459.9,502.5,544.5,582.2,614.7,640.6,648.2,640.2,613.8,580.5,542.2,499.5,454.3,407.2,360.5,335.1,318.2,313.9,317.7,326.6,324.9,314.5,310.6,312.8,325.0,364.8,394.2,423.1,453.0,470.8,476.9,481.8,476.8,470.7,369.8,357.6,357.6,371.1,376.1,375.9,368.7,354.8,354.3,364.3,372.1,373.0,537.8,516.7,508.4,513.0,509.0,517.4,536.5,571.6,587.0,589.1,586.7,571.3,537.4,524.6,525.8,524.8,537.5,561.9,564.2,561.8,-77.2,-76.0,-72.6,-67.7,-59.8,-47.7,-33.3,-16.3,1.8,18.9,33.4,46.2,56.7,63.3,66.9,68.8,68.9,-60.5,-51.1,-39.2,-27.0,-15.9,14.1,25.4,36.3,46.9,54.9,0.6,1.5,2.3,3.2,-11.3,-4.6,2.1,9.0,15.0,-45.7,-37.9,-28.3,-20.7,-28.7,-38.1,18.8,25.7,35.1,42.2,36.0,27.1,-24.0,-15.9,-5.2,1.9,9.2,19.3,25.9,19.9,10.2,1.9,-6.3,-16.8,-19.4,-5.4,1.8,9.2,21.8,9.5,1.6,-6.0,4.2,24.6,44.4,63.6,82.2,98.7,112.5,123.2,126.3,123.3,112.5,98.2,81.3,62.0,41.8,20.8,0.2,-10.7,-17.9,-19.7,-18.0,-14.2,-15.0,-19.4,-21.2,-20.3,-15.1,2.0,14.5,26.7,39.3,47.3,49.9,51.9,49.8,47.2,4.2,-1.0,-1.0,4.8,6.9,6.8,3.8,-2.2,-2.4,1.9,5.2,5.6,77.0,67.3,63.5,65.4,63.7,67.7,76.4,91.6,98.1,99.0,98.0,91.4,76.8,70.6,71.0,70.6,76.8,87.2,88.1,87.1,1321.7,1328.2,1334.9,1339.1,1337.1,1332.3,1325.4,1317.1,1315.1,1320.1,1329.7,1336.5,1338.0,1334.6,1328.4,1323.4,1319.1,1287.5,1282.8,1279.2,1275.7,1273.8,1278.5,1281.7,1284.2,1286.8,1290.7,1276.0,1273.3,1270.8,1268.3,1281.6,1279.9,1279.1,1279.4,1280.1,1287.4,1284.4,1283.9,1284.5,1285.0,1285.8,1287.9,1286.7,1288.2,1292.3,1289.5,1288.0,1299.8,1288.1,1282.9,1282.1,1283.0,1290.0,1299.5,1299.2,1297.3,1296.6,1296.8,1297.6,1298.5,1286.3,1285.2,1286.1,1298.7,1295.5,1294.9,1295.3,2.313,0.258,-0.034,-0.018000000000000002,639.8290000000001,461.24699999999996,-62.053000000000004,6.74,-5.681,7.8,-2.496,-14.446,12.319,6.652,11.13,-4.718999999999999,-0.9940000000000001,-3.0610000000000004,7.6160000000000005,0.672,0.498,-0.9309999999999999,4.886,-2.654,-4.385,-0.902,-2.83,1.9909999999999999,-0.932,0.6559999999999999,-0.996,3.839,0.6459999999999999,0.855,0.363,-0.6970000000000001,-0.079,-0.605,-0.301,0.838,0.01,0.39,0.32,0.13,0.0,0.05,0.0,0.53,0.04,0.0,0.0,0.0,0.06,0.0,3.34,2.49,0.06,1.0,0.0,1.0,1.0,0.0,0.0,0.0,1.0,0.0,0.0,0.0,0.0,0.0,0.0,1.0,1.0,0.0,0.0
20,0.634,0.98,0.030583999999999997,0.148847,-0.9883870000000001,-0.046148,0.17310799999999998,-0.983821,-0.008,0.162,546.5,550.7,561.1,571.7,576.2,572.8,561.6,551.1,535.2,539.7,548.8,562.0,575.0,583.1,588.0,581.2,571.6,560.6,550.7,541.8,557.2,561.5,565.8,567.6,565.7,561.4,557.1,555.3,694.2,697.5,707.4,718.0,723.1,719.8,709.9,698.6,684.5,689.5,697.8,710.1,722.4,731.3,736.5,731.5,723.5,713.9,702.6,692.0,704.6,708.9,713.0,714.4,712.2,707.9,703.8,702.5,360.5,350.6,346.6,350.7,360.7,371.0,374.7,370.5,366.9,360.2,356.7,353.8,354.1,358.1,365.9,370.6,374.6,376.5,375.1,371.8,363.9,365.6,364.0,359.9,355.8,354.1,355.7,359.8,358.0,347.3,342.3,345.9,356.0,366.7,371.7,369.0,365.8,357.7,351.7,348.7,350.9,355.5,363.4,366.7,368.2,368.8,368.7,368.4,361.9,363.4,361.3,356.9,352.8,351.3,353.4,357.8,-36.1,-34.4,-30.4,-26.3,-24.6,-26.0,-30.3,-34.4,-40.6,-38.7,-35.2,-30.0,-25.0,-22.0,-20.1,-22.7,-26.4,-30.7,-34.6,-38.0,-32.0,-30.3,-28.7,-28.0,-28.7,-30.4,-32.0,-32.7,21.4,22.8,26.7,30.9,32.9,31.6,27.7,23.2,17.6,19.6,22.9,27.7,32.7,36.2,38.4,36.3,33.1,29.2,24.7,20.6,25.6,27.3,28.9,29.5,28.6,26.9,25.3,24.7,0.2,-3.6,-5.2,-3.6,0.3,4.3,5.7,4.1,2.7,0.1,-1.3,-2.4,-2.3,-0.7,2.3,4.1,5.6,6.4,5.8,4.6,1.5,2.2,1.5,-0.0,-1.6,-2.3,-1.7,-0.1,-0.8,-5.0,-7.0,-5.6,-1.6,2.6,4.6,3.5,2.3,-0.9,-3.3,-4.5,-3.6,-1.8,1.4,2.7,3.3,3.5,3.4,3.3,0.8,1.4,0.5,-1.2,-2.9,-3.4,-2.6,-0.9,1158.3,1156.5,1155.6,1156.1,1157.8,1160.0,1160.5,1160.0,1162.8,1159.1,1156.1,1154.3,1155.5,1157.9,1161.0,1160.4,1159.3,1159.4,1160.4,1161.8,1159.6,1159.8,1159.4,1158.7,1158.0,1157.8,1158.1,1158.9,1187.0,1187.9,1188.6,1188.9,1188.5,1187.7,1186.9,1186.8,1188.5,1187.4,1186.4,1186.4,1188.2,1190.9,1193.6,1190.9,1188.3,1186.6,1186.2,1187.3,1188.1,1188.2,1188.5,1188.8,1189.0,1188.9,1188.6,1188.3,-0.5,42.8,1283.2,0.209,-0.034,-0.018000000000000002,464.3,467.9,476.4,487.8,505.4,531.9,563.9,602.1,643.4,682.4,714.8,743.4,766.7,782.1,790.9,795.5,795.9,498.4,518.9,545.6,573.7,599.4,673.5,699.4,724.1,748.1,766.1,640.4,642.2,644.2,646.2,612.0,627.8,643.8,660.2,674.4,532.7,550.6,572.9,590.7,572.0,550.1,683.1,699.1,721.0,737.4,723.1,702.3,582.5,601.2,626.5,643.4,660.6,684.3,699.6,685.6,662.7,643.3,624.3,599.4,592.8,626.3,643.2,660.6,690.3,661.1,642.8,625.0,367.7,414.0,458.8,502.0,544.5,582.5,615.2,641.1,648.6,640.4,614.1,580.8,542.4,499.8,454.5,407.1,359.8,330.6,313.5,308.7,312.0,320.6,318.6,308.7,305.5,308.3,320.7,361.3,391.2,420.5,450.7,468.6,474.8,479.9,474.9,468.7,367.4,354.8,354.9,368.4,373.5,373.3,365.8,351.7,351.1,361.5,369.1,370.0,536.8,515.5,507.0,511.5,507.5,515.6,534.7,571.7,587.8,590.2,587.7,571.7,536.4,522.9,524.0,522.8,536.0,563.3,565.7,563.3,-77.0,-75.7,-72.3,-67.5,-59.6,-47.7,-33.4,-16.5,1.5,18.5,32.9,45.7,56.1,62.8,66.3,68.1,68.1,-60.4,-51.5,-40.0,-28.0,-17.1,14.2,25.2,35.8,46.1,53.9,0.2,0.9,1.8,2.6,-11.9,-5.2,1.6,8.5,14.6,-45.8,-38.0,-28.5,-21.0,-29.0,-38.3,18.4,25.2,34.6,41.7,35.5,26.6,-24.8,-16.5,-5.7,1.4,8.7,18.9,25.7,19.6,9.7,1.4,-6.7,-17.4,-20.3,-5.9,1.4,8.8,21.7,9.1,1.2,-6.4,3.4,23.8,43.7,63.0,81.7,98.1,112.0,122.5,125.6,122.5,111.8,97.6,80.8,61.7,41.5,20.6,-0.1,-12.5,-19.8,-21.8,-20.3,-16.6,-17.5,-21.8,-23.2,-22.0,-16.8,0.6,13.2,25.5,38.1,46.1,48.7,50.8,48.7,46.1,3.2,-2.2,-2.2,3.6,5.8,5.7,2.5,-3.5,-3.8,0.6,3.9,4.3,76.2,66.4,62.5,64.3,62.7,66.5,75.2,91.1,97.9,98.8,97.8,91.0,75.9,69.4,69.8,69.3,75.8,87.2,88.2,87.2,1313.6,1319.8,1326.2,1330.2,1328.0,1323.2,1316.1,1307.8,1305.6,1310.3,1319.8,1326.7,1328.2,1325.0,1318.9,1314.4,1310.8,1279.8,1275.5,1271.9,1268.4,1266.5,1271.5,1274.9,1277.2,1279.3,1282.4,1268.5,1265.5,1262.7,1259.9,1273.3,1271.4,1270.6,1270.8,1271.5,1279.3,1276.4,1275.9,1276.5,1276.9,1277.6,1279.8,1278.8,1280.2,1284.3,1281.4,1279.9,1292.0,1280.4,1274.9,1274.0,1274.9,1282.1,1291.9,1291.0,1288.6,1287.9,1288.2,1289.4,1290.9,1278.0,1276.9,1277.7,1291.1,1287.3,1286.7,1287.2,2.3280000000000003,0.24600000000000002,-0.03,-0.018000000000000002,638.877,459.48800000000006,-66.514,7.194,-4.493,9.17,-1.797,-14.276,11.702,7.699,10.572000000000001,-2.648,-2.6710000000000003,-1.71,8.581,-0.537,-0.067,-0.662,5.233,-2.572,-4.812,-0.718,-2.6860000000000004,2.384,-1.304,0.483,-0.7829999999999999,4.955,1.3419999999999999,0.5,0.745,-0.763,0.316,-0.311,0.115,0.531,0.08,0.59,0.18,0.14,0.0,0.01,0.0,0.56,0.07,0.0,0.0,0.0,0.08,0.0,3.41,2.48,0.06,1.0,1.0,1.0,1.0,0.0,0.0,0.0,1.0,0.0,0.0,0.0,0.0,0.0,0.0,1.0,1.0,0.0,0.0
21,0.667,0.98,0.025881,0.145767,-0.98898,-0.049218,0.176346,-0.9830969999999999,-0.012,0.162,546.1,550.4,560.8,571.2,575.4,571.8,560.7,550.3,534.3,539.8,549.0,561.7,574.1,582.5,587.9,581.2,571.1,559.8,549.6,540.6,556.7,560.9,565.1,566.9,565.2,561.0,556.7,554.9,693.2,696.5,706.6,717.6,722.9,719.6,709.5,697.8,683.4,688.5,696.9,709.4,721.8,730.7,736.3,731.5,723.6,713.9,702.2,691.2,703.8,708.4,712.6,714.0,711.7,707.2,703.0,701.6,358.5,347.9,343.6,348.1,358.7,370.1,373.7,369.2,366.3,359.0,354.4,351.4,353.0,357.7,364.7,368.7,370.6,371.9,371.7,370.1,363.1,364.9,363.1,358.8,354.5,352.7,354.4,358.7,356.8,346.1,341.2,344.9,355.1,365.8,370.8,368.0,364.4,356.8,351.2,348.2,350.3,354.7,362.4,365.4,366.7,367.2,367.1,367.0,361.2,362.7,360.7,356.2,352.0,350.4,352.5,356.9,-37.2,-35.5,-31.3,-27.2,-25.6,-27.0,-31.4,-35.5,-42.0,-39.7,-36.0,-31.0,-26.1,-22.8,-20.7,-23.3,-27.2,-31.7,-35.8,-39.4,-33.0,-31.3,-29.7,-29.0,-29.6,-31.3,-33.0,-33.7,20.7,22.0,26.0,30.3,32.3,31.0,27.0,22.5,16.9,18.9,22.2,27.0,31.9,35.4,37.7,35.7,32.6,28.7,24.2,19.9,24.9,26.6,28.3,28.8,28.0,26.2,24.5,24.0,-0.6,-4.8,-6.5,-4.7,-0.5,4.0,5.4,3.6,2.5,-0.4,-2.2,-3.4,-2.8,-0.9,1.9,3.4,4.2,4.7,4.6,4.0,1.2,1.9,1.2,-0.5,-2.2,-2.9,-2.2,-0.5,-1.2,-5.4,-7.3,-5.9,-1.9,2.3,4.2,3.1,1.7,-1.2,-3.4,-4.6,-3.8,-2.1,0.9,2.1,2.6,2.8,2.8,2.7,0.5,1.1,0.3,-1.5,-3.1,-3.7,-2.9,-1.2,1187.9,1188.0,1187.8,1187.4,1187.1,1187.3,1187.3,1187.6,1192.0,1189.2,1186.9,1185.6,1186.4,1188.0,1189.8,1188.3,1186.6,1186.5,1187.7,1189.8,1188.4,1188.2,1188.1,1188.2,1188.3,1188.4,1188.5,1188.5,1167.6,1168.9,1170.0,1170.2,1169.3,1168.0,1166.9,1166.9,1168.7,1167.9,1167.3,1167.5,1169.2,1171.7,1174.0,1171.2,1168.5,1166.6,1166.2,1167.2,1168.5,1168.6,1169.1,1169.6,1169.9,1169.9,1169.4,1168.9,-0.8,41.9,1277.1,0.19399999999999998,-0.027999999999999997,-0.018000000000000002,464.1,467.6,475.9,487.1,504.3,530.9,563.4,601.9,643.4,682.6,714.9,743.2,766.5,781.8,790.5,795.2,795.5,497.6,517.3,543.6,571.6,597.6,673.1,698.8,723.3,747.2,765.3,639.4,641.3,643.4,645.3,610.7,626.8,643.1,659.6,674.0,532.0,550.0,572.2,590.2,571.4,549.7,682.2,698.7,720.5,737.1,722.6,701.7,580.9,600.0,625.2,642.6,660.2,684.1,699.8,685.4,662.5,642.7,623.2,598.4,591.3,624.9,642.4,660.3,690.5,660.9,642.1,623.8,367.0,413.3,457.8,501.1,543.4,581.5,614.2,639.3,646.4,638.4,612.6,580.3,542.4,499.9,454.5,407.0,359.6,328.2,310.8,305.5,308.9,317.6,315.9,306.2,303.1,306.1,318.6,359.2,389.6,419.5,450.2,467.6,473.9,479.0,473.9,467.7,365.4,353.1,353.1,366.4,371.4,371.3,364.4,350.7,350.3,360.4,367.8,368.6,535.1,514.5,506.1,510.6,506.6,514.8,533.3,568.7,584.1,586.5,584.0,568.7,534.9,522.2,523.4,522.2,534.8,559.2,561.6,559.2,-76.8,-75.6,-72.3,-67.6,-59.8,-47.9,-33.4,-16.5,1.5,18.5,32.8,45.5,55.8,62.4,66.0,67.7,67.7,-60.6,-52.0,-40.7,-28.8,-17.8,14.0,24.9,35.3,45.5,53.3,-0.2,0.6,1.4,2.2,-12.4,-5.6,1.3,8.3,14.4,-45.9,-38.2,-28.7,-21.1,-29.1,-38.3,17.9,24.9,34.2,41.4,35.1,26.2,-25.3,-17.0,-6.2,1.1,8.6,18.7,25.6,19.4,9.6,1.1,-7.1,-17.8,-20.9,-6.4,1.0,8.6,21.6,8.9,0.9,-6.9,3.1,23.4,43.1,62.3,80.9,97.3,110.9,121.0,123.9,120.9,110.6,97.0,80.5,61.6,41.4,20.5,-0.2,-13.5,-20.8,-23.0,-21.5,-17.8,-18.6,-22.8,-24.1,-22.9,-17.6,-0.4,12.4,24.9,37.7,45.5,48.0,50.2,48.0,45.4,2.3,-2.9,-2.9,2.7,4.8,4.8,1.9,-3.9,-4.1,0.2,3.3,3.6,75.0,65.6,61.8,63.6,62.0,65.8,74.3,89.3,95.7,96.6,95.6,89.2,74.9,68.8,69.2,68.7,74.8,85.0,86.0,85.0,1309.9,1315.6,1321.8,1325.6,1323.0,1317.5,1309.1,1299.9,1297.9,1303.1,1313.8,1321.6,1323.7,1320.9,1314.5,1309.8,1306.2,1275.8,1271.3,1267.5,1263.6,1261.0,1265.6,1268.9,1271.4,1273.4,1276.3,1263.0,1259.7,1256.5,1253.4,1267.4,1265.4,1264.3,1264.7,1265.5,1274.5,1271.5,1270.9,1271.3,1271.7,1272.5,1274.0,1273.2,1274.5,1278.5,1275.6,1274.1,1285.5,1273.8,1268.4,1267.4,1268.3,1275.4,1285.2,1283.3,1280.5,1279.7,1280.1,1281.8,1284.2,1271.5,1270.3,1271.2,1284.2,1279.6,1278.9,1279.5,2.339,0.231,-0.025,-0.019,638.194,457.848,-60.111999999999995,6.528,-5.857,8.92,-2.615,-11.005999999999998,11.265999999999998,9.252,8.017999999999999,-2.088,-3.1260000000000003,-3.025,9.833,-0.7959999999999999,-0.159,-0.805,5.27,-2.324,-5.195,-1.4880000000000002,-2.395,1.675,-1.349,-0.285,-1.148,4.197,1.197,0.7070000000000001,0.613,-0.958,0.8390000000000001,-0.302,0.11900000000000001,0.556,0.21,0.83,0.05,0.23,0.0,0.09,0.0,0.56,0.12,0.0,0.0,0.0,0.13,0.0,3.28,2.33,0.04,1.0,1.0,1.0,1.0,0.0,0.0,0.0,1.0,0.0,0.0,0.0,0.0,0.0,0.0,1.0,1.0,0.0,0.0
22,0.701,0.98,0.022014,0.14357999999999999,-0.989394,-0.060324,0.16901,-0.9837670000000001,-0.019,0.157,545.6,550.0,560.5,571.0,575.3,571.7,560.4,549.9,534.0,539.5,548.7,561.1,573.6,582.4,588.0,581.3,571.0,559.5,549.1,540.1,556.3,560.6,564.9,566.7,565.0,560.7,556.4,554.6,692.7,696.0,706.2,717.3,722.7,719.4,709.3,697.5,683.4,688.6,697.1,709.5,721.7,730.5,736.0,731.3,723.5,713.9,702.3,691.3,703.4,708.1,712.3,713.7,711.4,706.8,702.5,701.2,358.4,347.8,343.3,347.6,358.2,369.7,373.4,369.0,366.3,358.7,353.8,350.8,352.5,357.4,364.4,368.0,369.4,370.5,370.7,369.5,363.0,364.8,363.0,358.6,354.3,352.5,354.3,358.7,356.9,346.1,341.1,344.9,355.2,366.0,370.9,368.1,364.6,356.6,350.6,347.6,349.8,354.6,362.5,365.6,366.8,367.3,367.2,367.2,361.3,362.9,360.8,356.3,352.0,350.5,352.5,357.0,-37.2,-35.5,-31.4,-27.2,-25.5,-26.9,-31.4,-35.5,-41.9,-39.7,-36.0,-31.1,-26.2,-22.7,-20.5,-23.2,-27.2,-31.7,-35.8,-39.5,-33.0,-31.3,-29.6,-28.9,-29.6,-31.3,-33.0,-33.7,20.4,21.7,25.6,29.9,32.0,30.7,26.7,22.2,16.8,18.8,22.1,26.9,31.6,35.1,37.3,35.4,32.3,28.5,24.0,19.8,24.5,26.3,28.0,28.5,27.6,25.8,24.2,23.6,-0.6,-4.8,-6.6,-4.9,-0.7,3.8,5.3,3.6,2.5,-0.5,-2.5,-3.6,-3.0,-1.0,1.8,3.1,3.7,4.1,4.2,3.8,1.2,1.9,1.2,-0.5,-2.3,-3.0,-2.2,-0.5,-1.2,-5.4,-7.3,-5.8,-1.9,2.3,4.2,3.1,1.8,-1.3,-3.6,-4.8,-3.9,-2.1,1.0,2.2,2.6,2.8,2.8,2.8,0.5,1.1,0.3,-1.4,-3.1,-3.7,-2.9,-1.1,1183.5,1183.9,1183.7,1183.0,1182.3,1182.2,1182.2,1182.8,1187.6,1185.1,1182.8,1181.5,1182.1,1183.5,1185.0,1183.3,1181.7,1181.6,1182.9,1185.2,1183.7,1183.4,1183.3,1183.5,1183.8,1184.0,1184.1,1184.0,1158.6,1160.0,1161.2,1161.4,1160.6,1159.1,1158.0,1157.9,1159.4,1158.8,1158.4,1158.7,1160.5,1163.1,1165.4,1162.6,1159.8,1157.8,1157.2,1158.1,1159.6,1159.7,1160.2,1160.8,1161.1,1161.0,1160.5,1159.9,-0.8,41.3,1285.3,0.166,-0.026000000000000002,-0.019,464.2,467.9,476.1,486.9,504.0,530.7,563.4,602.2,643.7,682.6,715.4,743.8,767.1,782.0,790.1,794.8,795.3,496.3,516.0,542.5,570.4,596.8,673.4,699.5,724.2,748.3,766.6,638.9,640.8,642.8,644.7,610.0,626.3,642.8,659.4,674.1,531.7,549.6,572.0,590.1,571.2,549.3,681.9,698.4,720.6,737.3,722.6,701.6,580.2,600.3,624.7,642.6,660.9,684.4,700.8,685.8,663.3,643.0,623.3,599.1,590.6,624.5,642.5,661.1,691.3,661.5,642.3,623.6,366.0,412.6,457.5,501.0,542.5,579.4,610.4,633.7,639.9,632.8,609.0,578.7,542.1,500.0,454.5,407.0,359.5,326.9,309.4,304.0,307.3,315.8,314.6,305.0,302.1,305.3,318.4,358.3,389.1,419.4,450.4,467.7,473.9,479.0,473.7,467.6,364.7,352.5,352.5,365.7,371.0,370.9,364.1,350.5,350.1,360.3,367.8,368.5,533.3,513.9,505.7,510.3,506.1,514.0,531.1,561.8,575.4,577.7,575.3,562.2,533.2,522.4,523.6,522.1,532.5,550.4,552.6,550.4,-77.4,-76.1,-72.7,-68.1,-60.4,-48.3,-33.6,-16.4,1.6,18.6,33.2,46.0,56.5,63.0,66.3,68.1,68.1,-61.6,-53.0,-41.5,-29.5,-18.3,14.2,25.3,36.0,46.3,54.3,-0.5,0.3,1.2,2.0,-12.8,-5.8,1.2,8.2,14.5,-46.4,-38.6,-29.0,-21.3,-29.4,-38.8,17.9,25.0,34.5,41.8,35.4,26.3,-25.8,-16.9,-6.5,1.1,8.9,19.0,26.2,19.7,10.0,1.3,-7.2,-17.5,-21.2,-6.6,1.1,9.0,22.1,9.2,1.0,-7.0,2.6,23.3,43.3,62.7,81.0,96.9,109.7,119.0,121.5,119.0,109.7,97.0,81.0,62.1,41.7,20.6,-0.2,-14.2,-21.6,-23.9,-22.4,-18.7,-19.3,-23.4,-24.7,-23.4,-17.9,-0.7,12.3,25.0,38.0,45.8,48.4,50.5,48.3,45.7,2.0,-3.2,-3.2,2.4,4.7,4.7,1.8,-4.1,-4.2,0.1,3.3,3.6,74.7,65.7,62.0,63.9,62.2,65.9,73.7,86.7,92.3,93.2,92.2,86.7,74.5,69.3,69.7,69.1,74.3,81.5,82.4,81.5,1320.5,1325.8,1331.6,1334.9,1331.7,1324.9,1314.7,1304.4,1302.4,1308.7,1321.1,1330.5,1333.5,1330.9,1324.4,1319.1,1315.6,1286.7,1281.9,1277.9,1273.8,1270.8,1274.7,1278.3,1280.8,1282.9,1286.2,1272.9,1269.5,1266.1,1262.9,1276.6,1274.6,1273.4,1273.8,1274.8,1284.4,1281.4,1280.7,1281.1,1281.4,1282.3,1283.6,1282.9,1284.2,1288.1,1285.1,1283.7,1292.6,1281.4,1276.7,1275.7,1276.4,1283.3,1292.7,1288.9,1285.2,1284.2,1284.8,1287.3,1291.0,1279.5,1278.4,1279.1,1291.1,1284.8,1284.0,1284.9,2.324,0.204,-0.023,-0.019,638.178,455.981,-52.606,5.746,-11.888,4.546,-2.842,-5.69,7.242999999999999,10.66,5.629,-2.394,-4.88,-4.22,10.145,0.466,0.18600000000000003,0.502,4.746,-3.252,-4.422,-2.345,-2.08,1.2819999999999998,-1.6,-0.377,-1.1420000000000001,3.701,0.505,0.546,0.465,-1.1320000000000001,1.078,-0.28,0.11,0.53,0.32,0.99,0.0,0.28,0.0,0.1,0.0,0.48,0.21,0.0,0.0,0.0,0.07,0.0,2.89,2.03,0.04,1.0,1.0,0.0,1.0,0.0,0.0,0.0,0.0,0.0,0.0,0.0,0.0,0.0,0.0,1.0,1.0,0.0,0.0
23,0.7340000000000001,0.98,0.027418,0.129427,-0.99121,-0.057444,0.16256700000000002,-0.985024,-0.015,0.147,545.6,550.2,560.9,571.5,575.7,571.9,560.4,549.8,534.0,539.6,548.8,561.1,573.6,582.6,588.4,581.5,571.0,559.4,549.1,540.1,556.5,560.8,565.2,567.1,565.4,561.0,556.6,554.7,692.9,696.3,706.6,717.7,723.1,719.6,709.3,697.5,683.4,688.5,697.0,709.5,721.9,730.8,736.4,731.7,723.8,714.1,702.4,691.2,703.7,708.3,712.5,713.9,711.7,707.1,702.9,701.5,358.0,347.2,342.8,347.3,358.0,369.6,373.2,368.7,366.2,358.5,353.5,350.4,352.2,357.2,364.5,368.1,369.4,370.5,370.6,369.5,362.8,364.6,362.8,358.4,354.0,352.2,354.0,358.4,356.8,345.9,341.0,344.8,355.2,366.1,371.0,368.1,364.3,356.6,350.8,347.8,349.9,354.4,362.2,365.4,366.8,367.3,367.3,367.1,361.2,362.8,360.8,356.3,352.0,350.5,352.5,356.9,-36.8,-35.0,-30.8,-26.7,-25.0,-26.5,-31.0,-35.1,-41.5,-39.2,-35.5,-30.7,-25.9,-22.4,-20.1,-22.8,-26.9,-31.3,-35.4,-39.0,-32.6,-30.9,-29.2,-28.4,-29.1,-30.8,-32.5,-33.3,20.4,21.7,25.7,30.0,32.1,30.7,26.7,22.1,16.7,18.7,22.0,26.8,31.6,35.1,37.4,35.5,32.3,28.6,24.0,19.7,24.6,26.3,28.0,28.5,27.7,25.9,24.3,23.7,-0.8,-5.0,-6.7,-5.0,-0.8,3.7,5.1,3.4,2.4,-0.6,-2.5,-3.7,-3.0,-1.1,1.7,3.1,3.7,4.1,4.1,3.7,1.1,1.8,1.1,-0.6,-2.3,-3.0,-2.3,-0.6,-1.2,-5.4,-7.4,-5.9,-1.8,2.4,4.3,3.1,1.7,-1.3,-3.6,-4.7,-3.9,-2.2,0.9,2.1,2.6,2.8,2.8,2.7,0.5,1.1,0.3,-1.4,-3.1,-3.7,-2.9,-1.2,1169.4,1170.0,1169.8,1169.0,1168.1,1167.7,1167.7,1168.5,1173.3,1170.9,1168.7,1167.4,1167.8,1169.0,1170.3,1168.7,1167.1,1167.0,1168.5,1170.8,1169.5,1169.1,1169.1,1169.3,1169.7,1170.0,1170.1,1169.8,1156.4,1157.8,1158.9,1159.1,1158.2,1156.9,1155.8,1155.8,1157.4,1156.7,1156.2,1156.4,1158.1,1160.6,1162.9,1160.2,1157.4,1155.5,1155.0,1156.0,1157.4,1157.5,1157.9,1158.5,1158.8,1158.7,1158.3,1157.8,-0.7,40.7,1294.3,0.147,-0.027999999999999997,-0.02,464.6,468.1,476.1,486.6,503.6,530.5,563.4,602.2,643.5,682.3,715.4,744.3,767.8,782.5,790.2,794.7,795.1,496.3,516.1,542.4,570.0,596.4,673.8,699.8,724.3,748.4,767.0,639.0,641.0,643.1,645.1,610.3,626.8,643.3,659.8,674.5,531.7,549.6,572.1,590.3,571.3,549.2,681.8,698.5,720.7,737.7,722.8,701.7,580.3,601.9,626.0,643.2,660.7,683.8,701.5,685.2,663.1,643.7,624.8,601.0,590.9,625.7,643.2,661.0,691.8,661.1,642.9,625.0,366.5,412.8,457.6,500.7,541.1,576.7,605.7,627.6,633.3,626.9,604.6,575.7,540.2,498.5,453.4,406.3,359.5,325.9,308.7,303.1,306.5,314.7,313.7,304.3,301.3,304.3,317.5,357.7,388.7,419.4,450.6,467.9,473.9,478.9,473.5,467.4,364.3,352.3,352.4,365.5,371.1,371.1,363.9,350.4,350.1,360.1,367.8,368.5,530.9,513.2,505.3,509.7,505.5,513.0,528.3,555.4,567.0,569.0,567.0,555.8,530.9,522.8,523.8,522.3,529.8,541.6,543.4,541.5,-77.8,-76.6,-73.3,-68.8,-61.0,-48.7,-33.8,-16.5,1.5,18.6,33.4,46.6,57.3,63.7,66.9,68.6,68.6,-62.1,-53.4,-41.9,-30.0,-18.6,14.5,25.7,36.3,46.7,54.9,-0.4,0.4,1.3,2.2,-12.7,-5.7,1.4,8.5,14.8,-46.7,-38.9,-29.2,-21.4,-29.6,-39.1,18.0,25.2,34.8,42.3,35.8,26.6,-25.9,-16.4,-6.0,1.4,8.9,18.9,26.7,19.5,9.9,1.6,-6.5,-16.8,-21.3,-6.1,1.4,9.0,22.5,9.1,1.3,-6.5,2.9,23.5,43.7,63.1,81.0,96.4,108.3,117.0,119.3,117.1,108.4,96.4,80.8,62.0,41.6,20.5,-0.2,-14.8,-22.1,-24.4,-22.9,-19.3,-19.8,-23.9,-25.3,-24.0,-18.4,-1.0,12.3,25.3,38.5,46.3,48.8,50.9,48.6,46.0,1.9,-3.3,-3.3,2.4,4.8,4.8,1.7,-4.1,-4.3,0.0,3.4,3.7,74.1,65.9,62.3,64.1,62.3,65.9,73.0,84.4,89.1,89.9,89.0,84.5,74.0,69.9,70.3,69.7,73.6,78.1,78.9,78.1,1331.5,1336.3,1341.9,1344.8,1341.6,1334.0,1322.7,1311.7,1309.6,1316.3,1329.9,1340.7,1344.6,1342.1,1335.6,1330.0,1326.3,1297.3,1292.6,1288.7,1284.6,1281.3,1284.7,1288.5,1291.0,1293.0,1295.9,1283.4,1279.9,1276.2,1272.9,1286.3,1284.2,1283.0,1283.7,1284.7,1294.9,1291.8,1290.9,1291.3,1291.4,1292.5,1293.8,1293.2,1294.5,1298.3,1295.3,1294.0,1301.2,1290.3,1285.6,1284.6,1285.3,1292.2,1301.8,1295.8,1291.2,1290.0,1290.8,1294.2,1299.4,1288.5,1287.4,1288.1,1299.7,1291.1,1290.2,1291.1,2.307,0.185,-0.025,-0.021,638.418,454.102,-44.486000000000004,4.638,-17.512999999999998,0.883,-3.5410000000000004,-1.419,3.864,11.372,2.334,-2.5839999999999996,-5.432,-3.4730000000000003,10.258,-0.018000000000000002,0.419,0.8740000000000001,4.962,-3.971,-3.3569999999999998,-2.302,-1.672,0.345,-0.919,0.013000000000000001,-1.5530000000000002,3.372,-0.048,0.49,0.255,-1.147,1.17,-0.365,0.08800000000000001,0.491,0.47,1.24,0.0,0.44,0.0,0.08,0.0,0.35,0.33,0.0,0.0,0.0,0.05,0.0,2.45,1.57,0.05,1.0,1.0,0.0,1.0,0.0,0.0,0.0,0.0,0.0,0.0,0.0,0.0,0.0,0.0,1.0,1.0,0.0,0.0
24,0.767,0.98,0.031814,0.133525,-0.990535,-0.05013,0.158142,-0.986143,-0.009000000000000001,0.146,546.3,550.7,561.3,571.8,576.1,572.5,561.2,550.7,534.5,540.0,549.3,561.6,573.9,582.8,588.6,581.9,571.7,560.3,549.9,540.8,557.1,561.4,565.6,567.4,565.7,561.4,557.2,555.4,693.6,696.9,707.2,718.3,723.7,720.4,710.1,698.2,683.9,689.1,697.7,710.2,722.4,731.1,736.6,732.1,724.4,714.8,703.1,691.9,704.3,708.9,713.1,714.5,712.2,707.7,703.5,702.1,358.1,347.4,343.0,347.4,358.1,369.7,373.3,368.8,365.8,358.1,353.1,350.1,351.8,356.9,364.3,368.0,369.6,370.7,370.7,369.4,362.7,364.5,362.8,358.4,354.1,352.2,354.0,358.4,356.7,345.8,341.0,344.9,355.4,366.2,371.1,368.1,364.5,356.4,350.5,347.4,349.6,354.3,362.4,365.4,366.7,367.2,367.2,367.1,361.2,362.8,360.8,356.4,352.1,350.5,352.5,356.9,-36.8,-35.1,-31.0,-26.8,-25.1,-26.5,-31.0,-35.1,-41.6,-39.4,-35.6,-30.8,-26.0,-22.5,-20.2,-22.9,-26.8,-31.3,-35.4,-39.1,-32.6,-30.9,-29.2,-28.5,-29.2,-30.9,-32.6,-33.3,20.6,21.9,25.9,30.1,32.2,30.9,26.9,22.3,16.8,18.8,22.1,26.9,31.7,35.1,37.3,35.5,32.4,28.7,24.2,19.9,24.7,26.5,28.1,28.6,27.8,26.0,24.4,23.9,-0.7,-4.9,-6.7,-4.9,-0.7,3.8,5.2,3.5,2.3,-0.7,-2.7,-3.9,-3.2,-1.2,1.7,3.1,3.8,4.2,4.2,3.7,1.1,1.8,1.1,-0.6,-2.3,-3.1,-2.3,-0.6,-1.3,-5.4,-7.3,-5.8,-1.8,2.4,4.3,3.1,1.7,-1.4,-3.7,-4.8,-4.0,-2.2,0.9,2.1,2.6,2.8,2.8,2.7,0.5,1.1,0.3,-1.4,-3.0,-3.6,-2.9,-1.2,1179.5,1179.7,1179.5,1179.0,1178.4,1178.4,1178.4,1178.9,1183.5,1181.0,1178.6,1177.4,1178.0,1179.4,1181.0,1179.4,1177.8,1177.6,1178.9,1181.2,1179.7,1179.5,1179.4,1179.5,1179.8,1180.0,1180.1,1180.0,1151.6,1153.1,1154.3,1154.7,1153.9,1152.4,1151.2,1151.0,1152.4,1151.8,1151.5,1151.9,1153.8,1156.4,1158.7,1155.9,1153.0,1150.9,1150.3,1151.2,1152.7,1152.9,1153.4,1154.0,1154.3,1154.2,1153.7,1153.1,-0.5,40.3,1300.6,0.142,-0.033,-0.02,464.5,468.2,476.1,486.4,503.1,529.9,563.1,602.1,643.8,683.2,716.5,745.5,768.8,783.1,790.5,794.7,795.2,496.4,516.0,542.3,570.0,596.7,674.9,700.8,725.3,749.3,767.5,639.8,641.7,643.8,645.7,610.7,627.3,644.0,660.6,675.2,532.4,550.1,572.7,590.6,571.8,549.7,682.6,699.0,721.2,738.0,723.3,702.2,581.0,603.5,627.1,643.9,661.0,683.6,701.8,684.9,663.2,644.4,626.1,602.7,591.3,626.9,643.9,661.4,692.3,661.5,643.7,626.3,366.7,412.8,457.2,499.9,539.4,573.9,601.4,622.3,627.7,621.6,600.3,572.7,537.9,496.9,452.4,406.1,359.8,325.7,308.4,302.6,305.9,314.3,313.2,303.9,300.9,304.0,317.3,357.8,388.8,419.4,450.6,467.5,473.6,478.6,473.2,466.9,364.2,352.0,352.1,365.4,371.1,371.1,364.1,350.2,349.7,360.0,367.8,368.6,528.7,512.7,505.6,509.8,505.7,512.3,525.7,550.2,560.7,562.6,560.7,550.8,528.7,521.8,522.8,521.2,527.3,537.6,539.4,537.6,-78.4,-77.0,-73.7,-69.2,-61.5,-49.2,-34.1,-16.7,1.7,19.0,34.1,47.4,58.0,64.4,67.4,69.0,69.1,-62.4,-53.7,-42.2,-30.1,-18.6,15.0,26.2,36.9,47.4,55.4,-0.1,0.7,1.6,2.4,-12.6,-5.5,1.7,8.8,15.2,-46.7,-38.9,-29.1,-21.4,-29.5,-39.1,18.5,25.6,35.2,42.7,36.2,27.0,-25.7,-15.8,-5.6,1.7,9.1,18.9,26.9,19.5,10.0,1.9,-6.0,-16.2,-21.2,-5.7,1.7,9.2,22.8,9.3,1.6,-5.9,3.0,23.7,43.7,63.0,80.6,95.6,106.9,115.1,117.3,115.2,107.0,95.5,80.2,61.6,41.4,20.6,-0.1,-14.9,-22.4,-24.8,-23.3,-19.6,-20.1,-24.2,-25.6,-24.3,-18.5,-1.0,12.4,25.4,38.6,46.3,48.9,51.0,48.7,46.0,1.8,-3.5,-3.4,2.3,4.8,4.8,1.8,-4.3,-4.5,0.0,3.4,3.7,73.5,66.0,62.7,64.5,62.8,66.0,72.3,82.5,86.7,87.5,86.7,82.7,73.4,69.8,70.2,69.6,72.9,76.8,77.5,76.8,1339.8,1344.1,1348.8,1351.3,1348.0,1340.3,1328.6,1317.0,1314.5,1321.4,1336.0,1347.6,1352.1,1349.8,1343.7,1338.4,1335.2,1304.5,1299.5,1295.4,1290.9,1287.2,1290.9,1294.9,1297.7,1300.0,1303.4,1289.9,1286.3,1282.4,1278.9,1292.5,1290.5,1289.2,1289.8,1290.9,1301.6,1298.3,1297.4,1298.0,1298.0,1299.0,1300.5,1300.1,1301.5,1305.6,1302.3,1300.8,1307.6,1297.1,1292.6,1291.7,1292.5,1299.5,1309.3,1301.9,1296.4,1295.2,1296.0,1299.8,1305.8,1294.9,1293.9,1294.7,1306.8,1297.0,1295.9,1296.9,2.295,0.179,-0.03,-0.021,638.92,452.64300000000003,-38.783,4.421,-19.035,-2.134,-1.0590000000000002,1.767,2.262,11.413,1.9469999999999998,-0.376,-6.3260000000000005,-2.8089999999999997,9.685,-0.89,0.831,0.885,5.404,-4.321000000000001,-4.132,-1.486,-1.395,1.178,-1.245,-0.493,-1.04,3.1239999999999997,-0.281,0.508,0.209,-1.215,1.2990000000000002,-0.35,0.11599999999999999,0.531,0.58,1.34,0.0,0.48,0.0,0.12,0.0,0.32,0.42,0.0,0.0,0.0,0.0,0.0,2.1,1.21,0.04,1.0,1.0,0.0,1.0,0.0,0.0,0.0,0.0,0.0,0.0,0.0,0.0,0.0,0.0,1.0,1.0,0.0,0.0
25,0.8009999999999999,0.98,0.033750999999999996,0.13222799999999998,-0.9906450000000001,-0.050865,0.15682000000000001,-0.986317,-0.009000000000000001,0.145,546.9,551.3,561.9,572.4,576.7,573.1,561.7,551.2,535.1,540.6,549.8,562.2,574.7,583.6,589.5,582.6,572.2,560.7,550.3,541.2,557.7,562.0,566.3,568.2,566.4,562.1,557.7,555.9,694.1,697.4,707.7,718.9,724.4,721.1,710.9,698.9,684.5,689.7,698.3,710.7,723.0,731.8,737.5,732.9,725.2,715.6,703.9,692.6,705.0,709.6,713.8,715.1,712.9,708.3,704.1,702.7,358.3,347.5,343.1,347.5,358.2,369.8,373.4,369.0,366.0,358.2,353.1,350.1,352.0,357.1,364.6,368.2,369.7,370.8,370.8,369.5,363.0,364.8,362.9,358.5,354.1,352.3,354.1,358.5,356.8,345.9,341.0,344.8,355.3,366.1,371.1,368.2,364.3,356.6,350.8,347.8,349.8,354.3,362.0,365.3,366.8,367.4,367.4,367.2,361.3,362.9,360.9,356.4,352.1,350.6,352.6,357.0,-36.3,-34.6,-30.5,-26.4,-24.7,-26.1,-30.5,-34.6,-41.1,-38.9,-35.2,-30.3,-25.5,-22.0,-19.7,-22.4,-26.4,-30.9,-35.0,-38.6,-32.1,-30.5,-28.8,-28.0,-28.7,-30.4,-32.1,-32.8,20.7,22.0,26.0,30.3,32.4,31.1,27.1,22.6,17.1,19.1,22.3,27.1,31.8,35.3,37.6,35.7,32.7,29.0,24.5,20.2,24.9,26.7,28.3,28.8,28.0,26.2,24.6,24.1,-0.7,-4.9,-6.6,-4.9,-0.7,3.8,5.2,3.5,2.4,-0.7,-2.7,-3.9,-3.1,-1.1,1.8,3.2,3.8,4.2,4.2,3.7,1.2,1.9,1.1,-0.6,-2.3,-3.0,-2.3,-0.6,-1.2,-5.4,-7.3,-5.8,-1.8,2.4,4.2,3.1,1.7,-1.3,-3.5,-4.7,-3.9,-2.2,0.8,2.0,2.6,2.8,2.8,2.8,0.5,1.1,0.3,-1.4,-3.0,-3.6,-2.8,-1.1,1170.9,1171.2,1171.0,1170.3,1169.6,1169.5,1169.6,1170.3,1175.2,1172.6,1170.2,1168.8,1169.3,1170.6,1172.1,1170.5,1169.0,1168.9,1170.3,1172.7,1171.1,1170.8,1170.7,1170.8,1171.1,1171.4,1171.5,1171.3,1149.6,1151.1,1152.4,1152.7,1151.8,1150.3,1149.0,1148.9,1150.3,1149.7,1149.3,1149.7,1151.5,1154.0,1156.4,1153.5,1150.6,1148.6,1148.0,1148.9,1150.7,1150.8,1151.3,1151.9,1152.3,1152.2,1151.6,1151.0,-0.2,40.1,1303.8,0.14300000000000002,-0.039,-0.02,464.7,468.3,476.1,486.2,502.7,529.5,563.1,602.5,644.6,684.0,717.2,746.1,769.3,783.5,790.7,794.9,795.4,497.0,516.7,543.1,570.9,597.6,675.8,701.6,726.1,749.9,768.2,640.5,642.6,644.8,646.8,611.8,628.4,645.0,661.4,676.0,533.0,550.7,573.3,591.3,572.5,550.4,683.3,699.7,721.9,738.8,724.1,703.0,582.0,604.9,628.2,644.9,662.0,684.3,702.6,685.7,664.2,645.5,627.4,604.1,592.2,628.0,645.0,662.4,693.2,662.4,644.7,627.4,367.4,413.0,456.8,498.9,537.8,571.8,598.8,619.5,624.9,619.1,598.2,571.2,536.9,496.2,452.0,406.0,360.1,325.6,308.6,303.0,306.4,314.8,313.5,304.1,300.9,303.9,317.1,358.0,389.2,420.0,451.2,467.7,473.8,478.8,473.4,467.1,364.3,352.1,352.2,365.6,371.3,371.3,364.2,350.2,349.7,359.9,367.8,368.7,527.3,512.2,505.5,509.6,505.5,511.7,524.2,547.8,558.0,559.8,558.0,548.6,527.4,521.3,522.3,520.6,525.8,535.3,537.1,535.4,-78.5,-77.1,-73.9,-69.4,-61.8,-49.5,-34.1,-16.5,2.0,19.4,34.5,47.8,58.5,64.8,67.7,69.4,69.4,-62.4,-53.5,-41.9,-29.8,-18.2,15.5,26.6,37.3,47.8,55.9,0.2,1.1,2.0,2.9,-12.2,-5.0,2.2,9.2,15.5,-46.6,-38.7,-28.9,-21.1,-29.3,-38.9,18.8,25.9,35.6,43.1,36.6,27.4,-25.4,-15.2,-5.1,2.1,9.5,19.2,27.4,19.9,10.5,2.4,-5.5,-15.6,-20.9,-5.2,2.1,9.7,23.2,9.7,2.0,-5.5,3.3,23.8,43.6,62.7,80.1,94.9,106.0,114.2,116.3,114.4,106.4,95.2,80.0,61.5,41.4,20.6,0.0,-15.0,-22.3,-24.7,-23.1,-19.5,-20.0,-24.2,-25.6,-24.3,-18.7,-0.8,12.6,25.7,39.0,46.5,49.1,51.2,48.9,46.2,1.9,-3.4,-3.4,2.4,4.9,4.9,1.8,-4.3,-4.5,-0.0,3.4,3.8,73.1,66.0,62.9,64.6,62.9,65.9,71.9,81.7,85.7,86.5,85.7,81.9,73.0,69.8,70.2,69.5,72.4,76.0,76.7,76.0,1343.2,1347.3,1352.0,1354.4,1351.3,1343.6,1331.5,1319.7,1317.4,1324.7,1339.9,1352.0,1356.8,1354.7,1348.6,1343.2,1339.9,1307.7,1302.6,1298.5,1293.9,1290.0,1293.7,1297.8,1300.8,1303.2,1306.9,1293.2,1289.5,1285.6,1282.1,1295.8,1293.8,1292.6,1293.2,1294.3,1304.9,1301.6,1300.7,1301.4,1301.3,1302.3,1304.0,1303.5,1305.0,1309.3,1305.8,1304.3,1310.7,1300.4,1296.0,1295.2,1296.0,1303.0,1312.7,1305.0,1299.4,1298.1,1298.8,1302.7,1308.8,1298.2,1297.3,1298.2,1310.1,1300.0,1298.9,1299.8,2.289,0.18,-0.038,-0.02,639.6469999999999,452.01300000000003,-35.248000000000005,3.214,-20.061,-3.737,-0.5870000000000001,3.162,1.8090000000000002,12.144,1.31,0.19399999999999998,-6.102,-3.4989999999999997,9.593,-1.038,1.153,0.61,5.489,-4.215,-4.394,-1.327,-1.146,1.4709999999999999,-1.2790000000000001,-0.32899999999999996,-1.046,2.855,-0.322,0.503,0.14800000000000002,-1.218,1.328,-0.377,0.08900000000000001,0.545,0.68,1.45,0.0,0.58,0.0,0.16,0.0,0.28,0.48,0.0,0.0,0.0,0.0,0.0,1.9,0.98,0.07,1.0,1.0,0.0,1.0,0.0,0.0,0.0,0.0,0.0,0.0,0.0,0.0,0.0,0.0,1.0,1.0,0.0,0.0
26,0.8340000000000001,0.98,0.031554,0.12881800000000002,-0.991166,-0.047938,0.15059,-0.987433,-0.008,0.14,547.7,552.1,562.6,573.2,577.5,573.9,562.5,552.0,536.0,541.4,550.7,563.0,575.4,584.4,590.3,583.6,573.4,562.0,551.4,542.2,558.5,562.8,567.1,568.9,567.1,562.8,558.5,556.7,694.8,698.2,708.4,719.6,725.1,721.8,711.5,699.6,685.4,690.6,699.1,711.5,723.6,732.4,738.1,733.3,725.6,716.1,704.5,693.4,705.7,710.3,714.6,715.9,713.6,709.0,704.8,703.4,358.4,347.7,343.2,347.6,358.3,369.8,373.4,369.1,366.4,358.4,353.2,350.1,352.0,357.4,365.1,368.4,369.8,370.8,371.0,369.8,363.0,364.8,363.0,358.6,354.3,352.5,354.3,358.7,356.8,345.9,341.0,344.8,355.3,366.1,371.1,368.2,364.5,356.6,350.9,348.0,350.1,354.5,362.2,365.4,366.9,367.5,367.4,367.2,361.4,362.9,360.9,356.4,352.1,350.5,352.5,357.0,-36.1,-34.4,-30.3,-26.2,-24.4,-25.8,-30.3,-34.4,-40.9,-38.6,-34.9,-30.1,-25.3,-21.7,-19.5,-22.1,-26.0,-30.5,-34.6,-38.3,-31.9,-30.2,-28.5,-27.8,-28.5,-30.2,-31.9,-32.6,21.1,22.4,26.4,30.8,32.9,31.6,27.6,23.0,17.5,19.5,22.8,27.5,32.3,35.7,38.0,36.1,33.0,29.3,24.8,20.6,25.3,27.1,28.8,29.3,28.5,26.7,25.0,24.5,-0.6,-4.8,-6.6,-4.8,-0.7,3.8,5.3,3.5,2.5,-0.6,-2.7,-3.9,-3.1,-1.0,2.0,3.3,3.8,4.2,4.3,3.8,1.2,1.9,1.2,-0.5,-2.2,-2.9,-2.2,-0.5,-1.2,-5.4,-7.3,-5.9,-1.8,2.4,4.3,3.2,1.7,-1.3,-3.5,-4.6,-3.8,-2.1,0.8,2.1,2.6,2.9,2.9,2.8,0.5,1.1,0.3,-1.4,-3.1,-3.7,-2.9,-1.1,1174.2,1174.5,1174.3,1173.7,1173.0,1172.9,1172.9,1173.5,1178.4,1175.9,1173.5,1172.2,1172.8,1174.1,1175.6,1174.1,1172.5,1172.3,1173.6,1175.9,1174.3,1174.1,1174.0,1174.1,1174.4,1174.7,1174.8,1174.6,1156.5,1158.0,1159.3,1159.5,1158.6,1157.1,1155.8,1155.7,1157.1,1156.5,1156.1,1156.4,1158.2,1160.6,1162.9,1160.1,1157.3,1155.3,1154.8,1155.8,1157.5,1157.6,1158.1,1158.7,1159.1,1159.0,1158.5,1157.9,0.1,40.2,1306.0,0.14400000000000002,-0.042,-0.019,465.0,468.7,476.5,486.3,502.6,529.2,563.0,602.6,644.9,684.5,717.9,746.9,770.0,783.9,790.9,795.0,795.5,497.5,517.0,543.6,571.7,598.8,676.3,702.0,726.7,750.7,768.9,641.4,643.5,645.7,647.7,612.8,629.3,645.9,662.1,676.6,533.9,551.7,574.3,592.1,573.4,551.4,684.1,700.4,722.5,739.3,724.7,703.7,582.8,605.9,629.2,645.7,662.5,684.6,702.9,686.0,664.7,646.2,628.3,605.1,593.0,628.9,645.7,662.8,693.6,662.8,645.4,628.3,368.0,413.4,456.9,498.7,537.2,570.8,597.4,618.1,623.6,617.9,597.2,570.6,536.5,495.9,451.9,406.1,360.2,326.6,309.1,303.2,306.8,315.4,314.2,304.4,301.2,304.3,317.8,358.4,389.7,420.5,451.7,467.9,474.1,479.0,473.7,467.4,364.5,352.3,352.4,365.8,371.5,371.5,364.4,350.3,349.8,360.1,367.9,368.8,526.9,512.1,505.6,509.7,505.6,511.7,523.9,547.3,557.3,559.0,557.2,547.9,527.0,521.3,522.3,520.6,525.6,534.7,536.4,534.7,-78.5,-77.1,-73.8,-69.5,-62.0,-49.7,-34.2,-16.5,2.1,19.7,34.8,48.3,58.9,65.1,68.0,69.6,69.6,-62.2,-53.5,-41.8,-29.5,-17.7,15.7,26.9,37.7,48.2,56.2,0.6,1.5,2.4,3.3,-11.8,-4.6,2.5,9.6,15.8,-46.2,-38.4,-28.5,-20.8,-28.9,-38.5,19.2,26.3,36.0,43.4,36.9,27.7,-25.0,-14.8,-4.7,2.5,9.7,19.4,27.6,20.0,10.7,2.7,-5.1,-15.2,-20.5,-4.8,2.5,9.9,23.4,9.9,2.4,-5.1,3.6,24.0,43.7,62.7,79.9,94.6,105.5,113.7,115.9,114.0,106.2,95.1,80.0,61.5,41.4,20.7,0.1,-14.6,-22.2,-24.6,-23.0,-19.2,-19.8,-24.1,-25.5,-24.2,-18.4,-0.7,12.8,26.0,39.3,46.7,49.3,51.4,49.1,46.4,2.0,-3.4,-3.3,2.5,5.0,5.0,1.9,-4.2,-4.5,0.0,3.5,3.9,73.0,66.0,63.0,64.8,63.0,66.0,71.9,81.6,85.6,86.2,85.5,81.7,73.0,69.9,70.3,69.6,72.4,75.8,76.5,75.8,1345.5,1349.6,1354.2,1356.7,1353.6,1345.8,1333.4,1321.5,1319.2,1326.8,1342.4,1354.9,1359.9,1357.9,1351.7,1346.0,1342.5,1310.1,1304.8,1300.7,1296.0,1292.0,1295.9,1299.9,1302.9,1305.4,1309.1,1295.4,1291.8,1287.9,1284.4,1297.9,1296.1,1294.9,1295.5,1296.6,1307.0,1303.7,1302.8,1303.6,1303.4,1304.4,1306.2,1305.7,1307.3,1311.6,1308.2,1306.7,1312.8,1302.7,1298.3,1297.6,1298.3,1305.4,1315.1,1307.2,1301.5,1300.2,1300.9,1304.8,1311.0,1300.5,1299.7,1300.5,1312.4,1302.2,1301.1,1302.0,2.285,0.18100000000000002,-0.042,-0.019,640.256,451.94199999999995,-33.727,2.727,-20.759,-4.645,-0.545,3.85,1.8090000000000002,12.232999999999999,1.473,0.8220000000000001,-6.07,-4.17,10.035,-1.053,1.12,0.574,6.061,-4.385,-4.6419999999999995,-0.7190000000000001,-1.001,1.339,-1.079,-0.21,-0.992,2.747,-0.32299999999999995,0.41700000000000004,0.215,-1.246,1.39,-0.348,0.13699999999999998,0.507,0.65,1.41,0.0,0.61,0.0,0.22,0.0,0.34,0.47,0.0,0.0,0.0,0.0,0.0,1.81,0.94,0.03,1.0,1.0,0.0,1.0,0.0,0.0,0.0,0.0,0.0,0.0,0.0,0.0,0.0,0.0,1.0,1.0,0.0,0.0
27,0.868,0.98,0.037142,0.14113,-0.989294,-0.042622,0.158816,-0.9863879999999999,-0.003,0.151,548.4,552.7,563.1,573.5,577.9,574.5,563.3,552.8,536.8,541.9,550.9,563.3,575.9,584.9,590.8,584.0,573.7,562.2,551.8,542.8,559.2,563.5,567.7,569.5,567.7,563.4,559.1,557.4,695.7,699.0,709.2,720.3,725.7,722.4,712.2,700.4,686.0,691.1,699.7,712.0,724.1,732.9,738.6,734.0,726.2,716.7,705.1,693.9,706.5,711.0,715.1,716.5,714.3,709.8,705.6,704.2,358.8,348.0,343.5,347.9,358.5,370.0,373.7,369.4,366.2,358.2,353.0,350.0,351.8,357.2,365.0,368.4,369.9,371.0,371.1,369.7,363.2,364.9,363.1,358.8,354.4,352.6,354.4,358.8,357.0,346.1,341.1,345.0,355.3,366.2,371.1,368.3,364.4,356.9,351.2,348.2,350.0,354.2,361.6,365.2,366.8,367.6,367.6,367.4,361.3,362.9,360.8,356.4,352.2,350.6,352.7,357.1,-35.9,-34.2,-30.1,-26.0,-24.3,-25.6,-30.0,-34.1,-40.6,-38.5,-34.8,-30.0,-25.1,-21.6,-19.3,-21.9,-25.9,-30.4,-34.5,-38.1,-31.6,-30.0,-28.3,-27.6,-28.3,-30.0,-31.7,-32.3,21.6,22.9,26.9,31.2,33.3,32.0,28.0,23.4,17.9,19.8,23.1,27.9,32.7,36.2,38.5,36.6,33.5,29.7,25.2,20.9,25.8,27.6,29.2,29.7,28.9,27.1,25.5,24.9,-0.5,-4.7,-6.4,-4.7,-0.6,3.9,5.4,3.7,2.4,-0.7,-2.7,-3.9,-3.2,-1.1,2.0,3.3,3.9,4.3,4.3,3.8,1.2,1.9,1.2,-0.5,-2.2,-2.9,-2.2,-0.5,-1.2,-5.4,-7.3,-5.9,-1.8,2.4,4.3,3.2,1.7,-1.2,-3.4,-4.6,-3.9,-2.3,0.6,2.0,2.7,2.9,3.0,2.9,0.5,1.1,0.3,-1.4,-3.0,-3.6,-2.9,-1.1,1174.4,1174.3,1173.9,1173.4,1173.0,1173.2,1173.4,1174.0,1179.1,1176.3,1173.6,1172.1,1172.6,1174.0,1175.7,1174.3,1172.9,1172.9,1174.3,1176.7,1174.6,1174.4,1174.2,1174.2,1174.3,1174.6,1174.7,1174.8,1163.7,1165.1,1166.2,1166.5,1165.8,1164.4,1163.2,1163.1,1164.7,1163.9,1163.4,1163.7,1165.4,1168.0,1170.4,1167.7,1164.9,1162.9,1162.4,1163.3,1164.8,1164.9,1165.4,1165.9,1166.2,1166.1,1165.7,1165.1,0.4,40.2,1307.7,0.149,-0.043,-0.02,465.1,468.8,476.6,486.6,503.2,530.1,564.2,603.9,645.9,685.2,718.3,747.2,770.3,784.3,791.3,795.4,795.9,498.0,517.6,544.2,572.2,599.2,677.2,702.7,727.2,751.0,769.2,642.1,644.3,646.5,648.7,613.8,630.2,646.7,662.9,677.3,534.4,552.2,574.7,592.5,573.9,551.8,684.7,700.9,723.1,739.8,725.3,704.3,583.5,606.5,629.8,646.4,663.1,685.3,703.6,686.6,665.3,646.9,628.9,605.8,593.7,629.6,646.4,663.5,694.2,663.5,646.1,629.0,367.9,413.4,456.9,498.7,537.1,570.7,597.2,617.6,623.0,617.3,596.8,570.3,536.4,495.9,451.9,405.9,360.0,326.5,309.1,303.3,306.9,315.4,314.1,304.3,301.1,304.0,317.3,358.4,389.7,420.6,452.0,468.1,474.1,479.1,473.7,467.5,364.5,352.3,352.3,365.8,371.6,371.5,364.4,350.3,349.6,360.0,367.9,368.8,526.7,512.0,505.6,509.8,505.7,511.7,523.8,547.2,557.2,559.0,557.1,547.7,526.9,521.3,522.4,520.7,525.5,534.7,536.4,534.7,-78.5,-77.1,-73.8,-69.4,-61.8,-49.4,-33.7,-15.9,2.6,20.0,35.1,48.5,59.1,65.4,68.2,69.8,69.8,-62.0,-53.3,-41.6,-29.3,-17.6,16.1,27.2,37.9,48.3,56.4,0.9,1.8,2.8,3.7,-11.4,-4.2,2.9,9.9,16.1,-46.0,-38.2,-28.4,-20.7,-28.8,-38.4,19.5,26.5,36.2,43.7,37.2,28.0,-24.8,-14.6,-4.4,2.8,10.0,19.7,27.9,20.4,11.0,3.0,-4.8,-14.9,-20.3,-4.5,2.8,10.2,23.8,10.2,2.6,-4.8,3.5,24.0,43.8,62.8,80.0,94.6,105.5,113.6,115.8,114.0,106.1,95.1,80.0,61.6,41.4,20.6,0.0,-14.6,-22.2,-24.6,-23.0,-19.2,-19.8,-24.1,-25.6,-24.4,-18.6,-0.7,12.8,26.1,39.4,46.8,49.4,51.5,49.2,46.5,2.0,-3.4,-3.3,2.5,5.0,5.0,1.9,-4.2,-4.5,-0.0,3.4,3.9,73.1,66.1,63.1,64.9,63.2,66.1,71.9,81.7,85.7,86.4,85.6,81.8,73.0,70.0,70.4,69.8,72.5,76.0,76.6,75.9,1346.6,1350.8,1355.6,1358.2,1355.1,1347.1,1334.7,1323.0,1320.9,1328.5,1344.1,1356.5,1361.5,1359.4,1353.0,1347.2,1343.4,1310.9,1305.8,1301.8,1297.2,1293.3,1297.3,1301.2,1304.0,1306.4,1310.0,1296.8,1293.3,1289.6,1286.3,1299.7,1297.9,1296.7,1297.3,1298.2,1308.1,1304.9,1304.0,1304.8,1304.7,1305.7,1307.5,1307.0,1308.6,1312.8,1309.5,1308.0,1314.5,1304.5,1300.2,1299.4,1300.2,1307.3,1316.8,1309.2,1303.6,1302.2,1302.9,1306.7,1312.7,1302.4,1301.6,1302.4,1314.2,1304.2,1303.1,1303.9,2.283,0.185,-0.043,-0.02,640.857,451.881,-35.293,2.863,-21.160999999999998,-5.397,0.0,4.294,2.13,12.677999999999999,1.489,0.715,-6.013,-4.372,10.255,-1.112,0.893,0.6579999999999999,6.04,-4.294,-4.758,-0.672,-1.192,1.295,-1.082,-0.127,-1.031,2.58,-0.455,0.503,0.172,-1.178,1.3419999999999999,-0.45399999999999996,0.11900000000000001,0.5760000000000001,0.66,1.47,0.0,0.65,0.0,0.15,0.0,0.38,0.49,0.0,0.0,0.0,0.0,0.0,1.83,0.89,0.03,1.0,1.0,0.0,1.0,0.0,0.0,0.0,0.0,0.0,0.0,0.0,0.0,0.0,0.0,1.0,1.0,0.0,0.0
28,0.9009999999999999,0.98,0.035164999999999995,0.150369,-0.9880040000000001,-0.045551999999999995,0.154297,-0.986974,-0.005,0.153,548.9,553.1,563.4,573.9,578.3,574.9,563.8,553.3,537.2,542.5,551.7,564.0,576.5,585.3,591.0,584.2,574.0,562.8,552.4,543.4,559.6,563.9,568.1,569.9,568.0,563.7,559.5,557.7,695.9,699.3,709.6,720.7,726.2,722.7,712.4,700.5,686.4,691.5,700.0,712.5,724.8,733.6,739.2,734.4,726.6,717.1,705.4,694.4,706.6,711.3,715.7,717.2,714.9,710.1,705.7,704.2,358.5,347.8,343.3,347.6,358.2,369.6,373.3,369.1,365.3,357.5,352.6,349.6,351.4,356.6,364.2,368.1,370.0,371.1,371.0,369.3,362.8,364.6,362.8,358.4,354.0,352.2,354.1,358.5,356.5,345.4,340.3,344.2,354.7,365.8,370.9,368.0,364.0,356.5,350.9,348.0,349.8,353.8,361.0,364.6,366.5,367.4,367.4,367.0,361.0,362.7,360.5,355.8,351.3,349.6,351.8,356.5,-35.9,-34.2,-30.1,-26.0,-24.3,-25.6,-30.0,-34.1,-40.6,-38.4,-34.7,-29.8,-25.0,-21.5,-19.3,-22.0,-25.9,-30.4,-34.5,-38.1,-31.7,-30.0,-28.3,-27.6,-28.3,-30.0,-31.7,-32.4,21.5,22.9,26.9,31.2,33.3,31.9,27.9,23.3,17.9,19.9,23.1,27.9,32.7,36.2,38.5,36.5,33.4,29.7,25.2,21.0,25.7,27.5,29.2,29.8,28.9,27.1,25.4,24.8,-0.6,-4.8,-6.6,-4.9,-0.7,3.8,5.3,3.6,2.1,-1.0,-2.9,-4.1,-3.4,-1.4,1.6,3.2,3.9,4.4,4.3,3.7,1.1,1.8,1.1,-0.6,-2.4,-3.1,-2.3,-0.6,-1.3,-5.6,-7.6,-6.1,-2.0,2.2,4.2,3.1,1.5,-1.4,-3.5,-4.6,-3.9,-2.4,0.4,1.8,2.5,2.8,2.9,2.7,0.4,1.0,0.2,-1.6,-3.4,-4.0,-3.2,-1.3,1180.9,1180.8,1180.4,1180.0,1179.7,1180.0,1180.1,1180.6,1185.4,1182.5,1179.9,1178.5,1179.1,1180.7,1182.5,1181.1,1179.6,1179.5,1180.9,1183.0,1181.2,1181.0,1180.9,1180.8,1180.9,1181.1,1181.3,1181.3,1156.5,1157.6,1158.6,1158.9,1158.4,1157.2,1156.2,1156.0,1157.5,1156.6,1156.0,1156.1,1157.9,1160.5,1163.0,1160.4,1157.7,1155.8,1155.2,1156.2,1157.5,1157.7,1158.1,1158.6,1158.9,1158.7,1158.3,1157.8,0.6,40.0,1305.3,0.15,-0.046,-0.019,465.6,469.1,476.8,486.8,503.5,530.5,564.7,604.4,646.4,685.7,718.7,747.5,770.5,784.5,791.6,795.7,796.1,498.6,518.4,544.7,572.5,599.3,678.2,703.6,727.8,751.3,769.4,642.7,644.8,647.1,649.2,614.4,630.8,647.2,663.4,677.7,534.9,552.6,575.3,593.1,574.3,552.3,685.1,701.4,723.6,740.3,725.7,704.7,583.9,607.0,630.4,647.1,664.0,686.1,704.2,687.5,666.2,647.6,629.5,606.2,594.1,630.2,647.1,664.3,694.8,664.3,646.8,629.6,366.9,412.5,456.3,498.4,537.1,570.9,597.6,618.3,623.7,617.9,597.0,570.3,536.2,495.6,451.5,405.5,359.6,324.4,307.4,301.8,305.5,314.1,312.9,303.2,300.1,302.9,315.9,357.9,389.1,419.9,451.2,467.7,473.7,478.7,473.4,467.2,363.9,351.7,351.9,365.3,371.2,371.0,364.0,350.0,349.4,359.7,367.6,368.6,526.7,511.8,505.3,509.5,505.4,511.4,523.6,547.6,558.0,559.8,558.0,548.3,526.8,521.2,522.2,520.4,525.3,535.3,537.0,535.3,-78.1,-76.8,-73.6,-69.2,-61.6,-49.1,-33.4,-15.7,2.8,20.2,35.2,48.5,59.1,65.4,68.2,69.8,69.8,-61.6,-52.8,-41.2,-29.1,-17.5,16.5,27.5,38.1,48.4,56.4,1.1,2.1,3.0,4.0,-11.1,-4.0,3.1,10.1,16.3,-45.7,-37.9,-28.1,-20.4,-28.5,-38.1,19.6,26.7,36.4,43.8,37.4,28.2,-24.5,-14.3,-4.2,3.1,10.4,20.1,28.1,20.7,11.4,3.3,-4.5,-14.7,-20.0,-4.3,3.1,10.5,24.0,10.6,3.0,-4.5,3.1,23.6,43.4,62.5,79.8,94.5,105.5,113.7,115.9,114.0,106.0,94.9,79.8,61.3,41.2,20.4,-0.2,-15.5,-22.8,-25.2,-23.5,-19.8,-20.3,-24.6,-26.0,-24.8,-19.2,-0.9,12.5,25.7,39.0,46.6,49.1,51.2,48.9,46.3,1.7,-3.6,-3.5,2.3,4.8,4.8,1.7,-4.4,-4.6,-0.1,3.3,3.7,72.9,65.9,62.9,64.6,62.9,65.8,71.7,81.7,85.9,86.6,85.8,81.9,72.8,69.8,70.2,69.5,72.3,76.1,76.8,76.1,1343.4,1347.9,1352.8,1355.6,1352.4,1344.4,1332.1,1320.6,1318.6,1326.3,1341.8,1354.0,1358.7,1356.4,1350.0,1344.2,1340.5,1307.7,1302.8,1298.9,1294.5,1290.7,1294.8,1298.8,1301.6,1303.9,1307.4,1294.4,1290.9,1287.2,1283.8,1297.2,1295.4,1294.4,1294.9,1295.9,1305.4,1302.1,1301.2,1302.2,1302.0,1302.9,1305.1,1304.6,1306.2,1310.6,1307.2,1305.6,1311.8,1301.9,1297.7,1297.0,1297.8,1304.9,1314.4,1307.0,1301.4,1300.0,1300.6,1304.2,1310.1,1299.9,1299.2,1300.1,1311.8,1302.0,1300.8,1301.6,2.287,0.187,-0.045,-0.019,641.377,451.551,-37.23,3.641,-21.193,-4.773,-0.195,3.5780000000000003,2.135,13.245999999999999,1.089,0.677,-6.24,-4.329,10.003,-1.2790000000000001,0.9420000000000001,0.387,5.648,-4.602,-4.938,-1.024,-1.158,1.295,-1.459,0.02,-1.006,2.734,-0.289,0.406,0.192,-1.1640000000000001,1.271,-0.491,0.133,0.579,0.81,1.61,0.0,0.77,0.0,0.14,0.0,0.43,0.52,0.0,0.0,0.0,0.0,0.0,1.91,0.92,0.0,1.0,1.0,0.0,1.0,0.0,0.0,0.0,0.0,0.0,0.0,0.0,0.0,0.0,0.0,1.0,1.0,0.0,0.0
29,0.934,0.98,0.033593,0.160719,-0.9864280000000001,-0.042312,0.16006800000000002,-0.9861989999999999,-0.004,0.161,549.2,553.2,563.5,574.0,578.6,575.4,564.3,553.8,537.5,542.6,551.7,564.2,576.8,585.7,591.4,584.6,574.4,563.1,552.7,543.6,559.8,564.3,568.6,570.3,568.4,563.9,559.6,557.9,695.9,699.4,709.7,720.9,726.4,722.9,712.6,700.6,686.4,691.8,700.5,712.8,724.7,733.5,739.1,734.5,726.7,717.0,705.5,694.4,706.6,711.4,715.9,717.3,715.0,710.2,705.8,704.3,357.8,347.2,342.7,346.9,357.4,368.7,372.5,368.3,363.8,356.2,351.6,348.8,350.5,355.5,363.0,367.2,369.4,370.6,370.3,368.2,362.0,363.8,361.9,357.4,353.0,351.2,353.1,357.6,355.6,344.8,339.8,343.7,354.2,365.1,370.0,367.1,363.4,355.6,349.8,346.8,348.6,353.0,360.5,364.0,365.6,366.3,366.4,366.2,360.3,362.0,359.9,355.2,350.8,349.1,351.2,355.9,-35.5,-33.9,-29.9,-25.7,-24.0,-25.2,-29.6,-33.7,-40.2,-38.1,-34.4,-29.5,-24.6,-21.2,-19.0,-21.6,-25.6,-30.0,-34.1,-37.7,-31.3,-29.6,-27.9,-27.2,-28.0,-29.7,-31.4,-32.1,21.5,22.9,26.9,31.2,33.3,31.9,27.9,23.3,17.9,19.9,23.3,28.0,32.6,36.1,38.4,36.5,33.4,29.6,25.2,20.9,25.7,27.5,29.2,29.8,28.9,27.1,25.4,24.8,-0.9,-5.0,-6.8,-5.1,-1.0,3.4,4.9,3.2,1.5,-1.5,-3.3,-4.4,-3.7,-1.8,1.2,2.8,3.7,4.1,4.0,3.2,0.8,1.5,0.7,-1.0,-2.8,-3.4,-2.7,-0.9,-1.7,-5.9,-7.8,-6.3,-2.2,2.0,3.9,2.7,1.3,-1.7,-3.9,-5.1,-4.4,-2.7,0.2,1.5,2.2,2.4,2.5,2.4,0.1,0.8,-0.0,-1.8,-3.6,-4.2,-3.4,-1.6,1171.5,1171.0,1170.5,1170.2,1170.4,1171.1,1171.4,1171.7,1176.6,1173.4,1170.5,1168.9,1169.6,1171.4,1173.6,1172.3,1171.0,1171.0,1172.3,1174.4,1172.1,1171.9,1171.7,1171.5,1171.4,1171.6,1171.8,1172.0,1154.5,1155.9,1157.1,1157.4,1156.6,1155.2,1154.0,1153.8,1155.4,1154.7,1154.3,1154.6,1156.4,1159.0,1161.4,1158.6,1155.8,1153.8,1153.2,1154.1,1155.5,1155.6,1156.1,1156.7,1157.1,1157.0,1156.4,1155.8,0.7,39.4,1300.7,0.14400000000000002,-0.045,-0.018000000000000002,466.1,469.4,476.9,486.9,503.4,530.4,564.5,604.5,646.8,686.2,719.3,748.0,770.9,784.8,791.7,795.9,796.4,499.2,518.9,544.9,572.4,599.0,679.5,705.1,729.3,752.4,769.9,642.9,645.1,647.4,649.5,614.6,631.1,647.4,663.5,677.8,535.1,552.8,575.6,593.4,574.6,552.4,685.1,701.3,723.7,740.4,725.9,704.8,583.7,606.8,630.2,647.2,664.2,686.5,704.3,687.8,666.3,647.6,629.3,606.0,593.9,630.0,647.1,664.5,695.0,664.5,646.8,629.3,366.4,411.9,455.6,497.7,536.3,570.4,597.5,618.6,624.1,618.2,597.2,570.2,535.9,495.2,451.0,404.9,359.1,320.8,303.6,297.7,301.0,309.4,308.3,298.8,296.3,300.0,313.5,356.0,387.5,418.5,449.9,466.9,472.8,477.8,472.6,466.5,362.9,350.5,350.7,364.3,370.3,370.1,363.0,349.0,348.4,358.9,366.9,367.8,526.5,511.1,504.4,508.5,504.4,510.7,523.4,547.8,558.2,560.0,558.2,548.4,526.6,520.7,521.6,519.9,525.1,535.2,537.0,535.2,-77.6,-76.4,-73.2,-68.9,-61.3,-48.9,-33.4,-15.6,3.0,20.4,35.3,48.6,59.0,65.2,68.0,69.6,69.6,-61.1,-52.4,-41.1,-29.1,-17.6,17.0,28.1,38.6,48.7,56.4,1.3,2.2,3.2,4.1,-10.9,-3.8,3.2,10.1,16.3,-45.5,-37.7,-27.8,-20.2,-28.3,-37.9,19.5,26.6,36.3,43.7,37.3,28.1,-24.5,-14.3,-4.2,3.1,10.4,20.1,28.1,20.7,11.4,3.3,-4.6,-14.7,-20.0,-4.3,3.1,10.6,23.9,10.6,2.9,-4.6,2.8,23.2,42.9,62.0,79.2,93.9,105.0,113.4,115.6,113.7,105.7,94.5,79.3,60.9,40.8,20.1,-0.4,-17.0,-24.4,-26.9,-25.4,-21.7,-22.2,-26.4,-27.6,-26.0,-20.2,-1.7,11.8,25.0,38.4,46.1,48.6,50.7,48.4,45.9,1.2,-4.1,-4.0,1.8,4.4,4.4,1.3,-4.8,-5.0,-0.5,3.0,3.4,72.5,65.3,62.2,64.0,62.2,65.3,71.3,81.5,85.6,86.3,85.6,81.6,72.5,69.4,69.7,69.0,71.9,75.7,76.4,75.7,1338.4,1342.8,1347.6,1350.2,1346.9,1338.9,1326.7,1315.3,1313.5,1321.2,1336.5,1348.4,1352.9,1350.5,1344.3,1338.8,1335.3,1302.9,1298.3,1294.4,1289.9,1286.1,1289.8,1294.2,1297.3,1299.8,1303.3,1290.2,1286.7,1283.0,1279.7,1292.8,1291.1,1290.1,1290.6,1291.6,1300.8,1297.5,1296.7,1297.7,1297.5,1298.4,1300.6,1300.2,1301.8,1306.2,1302.7,1301.1,1306.8,1296.9,1292.8,1292.0,1292.8,1299.8,1309.5,1301.9,1296.3,1294.8,1295.4,1299.0,1305.1,1295.1,1294.3,1295.1,1306.8,1297.0,1295.7,1296.5,2.296,0.18100000000000002,-0.045,-0.018000000000000002,641.591,450.499,-39.908,4.176,-22.338,-3.688,0.177,2.374,1.19,13.62,-0.805,1.589,-7.797000000000001,-4.9510000000000005,9.488999999999999,-1.3419999999999999,1.786,0.57,5.466,-4.881,-4.749,-1.534,-1.5619999999999998,1.656,-1.396,0.096,-1.4469999999999998,3.0669999999999997,-0.05,0.247,0.248,-1.093,1.189,-0.485,0.18100000000000002,0.465,1.02,1.8,0.0,1.0,0.0,0.19,0.0,0.37,0.56,0.0,0.0,0.0,0.0,0.0,2.04,1.08,0.0,1.0,1.0,0.0,1.0,0.0,0.0,0.0,0.0,0.0,0.0,0.0,0.0,0.0,0.0,1.0,1.0,0.0,0.0
30,0.968,0.98,0.034486,0.175899,-0.9838040000000001,-0.046481,0.170789,-0.9842110000000001,-0.006,0.174,549.0,553.0,563.2,573.8,578.4,575.2,564.1,553.6,537.5,542.2,551.1,563.7,576.5,585.5,591.3,584.6,574.1,562.6,552.2,543.3,559.7,564.1,568.4,570.1,568.1,563.8,559.5,557.8,695.8,699.4,709.8,721.0,726.3,722.7,712.3,700.3,686.0,691.8,700.6,713.0,724.9,733.5,738.9,734.3,726.8,717.2,705.6,694.3,706.2,711.2,715.8,717.4,715.1,710.1,705.4,703.8,356.7,346.0,341.5,345.7,356.2,367.5,371.4,367.2,362.8,355.0,350.2,347.3,349.0,354.0,361.4,365.4,367.5,368.7,368.6,366.8,360.8,362.5,360.7,356.2,351.9,350.1,352.0,356.4,354.2,343.3,338.5,342.8,353.5,364.5,369.2,365.9,361.6,354.0,348.3,345.4,347.5,352.0,359.7,363.2,364.8,365.4,365.2,364.7,359.4,361.3,359.2,354.3,349.5,347.6,349.7,354.6,-35.5,-33.9,-29.9,-25.8,-24.0,-25.2,-29.6,-33.7,-40.2,-38.2,-34.6,-29.7,-24.7,-21.2,-19.0,-21.6,-25.7,-30.2,-34.3,-37.8,-31.3,-29.6,-27.9,-27.3,-28.0,-29.7,-31.4,-32.1,21.1,22.5,26.5,30.8,32.8,31.4,27.4,22.8,17.5,19.6,22.9,27.7,32.2,35.6,37.7,35.9,32.9,29.2,24.8,20.6,25.1,27.0,28.8,29.4,28.5,26.6,24.8,24.2,-1.3,-5.5,-7.2,-5.6,-1.5,2.9,4.4,2.8,1.1,-2.0,-3.8,-4.9,-4.3,-2.4,0.6,2.1,2.9,3.4,3.4,2.7,0.3,1.0,0.3,-1.5,-3.2,-3.9,-3.1,-1.4,-2.2,-6.3,-8.2,-6.5,-2.5,1.7,3.5,2.2,0.6,-2.3,-4.4,-5.5,-4.8,-3.0,-0.1,1.2,1.8,2.0,2.0,1.8,-0.2,0.5,-0.3,-2.2,-4.0,-4.7,-3.9,-2.0,1169.8,1169.3,1168.7,1168.3,1168.4,1169.1,1169.5,1169.9,1175.1,1171.9,1169.0,1167.3,1167.8,1169.5,1171.4,1170.2,1169.0,1169.1,1170.6,1172.9,1170.2,1170.1,1169.8,1169.6,1169.6,1169.7,1170.0,1170.2,1136.5,1137.9,1139.2,1139.7,1139.0,1137.5,1136.2,1135.9,1137.2,1136.6,1136.3,1136.8,1138.8,1141.6,1144.1,1141.1,1138.2,1136.0,1135.3,1136.0,1137.6,1137.8,1138.4,1139.0,1139.4,1139.2,1138.6,1137.9,0.6,38.7,1295.7,0.14300000000000002,-0.040999999999999995,-0.017,466.3,469.4,476.8,486.9,503.5,530.5,564.4,604.3,646.6,686.0,719.0,747.9,770.9,784.8,791.9,796.2,796.6,499.4,518.9,544.5,571.8,598.1,680.1,705.4,729.3,752.1,769.5,642.7,644.9,647.2,649.3,614.5,630.9,647.2,663.2,677.5,534.8,552.5,575.3,593.1,574.3,552.1,684.9,701.3,723.8,740.4,725.9,704.7,583.1,606.2,629.8,646.7,663.6,686.1,703.9,687.2,665.5,646.9,628.7,605.2,593.3,629.5,646.6,663.9,694.6,663.7,646.2,628.8,365.2,410.7,454.3,496.7,535.6,570.1,597.7,619.2,624.9,618.8,597.3,569.8,535.2,494.4,450.1,404.0,358.2,316.7,299.5,293.4,296.6,305.1,304.1,294.7,292.3,296.2,309.6,353.9,385.6,416.7,448.4,465.7,471.7,476.7,471.5,465.5,361.3,349.0,349.3,362.6,368.9,368.7,361.5,347.8,347.3,357.7,365.8,366.7,525.7,510.1,503.4,507.6,503.5,510.0,522.8,548.1,558.5,560.3,558.4,548.3,525.9,520.0,521.0,519.3,524.6,535.3,537.0,535.2,-77.2,-76.0,-73.0,-68.6,-61.0,-48.7,-33.3,-15.6,2.9,20.2,35.1,48.3,58.7,64.9,67.7,69.3,69.4,-60.8,-52.2,-41.1,-29.2,-17.9,17.2,28.1,38.5,48.4,56.0,1.2,2.1,3.0,4.0,-10.9,-3.9,3.1,10.0,16.1,-45.4,-37.7,-27.9,-20.2,-28.3,-37.9,19.4,26.5,36.2,43.5,37.1,27.9,-24.7,-14.5,-4.4,2.9,10.1,19.9,27.8,20.4,11.0,3.0,-4.9,-15.0,-20.2,-4.5,2.9,10.3,23.7,10.2,2.7,-4.8,2.3,22.6,42.2,61.3,78.5,93.4,104.7,113.2,115.6,113.5,105.3,93.9,78.6,60.2,40.2,19.5,-0.8,-18.7,-26.1,-28.6,-27.1,-23.5,-23.9,-28.1,-29.1,-27.5,-21.8,-2.6,10.9,24.2,37.5,45.4,47.9,50.0,47.8,45.2,0.6,-4.7,-4.6,1.1,3.8,3.7,0.6,-5.3,-5.5,-1.0,2.5,2.9,71.9,64.7,61.6,63.3,61.6,64.7,70.8,81.3,85.5,86.1,85.3,81.2,71.9,68.8,69.2,68.5,71.4,75.5,76.2,75.4,1332.8,1337.2,1342.0,1344.7,1341.2,1333.2,1321.3,1310.3,1308.8,1316.2,1330.9,1342.3,1346.3,1343.7,1337.6,1332.4,1328.9,1297.5,1293.3,1289.4,1284.8,1281.1,1284.5,1288.8,1291.9,1294.3,1297.5,1285.2,1281.7,1278.1,1274.8,1287.8,1286.2,1285.2,1285.6,1286.5,1295.7,1292.5,1291.5,1292.4,1292.3,1293.3,1295.2,1294.9,1296.4,1300.7,1297.3,1295.8,1301.6,1291.8,1287.7,1286.9,1287.7,1294.5,1304.2,1296.7,1291.3,1289.8,1290.3,1293.8,1299.9,1290.0,1289.3,1290.0,1301.5,1292.0,1290.8,1291.5,2.305,0.18,-0.04,-0.017,641.3380000000001,449.23199999999997,-43.87,4.535,-23.011,-2.283,0.738,1.3969999999999998,0.904,13.833,-2.463,1.9980000000000002,-8.753,-4.965,9.0,-1.879,1.933,-0.133,4.781000000000001,-4.718999999999999,-4.963,-1.672,-1.919,1.511,-1.167,0.222,-1.7369999999999999,3.428,-0.022000000000000002,0.377,0.35700000000000004,-1.181,1.318,-0.415,0.231,0.45299999999999996,1.3,2.16,0.0,1.34,0.0,0.15,0.0,0.3,0.56,0.0,0.0,0.0,0.0,0.0,2.11,1.22,0.0,1.0,1.0,0.0,1.0,0.0,0.0,0.0,0.0,0.0,0.0,0.0,0.0,0.0,0.0,1.0,1.0,0.0,0.0
31,1.001,0.98,0.030407999999999998,0.17594,-0.983931,-0.05151,0.182766,-0.981806,-0.011000000000000001,0.18,548.5,552.3,562.6,573.2,577.9,574.9,563.8,553.2,536.8,541.5,550.6,563.0,575.7,584.8,590.8,584.2,574.1,562.8,552.3,543.0,559.3,563.6,567.9,569.5,567.5,563.2,558.9,557.3,695.0,698.4,708.7,720.1,725.7,722.3,711.9,699.8,685.0,691.1,700.2,712.5,724.3,733.0,738.8,734.3,726.5,716.6,704.9,693.4,705.7,710.6,715.2,716.6,714.2,709.2,704.7,703.2,356.2,345.7,341.1,345.2,355.6,366.8,370.8,366.6,361.8,354.1,349.4,346.4,347.8,352.8,360.4,365.0,367.7,369.2,369.0,366.7,360.1,361.8,359.9,355.5,351.3,349.5,351.4,355.8,354.1,343.1,338.1,342.1,352.8,363.8,368.7,365.7,360.9,353.3,347.6,344.6,346.5,351.1,358.6,362.3,363.9,364.5,364.5,364.2,359.0,360.8,358.6,353.8,349.2,347.4,349.6,354.4,-35.5,-34.0,-30.0,-25.9,-24.1,-25.3,-29.5,-33.7,-40.2,-38.2,-34.6,-29.8,-24.9,-21.4,-19.1,-21.6,-25.6,-29.9,-34.0,-37.7,-31.3,-29.6,-28.0,-27.3,-28.1,-29.8,-31.4,-32.1,20.6,21.9,25.9,30.1,32.2,30.9,27.0,22.4,16.9,19.2,22.6,27.2,31.7,35.1,37.4,35.5,32.5,28.8,24.3,20.0,24.7,26.5,28.3,28.8,27.9,26.1,24.3,23.8,-1.5,-5.6,-7.3,-5.7,-1.7,2.6,4.2,2.6,0.7,-2.3,-4.1,-5.3,-4.7,-2.8,0.2,1.9,3.0,3.6,3.5,2.6,0.0,0.7,-0.0,-1.7,-3.4,-4.1,-3.3,-1.6,-2.2,-6.4,-8.2,-6.7,-2.7,1.4,3.3,2.1,0.3,-2.5,-4.7,-5.8,-5.1,-3.4,-0.5,0.9,1.5,1.7,1.7,1.6,-0.4,0.3,-0.5,-2.3,-4.1,-4.7,-3.9,-2.1,1163.1,1162.3,1161.7,1161.5,1161.9,1162.9,1163.3,1163.5,1168.4,1165.0,1161.9,1160.2,1160.9,1162.9,1165.2,1164.1,1162.9,1162.9,1164.2,1166.3,1163.7,1163.6,1163.4,1163.0,1162.9,1162.9,1163.2,1163.5,1126.5,1128.0,1129.3,1129.7,1128.9,1127.4,1126.1,1125.8,1127.2,1126.7,1126.4,1127.1,1129.0,1131.8,1134.4,1131.1,1128.0,1125.9,1125.2,1125.9,1127.6,1127.7,1128.3,1129.0,1129.3,1129.2,1128.6,1127.9,0.3,38.3,1292.7,0.134,-0.039,-0.017,466.4,469.2,476.5,486.6,503.1,530.0,563.6,603.8,646.1,685.1,717.9,746.6,769.7,783.9,791.2,795.7,796.4,499.2,518.3,543.5,570.5,596.5,680.1,705.4,729.2,751.9,769.4,641.7,643.9,646.2,648.3,613.8,630.1,646.3,662.3,676.6,534.1,551.9,574.9,593.0,573.9,551.5,684.0,700.6,723.3,740.1,725.6,704.1,581.9,605.1,628.9,645.9,662.6,685.6,703.7,686.7,664.6,646.2,627.9,604.1,592.3,628.6,645.8,662.9,694.3,662.6,645.3,627.8,365.2,410.4,453.9,496.3,535.2,570.2,598.3,620.1,625.8,619.7,598.3,570.7,536.1,495.1,450.4,403.8,357.8,314.3,296.8,290.5,293.4,301.7,300.6,290.9,288.7,292.9,306.6,352.3,384.1,415.3,447.1,465.1,471.0,475.9,470.7,464.8,360.7,348.3,348.6,362.0,368.4,368.3,360.7,346.9,346.3,356.7,365.1,366.0,525.5,509.5,502.3,506.5,502.5,509.2,522.5,548.5,559.0,560.7,558.8,548.6,525.7,519.7,520.7,519.1,524.4,534.9,536.5,534.8,-76.9,-75.9,-72.9,-68.5,-61.0,-48.7,-33.5,-15.8,2.6,19.8,34.5,47.6,58.0,64.2,67.2,69.0,69.1,-60.7,-52.4,-41.4,-29.7,-18.5,17.1,28.0,38.3,48.2,55.8,0.7,1.7,2.6,3.5,-11.2,-4.2,2.7,9.6,15.7,-45.6,-37.9,-28.0,-20.2,-28.4,-38.1,19.0,26.1,35.9,43.3,36.9,27.6,-25.2,-15.0,-4.7,2.5,9.7,19.6,27.6,20.1,10.6,2.7,-5.2,-15.4,-20.6,-4.9,2.5,9.8,23.5,9.7,2.3,-5.2,2.3,22.4,41.9,60.9,78.1,93.1,104.7,113.3,115.7,113.6,105.4,94.0,78.8,60.3,40.2,19.4,-1.0,-19.7,-27.2,-29.8,-28.5,-24.8,-25.4,-29.6,-30.6,-28.9,-23.0,-3.3,10.3,23.5,36.9,45.0,47.5,49.6,47.3,44.8,0.3,-5.0,-4.9,0.8,3.6,3.6,0.3,-5.7,-5.9,-1.4,2.2,2.6,71.6,64.2,60.9,62.7,61.0,64.2,70.5,81.3,85.4,86.1,85.3,81.1,71.6,68.5,68.9,68.2,71.1,75.1,75.7,75.0,1329.2,1333.3,1337.9,1340.4,1337.0,1329.3,1317.8,1307.1,1305.7,1312.8,1327.1,1338.3,1342.2,1339.7,1333.9,1328.8,1325.6,1294.8,1291.0,1286.9,1282.4,1278.8,1281.4,1285.8,1289.0,1291.5,1294.6,1282.7,1279.2,1275.6,1272.3,1285.1,1283.6,1282.6,1283.0,1284.1,1293.4,1290.1,1289.1,1289.8,1289.8,1290.9,1292.1,1292.0,1293.4,1297.7,1294.3,1292.7,1298.6,1288.5,1284.2,1283.5,1284.0,1290.8,1300.6,1292.9,1287.5,1286.1,1286.7,1290.3,1296.8,1286.8,1286.0,1286.6,1298.0,1288.3,1287.1,1287.9,2.311,0.171,-0.038,-0.017,640.6669999999999,448.49300000000005,-46.563,2.9410000000000003,-23.691,-0.773,0.7829999999999999,0.221,-0.019,14.099,-4.662,1.7309999999999999,-10.12,-5.242000000000001,8.212,-1.964,2.378,0.157,4.68,-4.056,-4.417,-1.964,-2.101,0.87,-0.951,0.294,-1.994,3.747,0.152,0.369,0.374,-1.183,1.325,-0.423,0.247,0.424,1.48,2.43,0.0,1.35,0.0,0.11,0.0,0.27,0.55,0.0,0.0,0.0,0.0,0.0,2.14,1.35,0.0,1.0,1.0,0.0,1.0,0.0,0.0,0.0,0.0,0.0,0.0,0.0,0.0,0.0,0.0,1.0,1.0,0.0,0.0
32,1.034,0.98,0.022518,0.185813,-0.9823270000000001,-0.045379,0.187722,-0.981173,-0.012,0.188,547.3,551.3,561.6,572.3,577.0,573.9,562.7,552.0,535.6,540.4,549.6,562.0,574.7,584.0,590.1,583.5,573.3,562.0,551.4,542.0,558.2,562.6,566.9,568.5,566.6,562.2,557.9,556.2,694.1,697.5,707.9,719.2,724.9,721.4,711.0,698.9,684.0,690.2,699.4,711.5,723.3,732.1,737.9,733.1,725.1,715.1,703.4,692.1,704.8,709.8,714.4,715.9,713.4,708.4,703.8,702.3,356.0,345.4,340.9,345.2,355.6,366.8,370.7,366.4,361.1,353.7,349.2,346.4,347.8,352.7,360.4,364.6,367.2,368.7,368.4,365.9,359.9,361.6,359.8,355.4,351.1,349.3,351.1,355.5,354.1,343.0,337.9,341.8,352.4,363.5,368.5,365.6,360.7,353.1,347.4,344.5,346.4,350.9,358.2,362.0,363.8,364.5,364.4,364.0,358.9,360.6,358.4,353.5,348.8,347.0,349.3,354.2,-35.7,-34.2,-30.2,-26.1,-24.3,-25.5,-29.8,-33.9,-40.4,-38.5,-34.8,-30.0,-25.1,-21.6,-19.3,-21.8,-25.7,-30.1,-34.2,-37.9,-31.6,-29.9,-28.2,-27.6,-28.3,-30.0,-31.7,-32.3,20.5,21.8,25.7,30.0,32.1,30.8,26.9,22.3,16.7,19.0,22.4,27.1,31.5,35.0,37.3,35.3,32.2,28.4,24.0,19.7,24.5,26.4,28.2,28.8,27.8,25.9,24.2,23.6,-1.6,-5.6,-7.3,-5.7,-1.7,2.6,4.1,2.5,0.4,-2.4,-4.2,-5.2,-4.7,-2.8,0.2,1.8,2.8,3.4,3.2,2.3,-0.1,0.6,-0.1,-1.8,-3.4,-4.1,-3.4,-1.7,-2.2,-6.4,-8.4,-6.9,-2.9,1.3,3.2,2.1,0.3,-2.6,-4.8,-5.9,-5.2,-3.5,-0.7,0.8,1.4,1.7,1.7,1.5,-0.4,0.2,-0.6,-2.5,-4.3,-4.9,-4.1,-2.2,1156.8,1155.9,1155.1,1155.0,1155.6,1156.9,1157.4,1157.5,1162.1,1158.7,1155.5,1153.8,1154.5,1156.5,1159.0,1158.0,1156.8,1156.8,1158.1,1160.2,1157.5,1157.5,1157.2,1156.8,1156.5,1156.5,1156.9,1157.3,1134.4,1135.7,1137.0,1137.3,1136.6,1135.3,1134.1,1133.8,1135.5,1134.8,1134.4,1134.9,1136.7,1139.4,1141.9,1138.8,1135.9,1133.8,1133.3,1134.2,1135.5,1135.6,1136.2,1136.8,1137.1,1136.9,1136.4,1135.8,-0.1,37.9,1288.0,0.136,-0.033,-0.017,465.5,468.2,475.5,485.8,502.3,529.2,562.7,602.8,645.3,684.8,717.8,746.7,769.6,783.6,790.9,795.4,796.2,498.3,517.4,542.6,569.9,595.9,678.7,704.1,728.2,751.1,768.6,640.6,642.6,644.8,646.8,612.4,628.8,645.1,661.2,675.5,533.2,551.0,574.0,592.1,573.1,550.7,682.8,699.5,722.2,739.2,724.6,703.0,580.6,604.0,627.8,644.6,661.3,684.4,703.0,685.5,663.4,645.0,626.8,603.0,591.0,627.6,644.6,661.6,693.5,661.4,644.1,626.8,364.4,409.8,453.6,496.2,535.2,570.1,598.1,619.7,625.3,619.2,597.7,570.1,535.5,494.5,450.0,403.7,357.8,313.1,295.4,288.9,292.0,300.7,299.4,289.4,286.9,291.1,305.0,351.7,383.6,415.0,446.9,465.1,470.9,475.9,470.7,464.7,360.3,348.1,348.5,361.7,368.1,368.0,360.4,346.7,346.1,356.4,364.8,365.8,525.2,509.6,502.6,506.7,502.8,509.4,522.2,548.2,558.6,560.3,558.5,548.3,525.5,519.9,520.9,519.2,524.1,534.6,536.2,534.6,-77.1,-76.1,-73.1,-68.7,-61.2,-49.0,-33.8,-16.1,2.3,19.5,34.3,47.4,57.8,63.9,66.8,68.6,68.8,-61.0,-52.6,-41.6,-29.9,-18.7,16.5,27.4,37.8,47.6,55.3,0.2,1.1,2.0,2.9,-11.8,-4.8,2.2,9.0,15.1,-45.9,-38.2,-28.3,-20.5,-28.7,-38.3,18.3,25.5,35.3,42.8,36.3,27.1,-25.6,-15.4,-5.2,2.0,9.1,19.0,27.2,19.5,10.0,2.1,-5.6,-15.9,-21.1,-5.3,2.0,9.2,23.1,9.1,1.8,-5.7,2.0,22.1,41.6,60.7,77.9,92.8,104.3,112.8,115.1,113.0,104.8,93.4,78.2,59.9,39.9,19.3,-1.0,-20.2,-27.7,-30.4,-29.0,-25.2,-25.8,-30.1,-31.3,-29.6,-23.6,-3.5,10.0,23.3,36.7,44.9,47.3,49.4,47.2,44.6,0.1,-5.1,-4.9,0.7,3.5,3.4,0.2,-5.7,-6.0,-1.6,2.1,2.5,71.3,64.0,60.8,62.6,60.9,64.0,70.1,80.8,84.9,85.6,84.8,80.7,71.3,68.3,68.7,68.0,70.8,74.7,75.3,74.7,1325.6,1329.5,1333.9,1336.4,1333.0,1325.3,1313.7,1302.9,1301.3,1308.3,1322.6,1333.6,1337.2,1334.8,1329.2,1324.4,1321.6,1290.7,1286.8,1282.5,1277.7,1273.8,1275.8,1280.3,1283.8,1286.7,1290.1,1277.9,1274.4,1270.7,1267.3,1280.5,1279.0,1277.9,1278.3,1279.4,1289.3,1285.8,1284.7,1285.3,1285.4,1286.5,1287.3,1287.1,1288.5,1292.7,1289.3,1287.8,1294.3,1284.1,1279.6,1278.8,1279.3,1286.0,1296.0,1288.1,1282.7,1281.3,1282.0,1285.8,1292.5,1282.2,1281.4,1281.9,1293.4,1283.5,1282.4,1283.1,2.319,0.17300000000000001,-0.032,-0.018000000000000002,639.7090000000001,448.08099999999996,-44.998999999999995,2.9789999999999996,-23.588,-0.09699999999999999,1.6130000000000002,0.389,0.21899999999999997,13.925,-6.032,2.7310000000000003,-10.404000000000002,-5.417000000000001,7.287999999999999,-2.049,2.522,0.366,4.457,-3.8939999999999997,-4.732,-1.984,-1.62,0.7240000000000001,-0.7859999999999999,0.276,-1.87,3.7969999999999997,0.025,0.38,0.431,-1.135,1.3359999999999999,-0.54,0.212,0.45799999999999996,1.63,2.69,0.0,1.4,0.0,0.0,0.0,0.23,0.55,0.0,0.0,0.0,0.0,0.0,2.05,1.18,0.0,1.0,1.0,0.0,1.0,0.0,0.0,0.0,0.0,0.0,0.0,0.0,0.0,0.0,0.0,1.0,1.0,0.0,0.0
33,1.068,0.98,0.032234,0.17994300000000002,-0.9831489999999999,-0.041222,0.193163,-0.9803,-0.005,0.188,546.2,550.2,560.6,571.3,576.1,572.9,561.7,551.0,534.6,539.1,548.1,560.7,573.6,582.8,588.8,582.0,571.7,560.3,549.8,540.7,557.2,561.6,565.9,567.6,565.6,561.2,556.9,555.2,693.1,696.4,706.6,718.0,723.7,720.5,710.2,698.1,682.8,688.9,697.9,710.1,721.9,730.6,736.3,731.7,723.9,714.0,702.3,691.0,703.7,708.8,713.4,714.8,712.3,707.2,702.6,701.2,356.0,345.5,341.1,345.4,355.9,367.1,370.9,366.5,361.0,353.6,349.3,346.5,348.0,352.9,360.8,364.9,367.4,368.8,368.2,365.6,359.9,361.7,359.9,355.6,351.2,349.4,351.2,355.6,354.4,343.3,338.1,341.9,352.4,363.6,368.8,366.0,360.9,353.2,347.5,344.5,346.4,350.9,358.3,362.1,363.9,364.6,364.5,364.1,359.2,360.9,358.6,353.6,348.9,347.2,349.5,354.5,-36.1,-34.5,-30.5,-26.4,-24.6,-25.8,-30.2,-34.3,-40.7,-38.9,-35.3,-30.4,-25.5,-22.0,-19.7,-22.3,-26.3,-30.7,-34.7,-38.3,-31.9,-30.2,-28.5,-27.9,-28.6,-30.3,-32.0,-32.6,20.1,21.4,25.3,29.6,31.7,30.5,26.6,22.0,16.2,18.5,21.9,26.5,31.1,34.5,36.7,34.8,31.8,28.0,23.6,19.3,24.1,26.1,27.8,28.4,27.4,25.5,23.7,23.2,-1.5,-5.6,-7.3,-5.6,-1.6,2.7,4.2,2.5,0.4,-2.5,-4.1,-5.2,-4.6,-2.7,0.3,1.9,2.9,3.4,3.2,2.2,-0.0,0.7,-0.0,-1.7,-3.4,-4.1,-3.4,-1.7,-2.1,-6.3,-8.3,-6.9,-2.9,1.4,3.3,2.3,0.3,-2.6,-4.7,-5.9,-5.2,-3.5,-0.7,0.8,1.5,1.7,1.7,1.6,-0.3,0.3,-0.5,-2.4,-4.2,-4.9,-4.0,-2.1,1154.1,1153.0,1152.1,1152.0,1152.7,1154.2,1154.7,1154.8,1159.4,1156.0,1152.7,1150.9,1151.6,1153.5,1155.9,1155.0,1153.9,1154.0,1155.4,1157.5,1154.8,1154.8,1154.4,1153.9,1153.6,1153.6,1154.0,1154.5,1135.2,1136.6,1137.9,1138.4,1137.8,1136.4,1135.1,1134.8,1136.3,1135.7,1135.4,1135.9,1137.8,1140.5,1143.1,1139.9,1137.0,1134.9,1134.2,1135.0,1136.4,1136.7,1137.2,1137.8,1138.1,1137.9,1137.3,1136.7,-0.5,37.8,1291.0,0.131,-0.027999999999999997,-0.022000000000000002,465.2,468.1,475.5,485.6,501.9,528.6,562.2,602.2,645.0,684.7,718.1,747.1,769.9,783.6,790.5,794.7,795.6,496.6,515.6,540.8,568.1,594.3,677.4,703.0,727.2,749.9,767.3,639.2,641.2,643.4,645.4,611.3,627.7,644.0,660.2,674.5,532.0,549.6,572.6,590.7,571.8,549.4,681.5,698.2,720.9,738.0,723.3,701.8,579.8,603.4,627.1,643.9,660.5,683.6,702.6,685.0,662.9,644.6,626.5,602.7,590.1,627.0,644.0,661.0,693.3,660.9,643.7,626.4,365.4,411.2,455.3,497.9,536.4,570.2,596.7,617.2,622.5,616.6,595.9,569.2,535.0,494.2,449.9,403.8,358.1,313.3,295.3,288.6,291.4,299.9,298.4,288.5,286.0,290.1,304.0,351.5,383.6,415.2,447.2,465.3,471.1,476.1,470.7,464.5,360.6,348.3,348.7,361.9,368.4,368.3,360.6,346.6,345.9,356.2,364.7,365.8,524.2,509.3,502.7,506.7,502.7,508.8,520.6,545.8,556.2,558.0,556.3,546.7,524.5,519.4,520.3,518.6,522.6,533.0,534.7,533.2,-77.5,-76.4,-73.4,-68.9,-61.5,-49.3,-34.1,-16.4,2.2,19.5,34.5,47.7,58.0,64.0,66.8,68.5,68.7,-61.9,-53.5,-42.5,-30.7,-19.5,16.0,27.0,37.4,47.3,54.9,-0.3,0.5,1.4,2.3,-12.3,-5.3,1.7,8.6,14.7,-46.5,-38.8,-28.9,-21.2,-29.3,-39.0,17.9,25.0,34.8,42.3,35.9,26.6,-26.0,-15.7,-5.5,1.6,8.8,18.7,27.1,19.3,9.8,2.0,-5.8,-16.0,-21.6,-5.5,1.7,9.0,23.0,9.0,1.6,-5.8,2.4,22.8,42.5,61.6,78.6,93.1,103.9,111.9,114.0,112.1,104.2,93.2,78.2,59.8,39.9,19.4,-0.8,-20.2,-27.8,-30.6,-29.3,-25.6,-26.3,-30.6,-31.8,-30.0,-24.2,-3.6,10.1,23.4,36.9,45.0,47.5,49.6,47.3,44.6,0.3,-5.0,-4.8,0.8,3.6,3.6,0.2,-5.7,-6.1,-1.6,2.0,2.5,71.0,64.1,61.0,62.7,61.0,64.0,69.5,80.0,84.0,84.8,84.1,80.2,71.0,68.3,68.7,67.9,70.3,74.2,74.8,74.2,1329.5,1333.2,1337.4,1339.7,1336.4,1328.5,1316.4,1305.1,1303.3,1310.3,1324.9,1336.1,1339.9,1337.5,1332.1,1327.6,1325.1,1294.9,1290.8,1286.3,1281.0,1276.7,1278.5,1283.0,1286.6,1289.7,1293.2,1281.2,1277.6,1273.9,1270.5,1283.7,1282.1,1280.8,1281.2,1282.3,1292.9,1289.3,1288.0,1288.7,1288.8,1290.0,1290.3,1290.1,1291.4,1295.6,1292.2,1290.8,1297.3,1287.4,1282.9,1282.1,1282.6,1289.0,1298.9,1290.8,1285.4,1284.1,1284.8,1288.7,1295.5,1285.3,1284.5,1285.0,1296.2,1286.5,1285.3,1286.2,2.313,0.168,-0.026000000000000002,-0.022000000000000002,638.889,447.594,-44.0,2.3569999999999998,-24.107,-1.517,3.307,1.7069999999999999,-0.358,14.183,-6.815,3.931,-10.624,-5.611000000000001,7.5489999999999995,-1.838,3.134,0.547,4.183,-4.348,-5.4239999999999995,-1.435,-0.8290000000000001,1.081,-1.187,0.431,-1.778,3.571,-0.534,0.431,0.29100000000000004,-1.115,1.273,-0.737,0.12300000000000001,0.599,1.74,2.83,0.0,1.33,0.0,0.0,0.0,0.15,0.58,0.0,0.0,0.0,0.0,0.0,1.9,0.96,0.0,1.0,1.0,0.0,1.0,0.0,0.0,0.0,0.0,0.0,0.0,0.0,0.0,0.0,0.0,1.0,1.0,0.0,0.0
34,1.101,0.98,0.036806,0.180378,-0.982908,-0.040985,0.183068,-0.982246,-0.002,0.183,545.2,549.1,559.5,570.3,575.1,572.0,560.8,550.0,533.6,538.0,546.9,559.4,572.4,581.6,587.7,580.9,570.6,559.1,548.7,539.7,556.2,560.6,564.9,566.5,564.6,560.1,555.9,554.2,691.9,695.2,705.6,717.1,723.0,719.8,709.4,697.0,681.7,687.8,696.9,709.2,721.0,729.8,735.6,730.9,723.1,713.2,701.4,690.0,702.7,707.9,712.6,714.0,711.4,706.2,701.5,700.1,356.1,345.6,341.1,345.4,355.9,366.9,370.8,366.6,360.9,353.6,349.3,346.5,347.8,352.6,360.4,364.7,367.6,369.0,368.4,365.7,359.9,361.6,359.8,355.5,351.2,349.4,351.2,355.6,353.7,342.4,337.1,340.9,351.7,363.1,368.4,365.5,360.8,352.9,347.0,344.1,345.9,350.3,357.6,361.4,363.3,364.2,364.2,363.9,358.6,360.3,358.0,352.9,348.1,346.3,348.7,353.8,-36.4,-34.8,-30.8,-26.7,-24.9,-26.1,-30.4,-34.6,-41.0,-39.2,-35.7,-30.8,-25.9,-22.4,-20.1,-22.7,-26.6,-31.0,-35.1,-38.6,-32.2,-30.5,-28.8,-28.2,-28.9,-30.6,-32.3,-32.9,19.4,20.6,24.6,28.9,31.1,29.8,25.9,21.3,15.6,17.8,21.2,25.9,30.3,33.7,35.9,34.1,31.1,27.3,22.9,18.7,23.4,25.4,27.1,27.7,26.7,24.8,23.0,22.5,-1.5,-5.5,-7.2,-5.6,-1.6,2.7,4.2,2.5,0.4,-2.5,-4.1,-5.2,-4.7,-2.8,0.1,1.8,2.9,3.5,3.2,2.2,-0.1,0.6,-0.1,-1.7,-3.4,-4.1,-3.4,-1.7,-2.3,-6.6,-8.6,-7.1,-3.1,1.1,3.1,2.1,0.3,-2.6,-4.8,-6.0,-5.3,-3.6,-0.9,0.5,1.2,1.6,1.6,1.5,-0.5,0.1,-0.8,-2.7,-4.5,-5.1,-4.2,-2.3,1151.4,1150.2,1149.3,1149.3,1150.1,1151.6,1152.2,1152.2,1156.8,1153.3,1150.0,1148.1,1148.8,1150.7,1153.2,1152.3,1151.3,1151.5,1152.9,1155.0,1152.1,1152.1,1151.7,1151.2,1150.9,1150.9,1151.3,1151.8,1120.2,1121.6,1123.0,1123.5,1122.9,1121.5,1120.1,1119.7,1121.1,1120.5,1120.2,1120.8,1122.7,1125.4,1127.9,1124.9,1121.9,1119.8,1119.1,1119.9,1121.4,1121.7,1122.3,1122.9,1123.2,1122.9,1122.3,1121.7,-0.8,37.5,1291.3,0.134,-0.026000000000000002,-0.026000000000000002,464.3,467.1,474.6,485.3,502.2,529.3,563.3,602.9,645.4,685.0,718.2,747.1,769.8,783.4,790.1,794.2,794.8,496.0,514.9,539.9,567.0,592.9,676.4,701.7,725.8,748.3,765.6,637.9,639.8,642.0,643.9,610.3,626.7,643.0,659.1,673.3,530.9,548.5,571.4,589.6,570.7,548.3,680.6,697.2,719.9,737.1,722.5,700.9,580.5,603.8,626.9,643.2,659.6,682.3,701.5,683.9,662.3,644.3,626.7,603.4,590.5,626.9,643.5,660.1,692.2,660.2,643.3,626.4,364.8,411.0,455.4,498.3,536.5,569.7,595.0,614.5,619.2,613.4,593.4,567.6,533.9,493.4,449.2,403.1,357.3,312.6,294.6,288.0,290.9,299.5,297.4,287.4,284.6,288.8,302.7,351.1,383.3,414.8,446.7,464.8,470.6,475.4,470.0,463.8,360.6,348.3,348.6,361.9,368.4,368.4,360.4,346.2,345.3,355.5,364.2,365.5,523.3,508.9,502.4,506.3,502.3,508.1,519.1,543.8,554.0,555.9,554.4,545.1,523.6,518.4,519.2,517.4,521.2,532.0,533.7,532.3,-78.0,-76.9,-73.8,-69.1,-61.4,-49.1,-33.7,-16.1,2.4,19.7,34.6,47.8,58.0,64.0,66.7,68.3,68.5,-62.2,-53.8,-42.9,-31.2,-20.1,15.5,26.4,36.8,46.6,54.1,-0.9,-0.1,0.8,1.7,-12.7,-5.7,1.3,8.1,14.3,-47.1,-39.3,-29.5,-21.7,-29.8,-39.5,17.5,24.6,34.4,41.9,35.5,26.2,-25.7,-15.5,-5.6,1.4,8.4,18.2,26.6,18.9,9.6,1.9,-5.7,-15.7,-21.4,-5.6,1.5,8.6,22.5,8.7,1.4,-5.8,2.1,22.7,42.6,61.8,78.7,92.9,103.2,110.7,112.6,110.8,103.2,92.5,77.7,59.5,39.6,19.1,-1.2,-20.5,-28.1,-30.9,-29.5,-25.8,-26.7,-31.0,-32.3,-30.6,-24.7,-3.8,9.9,23.3,36.7,44.9,47.3,49.3,47.0,44.3,0.3,-5.0,-4.9,0.8,3.6,3.6,0.2,-5.9,-6.3,-1.9,1.8,2.4,70.6,63.9,60.9,62.5,60.8,63.6,68.9,79.1,83.1,83.9,83.2,79.5,70.7,67.9,68.2,67.4,69.7,73.8,74.5,73.9,1331.0,1334.5,1338.5,1340.8,1337.5,1329.4,1317.0,1305.6,1303.8,1311.0,1325.7,1337.1,1340.9,1338.7,1333.3,1329.0,1326.6,1295.5,1291.5,1287.0,1281.5,1276.9,1278.2,1282.7,1286.4,1289.6,1293.3,1281.5,1277.9,1273.9,1270.4,1283.7,1282.1,1280.8,1281.2,1282.4,1293.8,1289.9,1288.6,1289.2,1289.4,1290.6,1290.3,1290.2,1291.4,1295.9,1292.2,1290.8,1297.7,1287.9,1283.4,1282.6,1283.1,1289.6,1299.4,1291.1,1285.7,1284.4,1285.0,1289.0,1295.9,1285.6,1284.7,1285.3,1296.7,1286.9,1285.8,1286.6,2.313,0.16899999999999998,-0.024,-0.027000000000000003,638.245,446.727,-40.943000000000005,2.049,-24.451,-1.544,4.8919999999999995,2.376,0.8220000000000001,14.753,-8.006,4.046,-10.497,-5.7589999999999995,7.76,-2.878,2.69,0.652,4.008,-4.319,-6.098,-0.9420000000000001,-0.266,1.8969999999999998,-1.538,0.245,-1.067,3.5189999999999997,-0.446,0.38799999999999996,0.284,-1.112,1.304,-0.655,0.168,0.679,1.86,2.99,0.0,1.5,0.0,0.0,0.0,0.03,0.59,0.0,0.0,0.0,0.0,0.0,1.77,0.66,0.0,1.0,1.0,0.0,1.0,0.0,0.0,0.0,0.0,0.0,0.0,0.0,0.0,0.0,0.0,1.0,1.0,0.0,0.0
35,1.1340000000000001,0.98,0.031494,0.176233,-0.9838450000000001,-0.039945,0.190139,-0.980944,-0.004,0.184,544.2,548.1,558.5,569.4,574.3,571.3,560.0,549.2,532.6,537.1,546.0,558.6,571.7,581.1,587.3,580.5,570.1,558.6,548.0,538.9,555.3,559.8,564.2,565.8,563.8,559.2,554.9,553.2,691.2,694.3,704.8,716.3,722.3,719.1,708.7,696.3,681.0,687.1,696.2,708.5,720.3,729.1,734.9,730.1,722.3,712.5,700.7,689.3,702.0,707.2,711.8,713.2,710.5,705.4,700.8,699.4,355.3,344.7,340.2,344.4,354.9,366.0,370.0,365.8,359.9,352.6,348.4,345.6,346.9,351.6,359.3,364.0,367.0,368.5,367.9,365.0,359.0,360.8,358.9,354.5,350.1,348.4,350.2,354.7,353.1,341.5,336.0,339.8,350.6,362.1,367.6,364.9,359.7,351.8,346.0,343.1,344.8,348.9,356.0,360.0,362.1,363.1,363.2,362.8,357.7,359.4,357.0,351.8,347.0,345.4,347.8,352.9,-36.3,-34.8,-30.8,-26.7,-24.9,-26.0,-30.3,-34.5,-40.9,-39.1,-35.6,-30.8,-25.8,-22.3,-20.0,-22.6,-26.5,-30.9,-34.9,-38.5,-32.1,-30.4,-28.7,-28.1,-28.9,-30.6,-32.3,-32.9,19.2,20.4,24.3,28.6,30.9,29.6,25.7,21.1,15.4,17.6,21.0,25.6,30.1,33.5,35.8,33.9,30.9,27.1,22.7,18.4,23.2,25.2,26.9,27.5,26.5,24.5,22.8,22.3,-1.8,-5.8,-7.5,-5.9,-1.9,2.3,3.8,2.2,-0.0,-2.8,-4.4,-5.4,-5.0,-3.2,-0.3,1.5,2.6,3.2,3.0,1.9,-0.4,0.3,-0.4,-2.1,-3.7,-4.4,-3.7,-2.0,-2.6,-6.9,-9.0,-7.6,-3.5,0.8,2.9,1.8,-0.1,-3.1,-5.2,-6.3,-5.7,-4.2,-1.5,0.0,0.8,1.2,1.2,1.1,-0.8,-0.2,-1.1,-3.1,-4.9,-5.5,-4.6,-2.6,1137.5,1136.3,1135.3,1135.2,1136.1,1137.6,1138.3,1138.4,1143.0,1139.4,1136.0,1134.1,1134.7,1136.7,1139.2,1138.4,1137.4,1137.6,1139.1,1141.2,1138.2,1138.2,1137.8,1137.3,1136.9,1137.0,1137.3,1137.9,1122.9,1124.2,1125.4,1126.0,1125.5,1124.3,1123.0,1122.6,1123.9,1123.2,1122.9,1123.4,1125.3,1128.0,1130.6,1127.6,1124.6,1122.5,1121.9,1122.7,1124.2,1124.5,1125.1,1125.6,1125.8,1125.6,1125.0,1124.5,-0.9,36.8,1288.9,0.126,-0.027000000000000003,-0.03,463.9,466.7,474.2,485.1,502.2,529.5,564.0,603.7,646.1,685.6,718.6,747.5,770.0,783.3,789.9,793.8,794.4,495.1,514.0,539.1,566.3,592.2,675.5,700.8,725.0,747.6,764.7,637.1,639.1,641.3,643.4,610.1,626.4,642.6,658.5,672.6,530.1,547.7,570.7,589.0,570.0,547.6,679.7,696.5,719.2,736.5,721.8,700.2,581.6,604.3,626.9,643.2,659.4,681.8,700.6,683.5,662.5,644.6,627.0,604.1,591.6,627.1,643.5,660.1,691.3,660.3,643.5,626.7,364.6,410.7,455.1,498.0,536.0,568.9,593.9,612.9,617.4,611.5,591.4,565.9,532.5,492.3,448.3,402.4,356.9,311.2,293.1,286.4,289.2,298.0,295.6,285.6,282.8,287.1,301.1,350.1,382.1,413.5,445.2,463.7,469.3,474.0,468.7,462.5,359.7,347.4,347.7,361.0,367.5,367.6,359.3,345.0,344.1,354.3,363.1,364.4,522.3,507.6,500.8,504.6,500.5,506.5,517.6,542.1,552.4,554.6,553.1,544.0,522.4,517.0,517.7,515.8,519.6,530.3,532.2,530.8,-78.0,-77.0,-73.9,-69.1,-61.3,-48.9,-33.3,-15.8,2.7,19.9,34.7,47.8,58.0,63.9,66.6,68.1,68.2,-62.5,-54.2,-43.2,-31.4,-20.3,15.1,26.0,36.4,46.2,53.7,-1.2,-0.4,0.6,1.4,-12.7,-5.8,1.1,7.9,13.9,-47.3,-39.6,-29.7,-21.9,-30.0,-39.7,17.1,24.3,34.1,41.6,35.2,25.9,-25.2,-15.3,-5.6,1.4,8.3,17.9,26.2,18.7,9.6,2.0,-5.5,-15.4,-20.9,-5.5,1.5,8.6,22.1,8.7,1.5,-5.7,2.1,22.5,42.4,61.6,78.4,92.4,102.5,109.9,111.7,109.7,102.1,91.6,77.0,59.0,39.2,18.8,-1.4,-21.1,-28.7,-31.5,-30.2,-26.4,-27.4,-31.7,-33.1,-31.3,-25.4,-4.2,9.4,22.7,36.0,44.3,46.6,48.6,46.3,43.7,-0.1,-5.4,-5.3,0.4,3.2,3.3,-0.3,-6.4,-6.8,-2.5,1.3,1.9,70.0,63.2,60.1,61.7,60.0,62.8,68.1,78.2,82.3,83.1,82.5,78.9,70.0,67.1,67.4,66.6,68.8,72.9,73.6,73.1,1329.5,1332.9,1336.9,1339.1,1335.8,1327.5,1314.7,1303.2,1301.6,1309.0,1323.8,1335.1,1339.1,1337.1,1332.0,1328.0,1325.8,1294.1,1290.0,1285.3,1279.6,1274.9,1276.0,1280.6,1284.7,1288.1,1292.1,1279.6,1275.8,1271.6,1267.7,1281.2,1279.7,1278.4,1278.8,1280.0,1292.1,1288.1,1286.7,1287.3,1287.6,1288.8,1288.5,1288.4,1289.8,1294.4,1290.5,1289.0,1294.5,1284.8,1280.4,1279.6,1280.3,1286.6,1296.3,1288.2,1283.1,1281.8,1282.3,1285.9,1292.6,1282.7,1281.9,1282.5,1293.5,1284.3,1283.2,1283.9,2.316,0.162,-0.025,-0.03,637.9780000000001,445.45300000000003,-37.448,2.3890000000000002,-24.956999999999997,-0.322,5.04,1.1159999999999999,1.621,15.383,-8.753,3.895,-10.057,-6.377999999999999,8.231,-2.7510000000000003,3.2889999999999997,0.184,3.2489999999999997,-4.319,-6.287000000000001,-1.033,-0.087,2.079,-1.791,0.47700000000000004,-0.9640000000000001,3.554,-0.3,0.237,0.27399999999999997,-1.09,1.166,-0.5820000000000001,0.175,0.662,1.89,3.07,0.0,1.64,0.0,0.0,0.0,0.0,0.65,0.0,0.0,0.0,0.0,0.0,1.75,0.61,0.01,1.0,1.0,0.0,1.0,0.0,0.0,0.0,0.0,0.0,0.0,0.0,0.0,0.0,0.0,1.0,1.0,0.0,0.0
36,1.168,0.98,0.031116,0.169764,-0.984993,-0.031797000000000006,0.179754,-0.9831979999999999,-0.0,0.17600000000000002,544.1,548.0,558.4,569.3,574.2,571.2,559.9,549.1,532.4,536.9,545.9,558.4,571.5,581.0,587.5,580.7,570.4,558.9,548.2,538.9,555.2,559.7,564.1,565.7,563.6,559.1,554.7,553.1,690.9,694.0,704.6,716.3,722.4,719.2,708.7,696.1,680.6,686.7,696.0,708.5,720.4,729.1,734.7,729.9,722.2,712.4,700.5,689.0,701.8,707.0,711.7,713.1,710.4,705.2,700.6,699.2,354.0,343.3,338.8,343.0,353.5,364.7,368.7,364.5,359.0,351.6,347.2,344.2,345.4,350.2,357.8,362.6,365.6,367.4,366.9,364.2,357.7,359.5,357.6,353.2,348.8,347.0,348.9,353.4,351.4,339.5,333.7,337.6,348.7,360.6,366.4,363.6,358.2,350.1,344.4,341.6,343.3,347.3,354.2,358.4,360.8,362.0,362.0,361.4,356.1,357.8,355.2,350.0,345.0,343.3,345.9,351.2,-36.2,-34.7,-30.8,-26.7,-24.8,-26.0,-30.3,-34.4,-40.9,-39.0,-35.5,-30.7,-25.8,-22.3,-19.9,-22.4,-26.3,-30.6,-34.7,-38.3,-32.1,-30.4,-28.7,-28.1,-28.8,-30.6,-32.2,-32.8,18.8,19.9,23.9,28.2,30.5,29.3,25.3,20.7,15.0,17.2,20.7,25.3,29.7,33.0,35.2,33.3,30.4,26.7,22.3,18.1,22.8,24.8,26.5,27.0,26.0,24.1,22.4,21.8,-2.3,-6.3,-8.0,-6.4,-2.5,1.8,3.3,1.7,-0.4,-3.2,-4.8,-5.9,-5.5,-3.7,-0.8,1.0,2.1,2.8,2.6,1.6,-0.9,-0.2,-0.9,-2.6,-4.2,-4.9,-4.2,-2.5,-3.2,-7.6,-9.7,-8.3,-4.2,0.2,2.4,1.3,-0.7,-3.6,-5.8,-6.8,-6.2,-4.7,-2.2,-0.6,0.3,0.7,0.7,0.5,-1.4,-0.8,-1.8,-3.7,-5.5,-6.2,-5.2,-3.3,1133.7,1132.5,1131.7,1131.6,1132.3,1133.8,1134.3,1134.4,1139.3,1135.6,1132.3,1130.3,1131.0,1133.0,1135.6,1134.7,1133.7,1133.8,1135.2,1137.3,1134.4,1134.3,1134.0,1133.5,1133.2,1133.2,1133.6,1134.1,1106.1,1107.2,1108.6,1109.3,1109.0,1107.9,1106.6,1106.0,1106.8,1106.1,1105.9,1106.4,1108.4,1111.2,1113.8,1110.9,1107.9,1105.7,1105.1,1105.8,1107.6,1107.9,1108.5,1109.0,1109.1,1108.8,1108.2,1107.7,-0.9,36.2,1285.2,0.12300000000000001,-0.03,-0.032,463.4,466.1,473.7,485.0,502.7,530.6,565.5,604.7,646.6,685.6,718.3,747.0,769.4,783.0,789.8,793.7,794.3,494.7,513.6,538.8,566.2,592.2,675.1,700.3,724.5,747.0,764.1,637.0,639.0,641.2,643.3,610.4,626.5,642.6,658.3,672.3,529.9,547.7,570.7,589.2,570.2,547.6,679.3,696.4,719.1,736.4,721.8,700.0,581.9,604.3,626.9,643.4,659.9,682.3,700.7,684.0,663.0,644.8,627.0,604.1,591.9,627.1,643.7,660.6,691.5,660.8,643.7,626.7,364.1,410.3,455.0,498.2,536.4,569.0,593.9,612.5,616.7,610.5,590.0,564.4,531.1,491.1,447.3,401.7,356.4,310.4,292.1,285.0,287.6,296.2,293.6,283.5,280.7,285.1,299.1,348.2,380.2,411.4,443.0,462.4,467.7,472.3,467.0,461.0,358.6,346.2,346.5,359.7,366.1,366.4,357.9,343.5,342.5,352.7,361.5,362.9,520.7,506.2,499.3,503.1,498.9,505.0,515.9,541.1,552.1,554.5,553.0,543.4,520.8,515.6,516.3,514.3,518.0,529.5,531.7,530.3,-78.1,-77.0,-73.9,-69.0,-60.9,-48.3,-32.6,-15.3,2.9,19.9,34.5,47.5,57.6,63.6,66.4,67.9,68.1,-62.5,-54.2,-43.3,-31.4,-20.2,14.9,25.7,36.1,45.9,53.4,-1.3,-0.4,0.5,1.4,-12.6,-5.7,1.1,7.8,13.8,-47.3,-39.5,-29.7,-21.7,-29.9,-39.6,16.8,24.1,33.9,41.5,35.1,25.7,-25.0,-15.3,-5.6,1.4,8.5,18.1,26.1,18.8,9.8,2.1,-5.5,-15.4,-20.7,-5.5,1.6,8.8,22.1,8.9,1.6,-5.7,1.8,22.3,42.2,61.5,78.3,92.2,102.2,109.4,111.1,109.1,101.2,90.7,76.1,58.3,38.7,18.4,-1.6,-21.4,-29.1,-32.0,-30.8,-27.0,-28.2,-32.5,-33.9,-32.1,-26.2,-5.0,8.5,21.7,34.9,43.6,45.8,47.7,45.5,43.0,-0.6,-5.9,-5.8,-0.1,2.6,2.7,-0.9,-7.1,-7.5,-3.1,0.6,1.2,69.1,62.4,59.3,60.8,59.1,62.0,67.2,77.6,82.0,82.9,82.3,78.4,69.0,66.3,66.6,65.8,67.9,72.4,73.2,72.7,1326.1,1329.4,1333.4,1335.6,1332.1,1323.7,1310.9,1299.9,1298.7,1306.2,1320.6,1331.5,1335.3,1333.8,1329.2,1325.7,1324.0,1291.1,1286.9,1282.1,1276.2,1271.4,1272.6,1277.1,1281.6,1285.3,1289.3,1276.2,1272.0,1267.6,1263.4,1277.2,1275.7,1274.5,1274.9,1276.2,1288.8,1284.6,1283.2,1283.8,1284.1,1285.2,1285.1,1285.1,1286.4,1291.1,1287.1,1285.6,1290.4,1280.7,1276.4,1275.6,1276.3,1282.6,1292.1,1284.7,1279.9,1278.6,1279.0,1282.3,1288.6,1278.9,1278.1,1278.8,1289.5,1281.0,1279.8,1280.5,2.323,0.158,-0.028999999999999998,-0.032,637.984,444.25,-36.218,2.595,-23.438000000000002,1.34,6.0889999999999995,0.032,3.065,15.06,-9.123,4.027,-9.693,-6.622000000000001,8.963,-2.526,3.088,-0.527,2.28,-3.6639999999999997,-6.371,-1.6740000000000002,0.318,1.655,-1.9880000000000002,0.9,-0.578,3.4189999999999996,-0.207,0.185,0.215,-1.192,1.0070000000000001,-0.42100000000000004,0.1,0.6859999999999999,1.92,3.1,0.0,1.71,0.0,0.0,0.0,0.0,0.7,0.0,0.0,0.0,0.0,0.0,1.81,0.7,0.01,1.0,1.0,0.0,1.0,0.0,0.0,0.0,0.0,1.0,0.0,0.0,0.0,0.0,0.0,1.0,1.0,0.0,0.0
37,1.2009999999999998,0.98,0.038174,0.179115,-0.983087,-0.033963,0.184598,-0.9822270000000001,0.002,0.183,544.0,548.0,558.4,569.2,574.0,571.0,559.7,548.9,532.5,537.0,545.8,558.2,571.2,580.7,587.2,580.2,569.7,558.1,547.6,538.5,555.1,559.6,564.0,565.6,563.6,559.1,554.7,553.1,690.5,693.7,704.4,716.2,722.3,719.1,708.5,695.8,680.3,686.5,695.9,708.5,720.5,729.0,734.5,729.9,722.4,712.7,700.7,689.0,701.6,706.8,711.4,712.8,710.1,704.9,700.3,698.9,352.4,341.7,337.2,341.5,352.1,363.5,367.4,363.1,357.4,349.9,345.4,342.6,344.0,348.8,356.4,360.8,363.4,364.8,364.4,362.1,356.5,358.3,356.4,351.9,347.5,345.6,347.5,352.0,350.1,338.0,332.2,336.1,347.5,359.6,365.4,362.5,357.1,348.8,342.9,340.0,341.8,345.9,353.0,357.0,359.3,360.5,360.6,360.1,354.9,356.6,354.0,348.7,343.7,342.0,344.5,349.9,-36.6,-35.1,-31.1,-27.0,-25.1,-26.3,-30.7,-34.8,-41.2,-39.4,-35.9,-31.1,-26.2,-22.6,-20.2,-22.8,-26.8,-31.2,-35.3,-38.8,-32.4,-30.7,-29.0,-28.4,-29.1,-30.9,-32.5,-33.2,18.4,19.6,23.5,27.8,30.0,28.8,24.9,20.3,14.7,16.9,20.3,24.9,29.3,32.5,34.6,32.8,30.0,26.4,22.0,17.8,22.4,24.3,26.0,26.6,25.6,23.7,22.0,21.4,-2.9,-7.0,-8.7,-7.0,-3.0,1.3,2.8,1.2,-1.0,-3.9,-5.6,-6.6,-6.1,-4.3,-1.4,0.3,1.3,1.8,1.7,0.8,-1.4,-0.7,-1.4,-3.1,-4.8,-5.5,-4.8,-3.1,-3.6,-8.0,-10.1,-8.7,-4.6,-0.1,2.0,0.9,-1.0,-4.1,-6.2,-7.3,-6.6,-5.2,-2.6,-1.1,-0.2,0.2,0.2,0.0,-1.9,-1.2,-2.2,-4.1,-5.9,-6.6,-5.6,-3.7,1145.1,1144.2,1143.3,1143.0,1143.5,1144.7,1145.4,1145.6,1150.7,1147.2,1143.9,1142.0,1142.5,1144.2,1146.5,1145.5,1144.5,1144.7,1146.3,1148.6,1145.7,1145.5,1145.2,1144.7,1144.5,1144.7,1145.0,1145.4,1090.7,1091.8,1093.3,1094.2,1094.0,1092.8,1091.4,1090.6,1091.2,1090.7,1090.6,1091.3,1093.5,1096.3,1098.9,1096.0,1092.9,1090.6,1089.8,1090.3,1092.3,1092.7,1093.3,1093.8,1093.9,1093.5,1092.9,1092.4,-0.8,35.6,1281.5,0.11699999999999999,-0.035,-0.033,463.3,465.8,473.3,484.7,502.8,531.1,566.3,605.4,647.1,685.7,718.0,746.5,769.0,782.7,789.8,793.7,794.1,494.6,513.1,538.3,565.8,591.9,675.4,700.5,724.7,747.1,763.8,636.9,639.1,641.5,643.7,610.6,626.8,642.9,658.6,672.5,529.6,547.4,570.3,589.0,569.9,547.4,679.3,696.4,719.1,736.3,721.7,700.0,582.9,604.7,626.9,643.8,660.7,682.8,700.5,684.5,663.9,645.3,627.2,604.6,592.9,627.2,644.1,661.4,691.3,661.6,644.1,626.8,362.7,409.1,454.0,497.4,535.8,568.5,593.5,611.9,616.0,609.8,589.3,563.8,530.6,490.6,446.5,400.5,355.0,308.8,290.3,283.0,285.5,294.0,291.5,281.7,278.9,283.7,297.9,346.6,378.5,409.6,441.1,461.0,466.3,470.7,465.6,459.6,356.9,344.5,344.7,358.0,364.3,364.6,356.3,342.1,341.2,351.3,360.1,361.4,520.0,505.1,498.0,501.9,497.6,504.0,515.4,540.0,550.9,553.4,551.8,542.2,519.9,514.5,515.3,513.3,517.3,528.0,530.3,528.8,-77.9,-77.0,-73.9,-69.0,-60.8,-47.9,-32.1,-14.9,3.1,19.9,34.3,47.1,57.3,63.3,66.2,67.8,67.9,-62.4,-54.3,-43.3,-31.5,-20.4,15.0,25.7,36.1,45.8,53.1,-1.3,-0.4,0.6,1.5,-12.5,-5.6,1.2,7.9,13.8,-47.3,-39.5,-29.7,-21.8,-29.9,-39.6,16.8,24.1,33.8,41.3,35.0,25.6,-24.5,-15.0,-5.5,1.6,8.8,18.2,26.0,19.0,10.2,2.3,-5.4,-15.1,-20.2,-5.5,1.7,9.1,22.0,9.2,1.7,-5.6,1.2,21.7,41.7,61.0,77.9,91.7,101.7,108.8,110.5,108.5,100.7,90.2,75.8,57.9,38.2,17.9,-2.2,-22.0,-29.8,-32.8,-31.6,-27.9,-29.0,-33.3,-34.5,-32.6,-26.6,-5.7,7.8,20.9,34.1,42.9,45.1,46.9,44.7,42.2,-1.3,-6.6,-6.5,-0.9,1.9,2.0,-1.6,-7.7,-8.0,-3.7,0.0,0.6,68.6,61.7,58.5,60.1,58.4,61.4,66.7,76.9,81.2,82.2,81.5,77.6,68.4,65.7,66.0,65.2,67.4,71.5,72.4,71.8,1322.2,1325.7,1330.0,1332.3,1328.4,1319.7,1306.6,1295.8,1295.0,1302.7,1317.1,1328.2,1332.1,1330.8,1326.3,1322.7,1320.9,1287.6,1283.4,1278.7,1272.8,1268.1,1269.5,1274.0,1278.6,1282.3,1286.4,1272.9,1268.5,1263.9,1259.6,1273.5,1272.0,1270.7,1271.1,1272.4,1285.1,1281.0,1279.6,1280.2,1280.5,1281.6,1281.8,1281.9,1283.2,1287.9,1283.9,1282.3,1285.7,1276.3,1272.2,1271.5,1272.3,1278.5,1287.9,1280.9,1276.4,1274.9,1275.3,1278.2,1283.9,1274.8,1274.1,1274.8,1285.2,1277.3,1276.1,1276.7,2.329,0.153,-0.034,-0.033,638.095,442.97900000000004,-35.155,3.074,-24.105,2.526,5.684,-0.312,3.862,15.549000000000001,-8.966000000000001,3.4389999999999996,-9.576,-7.1,10.085,-2.345,3.155,-0.818,1.358,-4.001,-6.294,-2.362,-0.102,1.702,-2.247,0.821,-0.39299999999999996,3.105,-0.331,0.228,-0.063,-1.204,1.041,-0.48200000000000004,0.081,0.7509999999999999,1.86,3.06,0.0,1.77,0.0,0.0,0.0,0.03,0.81,0.0,0.0,0.0,0.0,0.0,1.84,0.76,0.01,1.0,1.0,0.0,1.0,0.0,0.0,0.0,0.0,1.0,0.0,0.0,0.0,0.0,0.0,1.0,1.0,0.0,0.0
38,1.235,0.98,0.043599,0.169748,-0.9845229999999999,-0.034842000000000005,0.180544,-0.98295,0.004,0.17600000000000002,543.9,548.0,558.6,569.4,574.2,571.0,559.6,548.7,532.6,536.9,545.6,558.1,571.2,580.8,587.3,580.1,569.4,557.7,547.4,538.5,555.1,559.6,564.0,565.7,563.8,559.2,554.8,553.1,690.5,693.5,704.1,716.0,722.3,719.2,708.6,695.9,680.2,686.5,695.9,708.5,720.5,729.0,734.5,729.9,722.5,712.8,700.8,689.0,701.5,706.8,711.4,712.7,710.0,704.8,700.1,698.8,350.9,340.1,335.7,340.2,351.1,362.5,366.3,361.7,356.0,348.7,344.4,341.6,342.9,347.7,355.3,359.5,362.0,363.4,362.9,360.5,355.1,357.0,355.2,350.7,346.1,344.2,346.0,350.6,349.1,336.8,330.9,334.8,346.2,358.4,364.3,361.5,355.8,347.5,341.6,338.8,340.6,344.6,351.7,355.9,358.3,359.6,359.6,359.0,353.8,355.5,352.9,347.5,342.5,340.8,343.4,348.8,-36.4,-34.8,-30.8,-26.7,-24.9,-26.2,-30.5,-34.6,-40.9,-39.2,-35.8,-31.0,-26.0,-22.4,-20.0,-22.7,-26.7,-31.2,-35.2,-38.6,-32.2,-30.5,-28.8,-28.1,-28.9,-30.6,-32.3,-33.0,18.2,19.4,23.2,27.6,29.8,28.7,24.8,20.2,14.5,16.8,20.2,24.8,29.2,32.3,34.4,32.7,29.9,26.3,21.9,17.7,22.3,24.2,25.9,26.4,25.4,23.5,21.8,21.3,-3.5,-7.5,-9.2,-7.5,-3.4,0.9,2.4,0.7,-1.5,-4.3,-5.9,-7.0,-6.5,-4.7,-1.8,-0.2,0.8,1.3,1.1,0.2,-1.9,-1.1,-1.8,-3.5,-5.3,-6.0,-5.3,-3.6,-4.0,-8.4,-10.5,-9.1,-5.0,-0.6,1.6,0.5,-1.5,-4.5,-6.6,-7.7,-7.0,-5.6,-3.0,-1.5,-0.6,-0.2,-0.2,-0.4,-2.3,-1.6,-2.6,-4.5,-6.3,-7.0,-6.0,-4.1,1137.5,1136.4,1135.4,1135.0,1135.6,1136.9,1137.7,1138.0,1143.0,1139.5,1136.2,1134.1,1134.4,1136.0,1138.2,1137.3,1136.4,1136.8,1138.5,1140.8,1137.9,1137.8,1137.4,1136.9,1136.7,1136.8,1137.3,1137.7,1084.2,1085.4,1086.9,1087.8,1087.6,1086.4,1084.9,1084.1,1084.6,1084.1,1084.0,1084.8,1087.0,1089.8,1092.4,1089.5,1086.4,1084.0,1083.1,1083.7,1085.8,1086.3,1086.9,1087.4,1087.5,1087.1,1086.5,1085.9,-0.8,35.1,1280.5,0.111,-0.037000000000000005,-0.034,463.2,465.6,473.0,484.6,503.0,531.6,567.0,606.0,647.5,685.9,717.8,746.0,768.5,782.4,789.6,793.5,793.9,495.0,513.8,538.9,566.1,591.9,675.4,700.4,724.3,746.5,763.3,637.0,639.2,641.6,643.9,610.6,626.9,643.1,658.8,672.9,529.5,547.3,570.3,589.0,569.9,547.3,679.3,696.4,719.1,736.3,721.8,700.0,582.9,604.9,627.2,644.1,661.0,683.1,700.8,684.8,664.2,645.7,627.5,604.8,592.9,627.5,644.4,661.7,691.7,661.9,644.4,627.1,362.7,409.1,454.2,497.8,536.1,568.5,593.1,611.0,614.8,608.7,588.3,562.9,529.9,490.0,446.0,400.2,355.0,307.2,289.1,281.8,284.1,292.4,289.9,280.4,277.7,282.5,296.6,345.1,377.0,408.1,439.6,459.9,465.1,469.4,464.3,458.4,355.7,343.3,343.5,356.8,363.1,363.5,355.2,340.8,340.0,350.2,358.8,360.2,519.3,504.2,496.9,500.8,496.4,502.9,514.4,538.8,549.7,552.2,550.7,541.2,519.2,513.6,514.4,512.4,516.3,526.6,528.9,527.5,-77.9,-77.0,-74.0,-69.0,-60.6,-47.6,-31.8,-14.7,3.2,19.9,34.1,46.9,57.0,63.1,66.1,67.7,67.7,-62.2,-54.0,-43.1,-31.3,-20.3,15.0,25.7,35.9,45.5,52.9,-1.3,-0.3,0.7,1.6,-12.5,-5.6,1.3,8.0,13.9,-47.3,-39.6,-29.7,-21.8,-29.9,-39.6,16.8,24.1,33.8,41.3,35.0,25.6,-24.5,-14.9,-5.4,1.7,8.9,18.4,26.1,19.1,10.3,2.4,-5.3,-15.0,-20.1,-5.3,1.9,9.2,22.1,9.3,1.9,-5.5,1.2,21.7,41.7,61.1,77.9,91.7,101.4,108.3,109.9,107.9,100.1,89.8,75.4,57.6,38.0,17.7,-2.2,-22.6,-30.3,-33.3,-32.2,-28.6,-29.6,-33.8,-35.1,-33.1,-27.2,-6.3,7.2,20.3,33.4,42.4,44.5,46.3,44.2,41.7,-1.8,-7.1,-7.0,-1.4,1.3,1.5,-2.1,-8.2,-8.6,-4.2,-0.5,0.1,68.2,61.3,58.0,59.6,57.8,60.9,66.2,76.3,80.6,81.6,81.0,77.1,68.1,65.2,65.5,64.7,66.9,70.9,71.8,71.2,1321.5,1324.9,1329.1,1331.3,1327.3,1318.6,1305.4,1294.6,1293.8,1301.5,1315.9,1327.1,1331.1,1330.0,1325.6,1322.3,1320.8,1286.6,1282.6,1278.0,1272.3,1267.6,1269.1,1273.8,1278.4,1282.0,1285.9,1272.3,1267.7,1262.9,1258.4,1272.4,1270.8,1269.5,1270.0,1271.4,1284.4,1280.2,1278.9,1279.4,1279.7,1280.8,1281.2,1281.3,1282.7,1287.4,1283.3,1281.7,1284.6,1275.0,1271.0,1270.2,1271.1,1277.4,1287.0,1279.8,1275.1,1273.6,1273.9,1276.9,1282.7,1273.6,1272.9,1273.7,1284.2,1276.0,1274.8,1275.4,2.331,0.146,-0.037000000000000005,-0.034,638.198,441.975,-34.547,3.592,-23.881,3.0380000000000003,5.876,-0.16699999999999998,4.114,15.752,-9.609,3.648,-9.004,-6.519,10.156,-2.6630000000000003,2.8169999999999997,-0.8440000000000001,1.251,-3.9789999999999996,-5.846,-2.705,0.069,1.735,-2.296,0.733,-0.49200000000000005,2.966,-0.326,0.239,-0.151,-1.138,1.04,-0.503,0.111,0.755,1.91,3.07,0.0,1.79,0.0,0.0,0.0,0.03,0.88,0.0,0.0,0.0,0.0,0.0,1.84,0.83,0.0,1.0,1.0,0.0,1.0,0.0,0.0,0.0,0.0,1.0,0.0,0.0,0.0,0.0,0.0,1.0,1.0,0.0,0.0
39,1.268,0.98,0.042746,0.16003900000000001,-0.9861850000000001,-0.026888,0.181687,-0.9829889999999999,0.008,0.172,543.8,547.9,558.4,569.3,574.2,571.1,559.6,548.7,532.4,536.9,545.5,558.0,571.2,580.8,587.4,580.2,569.5,557.9,547.5,538.5,555.0,559.6,564.1,565.8,563.8,559.1,554.6,552.9,690.6,693.7,704.2,716.0,722.2,719.2,708.7,696.0,679.9,686.3,695.8,708.4,720.5,729.0,734.6,730.0,722.4,712.4,700.4,688.6,701.7,706.8,711.4,712.8,710.0,704.9,700.3,698.9,350.6,339.7,335.1,339.7,350.6,362.1,366.0,361.5,355.7,348.3,343.9,341.1,342.5,347.4,355.1,359.4,362.0,363.5,362.9,360.4,354.8,356.8,354.9,350.2,345.6,343.7,345.6,350.2,348.7,336.6,330.7,334.5,345.8,357.9,363.8,361.0,355.6,347.2,341.1,338.1,340.0,344.2,351.5,355.6,358.0,359.2,359.2,358.8,353.3,355.0,352.4,347.1,342.2,340.5,343.1,348.4,-36.2,-34.7,-30.7,-26.6,-24.7,-26.0,-30.3,-34.4,-40.7,-38.9,-35.5,-30.8,-25.9,-22.3,-19.8,-22.5,-26.5,-30.9,-34.9,-38.3,-32.0,-30.3,-28.6,-27.9,-28.7,-30.4,-32.1,-32.8,18.3,19.4,23.3,27.6,29.8,28.7,24.8,20.2,14.4,16.7,20.2,24.8,29.2,32.4,34.4,32.7,29.8,26.2,21.8,17.5,22.3,24.2,25.9,26.4,25.4,23.5,21.8,21.3,-3.6,-7.7,-9.3,-7.6,-3.5,0.8,2.3,0.6,-1.6,-4.4,-6.0,-7.1,-6.6,-4.7,-1.8,-0.2,0.8,1.3,1.1,0.1,-1.9,-1.2,-1.9,-3.7,-5.4,-6.1,-5.4,-3.7,-4.1,-8.5,-10.6,-9.3,-5.2,-0.8,1.4,0.4,-1.6,-4.6,-6.8,-7.9,-7.3,-5.7,-3.1,-1.6,-0.7,-0.3,-0.3,-0.5,-2.4,-1.8,-2.8,-4.7,-6.5,-7.1,-6.1,-4.2,1129.8,1128.8,1127.7,1127.4,1127.9,1129.2,1130.0,1130.3,1135.3,1131.7,1128.4,1126.4,1126.7,1128.3,1130.5,1129.6,1128.7,1129.1,1130.7,1133.1,1130.3,1130.1,1129.7,1129.2,1129.0,1129.2,1129.6,1130.1,1084.3,1085.5,1086.9,1087.8,1087.6,1086.5,1085.1,1084.3,1085.0,1084.4,1084.3,1085.1,1087.3,1090.2,1092.8,1089.8,1086.6,1084.3,1083.5,1084.0,1086.0,1086.4,1087.0,1087.5,1087.6,1087.2,1086.6,1086.1,-0.7,34.9,1279.2,0.11199999999999999,-0.038,-0.035,462.7,465.3,473.0,484.8,503.2,531.6,567.1,606.1,647.8,686.2,718.2,746.4,768.8,782.5,789.7,793.7,794.1,494.5,513.1,538.3,565.8,591.9,675.4,700.6,724.7,747.0,763.4,636.9,639.1,641.5,643.8,610.9,627.0,643.1,658.7,672.6,529.4,547.3,570.3,589.1,570.0,547.3,679.1,696.2,719.0,736.3,721.8,699.8,583.9,605.3,627.5,644.2,661.0,683.0,700.4,684.9,664.5,646.0,628.0,605.4,593.9,627.9,644.6,661.7,691.3,662.1,644.7,627.6,362.1,408.8,454.0,497.6,535.9,568.1,592.4,610.2,614.0,607.8,587.3,562.0,529.0,489.2,445.6,400.0,355.0,307.7,289.1,281.4,283.5,291.7,289.0,279.5,277.0,282.1,296.4,344.7,376.4,407.4,438.6,459.4,464.3,468.6,463.5,457.6,355.6,343.0,343.2,356.7,363.0,363.4,354.9,340.3,339.4,349.7,358.4,359.9,519.2,503.4,495.7,499.6,495.3,502.1,514.1,538.9,550.2,552.8,551.4,541.7,519.0,512.6,513.3,511.4,515.9,526.9,529.3,527.9,-78.0,-77.1,-73.9,-68.8,-60.5,-47.6,-31.7,-14.6,3.3,20.0,34.3,47.0,57.1,63.1,66.1,67.7,67.8,-62.4,-54.2,-43.3,-31.4,-20.3,15.0,25.7,36.1,45.7,52.9,-1.3,-0.4,0.6,1.6,-12.3,-5.5,1.3,7.9,13.8,-47.3,-39.5,-29.7,-21.7,-29.8,-39.6,16.7,24.0,33.7,41.3,34.9,25.5,-24.0,-14.7,-5.3,1.8,8.9,18.3,25.9,19.1,10.4,2.6,-5.1,-14.7,-19.7,-5.1,2.0,9.2,21.9,9.4,2.0,-5.3,0.9,21.5,41.6,61.0,77.7,91.4,101.1,107.9,109.5,107.4,99.6,89.3,74.9,57.2,37.8,17.6,-2.2,-22.4,-30.3,-33.4,-32.4,-28.8,-30.0,-34.1,-35.4,-33.3,-27.2,-6.5,6.9,19.9,33.0,42.1,44.2,45.9,43.8,41.3,-1.9,-7.2,-7.2,-1.4,1.3,1.4,-2.2,-8.4,-8.8,-4.4,-0.7,-0.1,68.1,60.9,57.4,59.0,57.2,60.4,66.0,76.3,80.8,81.8,81.2,77.3,67.9,64.7,65.0,64.2,66.7,70.9,71.9,71.3,1320.4,1323.7,1327.8,1329.9,1326.1,1317.5,1304.5,1293.8,1292.9,1300.6,1314.9,1325.9,1329.8,1328.7,1324.6,1321.6,1320.3,1285.6,1281.5,1276.8,1270.8,1266.0,1267.5,1272.3,1277.2,1281.1,1285.2,1270.9,1266.4,1261.6,1257.1,1271.1,1269.6,1268.3,1268.7,1270.1,1283.1,1278.9,1277.5,1278.1,1278.4,1279.5,1279.9,1280.0,1281.4,1286.2,1282.0,1280.4,1283.1,1273.5,1269.4,1268.6,1269.5,1275.7,1285.3,1278.5,1274.1,1272.7,1273.0,1275.7,1281.3,1272.2,1271.4,1272.2,1282.6,1274.9,1273.7,1274.3,2.333,0.146,-0.038,-0.035,638.278,441.54900000000004,-33.722,3.55,-23.439,3.7,6.602,-2.063,4.9319999999999995,15.702,-9.458,3.623,-9.283,-6.736000000000001,10.588,-2.22,3.4330000000000003,-0.7959999999999999,1.493,-3.819,-5.959,-2.532,0.589,1.8619999999999999,-2.3369999999999997,0.925,-0.406,2.843,-0.312,0.299,-0.139,-1.156,0.977,-0.518,0.076,0.813,1.97,3.11,0.0,1.82,0.0,0.0,0.0,0.07,0.96,0.0,0.0,0.0,0.0,0.0,1.93,0.81,0.0,1.0,1.0,0.0,1.0,0.0,0.0,0.0,0.0,1.0,0.0,0.0,0.0,0.0,0.0,1.0,1.0,0.0,0.0
40,1.301,0.98,0.047805,0.16100599999999998,-0.9857950000000001,-0.033337,0.184705,-0.9822280000000001,0.006999999999999999,0.174,543.7,547.7,558.2,569.1,574.0,571.0,559.6,548.7,532.1,536.7,545.5,557.9,571.0,580.4,586.8,579.8,569.3,557.8,547.3,538.3,554.9,559.5,563.8,565.5,563.4,558.9,554.5,552.9,690.4,693.4,703.9,715.7,721.9,718.9,708.4,695.7,679.9,686.2,695.6,708.2,720.3,728.9,734.4,729.8,722.3,712.5,700.4,688.6,701.4,706.5,711.1,712.5,709.7,704.6,700.0,698.6,349.9,339.1,334.5,338.9,349.6,360.9,364.9,360.6,354.5,347.2,343.0,340.2,341.5,346.3,354.0,358.4,361.1,362.6,362.0,359.3,353.8,355.6,353.7,349.2,344.8,343.0,344.9,349.3,347.9,335.7,329.7,333.5,344.8,357.0,363.0,360.2,354.9,346.3,340.1,337.0,338.8,343.0,350.3,354.5,356.9,358.3,358.4,358.0,352.4,354.1,351.5,346.1,341.2,339.5,342.1,347.5,-36.6,-35.0,-31.0,-26.9,-25.0,-26.2,-30.6,-34.7,-41.2,-39.3,-35.9,-31.1,-26.2,-22.6,-20.2,-22.9,-26.8,-31.2,-35.3,-38.8,-32.3,-30.6,-28.9,-28.3,-29.1,-30.8,-32.5,-33.1,18.1,19.3,23.1,27.4,29.6,28.5,24.7,20.1,14.4,16.6,20.0,24.6,29.0,32.2,34.3,32.5,29.7,26.1,21.7,17.5,22.1,24.0,25.7,26.2,25.2,23.3,21.6,21.2,-3.9,-7.9,-9.7,-8.0,-4.0,0.4,1.9,0.2,-2.1,-4.9,-6.4,-7.5,-7.0,-5.2,-2.3,-0.6,0.4,1.0,0.7,-0.3,-2.4,-1.7,-2.4,-4.1,-5.8,-6.5,-5.8,-4.1,-4.4,-8.8,-10.9,-9.6,-5.5,-1.1,1.1,0.1,-1.8,-5.0,-7.2,-8.3,-7.7,-6.2,-3.5,-2.0,-1.1,-0.6,-0.6,-0.7,-2.7,-2.1,-3.1,-5.0,-6.8,-7.4,-6.5,-4.5,1140.1,1139.0,1138.0,1137.8,1138.5,1139.9,1140.6,1140.8,1145.4,1141.9,1138.6,1136.7,1137.2,1138.9,1141.3,1140.4,1139.4,1139.7,1141.2,1143.4,1140.7,1140.6,1140.2,1139.7,1139.5,1139.5,1139.9,1140.4,1080.7,1081.7,1083.2,1084.1,1084.0,1083.0,1081.6,1080.7,1081.2,1080.7,1080.6,1081.4,1083.6,1086.6,1089.2,1086.2,1083.0,1080.7,1079.8,1080.3,1082.4,1082.8,1083.4,1083.9,1083.9,1083.5,1082.9,1082.4,-0.9,34.6,1279.5,0.115,-0.039,-0.034,462.4,465.2,472.9,484.7,502.8,530.8,566.3,605.3,647.1,686.0,718.0,746.4,768.7,782.4,789.7,793.6,793.9,494.8,513.5,538.4,565.7,591.5,675.4,700.2,724.0,745.9,762.3,637.0,639.1,641.5,643.8,610.8,626.9,643.0,658.6,672.4,529.2,547.1,570.1,588.8,569.7,547.0,679.1,696.0,718.8,736.0,721.6,699.7,584.3,604.8,627.0,643.8,660.5,682.5,699.2,684.3,664.0,645.4,627.3,604.8,594.1,627.3,644.1,661.2,690.2,661.8,644.3,627.0,361.7,408.5,453.6,497.1,535.3,567.5,591.6,609.4,613.4,607.2,586.9,561.6,528.5,488.6,444.9,399.1,354.0,306.5,287.9,280.3,282.3,290.5,287.8,278.5,276.0,280.8,294.9,343.9,375.6,406.4,437.5,457.8,462.8,467.1,462.1,456.3,354.7,341.9,342.2,356.0,362.1,362.3,354.1,339.2,338.2,348.6,357.4,358.9,518.8,501.6,493.5,497.4,493.1,500.4,513.9,539.9,551.7,554.2,552.7,542.4,518.3,510.2,510.9,509.1,515.6,528.8,531.1,529.7,-78.1,-77.1,-73.9,-68.8,-60.7,-48.0,-32.1,-15.0,3.1,19.9,34.2,47.0,57.0,63.1,66.1,67.7,67.7,-62.2,-54.1,-43.2,-31.5,-20.5,15.0,25.5,35.8,45.2,52.4,-1.3,-0.4,0.6,1.6,-12.4,-5.5,1.3,7.9,13.7,-47.4,-39.6,-29.8,-21.8,-30.0,-39.7,16.7,23.9,33.7,41.2,34.9,25.5,-23.8,-14.9,-5.5,1.6,8.7,18.1,25.4,18.9,10.2,2.3,-5.4,-15.0,-19.6,-5.4,1.7,9.0,21.5,9.3,1.8,-5.5,0.7,21.4,41.4,60.8,77.5,91.1,100.8,107.6,109.2,107.2,99.5,89.1,74.7,56.9,37.5,17.2,-2.6,-22.9,-30.8,-33.9,-32.9,-29.3,-30.5,-34.6,-35.8,-33.8,-27.9,-6.8,6.6,19.5,32.5,41.5,43.5,45.3,43.2,40.8,-2.3,-7.7,-7.6,-1.7,0.9,1.0,-2.5,-8.9,-9.3,-4.9,-1.1,-0.5,67.9,60.1,56.5,58.1,56.3,59.7,65.9,76.7,81.5,82.5,81.8,77.6,67.6,63.7,63.9,63.2,66.5,71.8,72.7,72.1,1320.1,1323.3,1327.4,1329.6,1326.1,1317.8,1305.1,1294.4,1293.4,1300.8,1314.8,1325.7,1329.7,1328.6,1324.5,1321.7,1320.5,1285.1,1281.4,1276.9,1270.9,1266.2,1268.1,1272.7,1277.3,1280.9,1284.6,1271.2,1266.9,1262.3,1257.9,1271.5,1270.0,1268.7,1268.9,1270.1,1283.0,1278.7,1277.4,1277.9,1278.3,1279.4,1280.0,1280.0,1281.4,1286.3,1282.0,1280.4,1283.3,1273.9,1269.7,1268.8,1269.7,1276.0,1285.3,1279.3,1275.2,1273.9,1274.1,1276.6,1281.6,1272.4,1271.6,1272.3,1282.9,1276.0,1274.9,1275.5,2.333,0.149,-0.038,-0.034,637.971,440.777,-36.736999999999995,3.162,-22.45,3.835,6.659,-4.268,6.622000000000001,15.828,-9.275,4.0489999999999995,-8.555,-6.5120000000000005,11.530999999999999,-1.8030000000000002,3.405,-1.1059999999999999,2.391,-3.825,-6.795,-1.932,0.344,2.815,-2.451,0.68,-0.252,3.043,-0.057,0.402,-0.075,-1.07,1.048,-0.483,0.11800000000000001,0.8390000000000001,2.09,3.18,0.0,1.93,0.0,0.0,0.0,0.14,1.0,0.0,0.0,0.0,0.0,0.0,2.12,0.95,0.0,1.0,1.0,0.0,1.0,0.0,0.0,0.0,0.0,1.0,0.0,0.0,0.0,0.0,0.0,1.0,1.0,0.0,0.0
41,1.335,0.98,0.053786,0.154005,-0.986605,-0.037344,0.176713,-0.983554,0.008,0.166,543.7,547.6,558.1,569.0,574.0,570.9,559.5,548.6,531.6,536.3,545.3,557.8,570.7,580.2,586.6,579.7,569.4,557.9,547.3,538.0,554.8,559.3,563.7,565.4,563.3,558.8,554.4,552.7,690.0,693.0,703.6,715.5,721.9,719.0,708.4,695.6,679.7,686.1,695.6,708.3,720.3,728.8,734.2,729.8,722.5,712.8,700.6,688.6,701.1,706.4,711.2,712.5,709.6,704.3,699.5,698.2,349.2,338.4,333.8,338.0,348.6,360.0,364.0,359.8,353.9,346.6,342.3,339.4,340.6,345.2,352.9,357.5,360.5,362.1,361.5,358.8,353.0,354.8,352.9,348.4,344.0,342.2,344.1,348.6,346.8,334.5,328.4,332.3,343.7,356.1,362.1,359.3,353.7,345.1,339.0,336.0,337.8,342.1,349.4,353.7,356.1,357.4,357.5,357.0,351.6,353.3,350.6,345.1,340.0,338.2,340.9,346.5,-36.6,-35.0,-31.0,-26.9,-25.0,-26.2,-30.6,-34.7,-41.3,-39.4,-35.9,-31.1,-26.2,-22.7,-20.3,-22.9,-26.8,-31.2,-35.2,-38.8,-32.4,-30.6,-29.0,-28.3,-29.1,-30.8,-32.5,-33.1,17.8,18.9,22.7,27.0,29.3,28.2,24.4,19.8,14.1,16.4,19.8,24.3,28.7,31.8,33.8,32.1,29.4,25.9,21.6,17.3,21.8,23.7,25.4,25.9,24.9,22.9,21.2,20.7,-4.1,-8.2,-9.9,-8.3,-4.3,-0.0,1.5,-0.1,-2.3,-5.1,-6.7,-7.8,-7.4,-5.6,-2.7,-1.0,0.2,0.8,0.6,-0.4,-2.7,-2.0,-2.7,-4.4,-6.1,-6.8,-6.0,-4.3,-4.7,-9.1,-11.3,-9.9,-5.8,-1.4,0.7,-0.2,-2.2,-5.3,-7.5,-8.6,-7.9,-6.4,-3.8,-2.3,-1.4,-0.9,-0.9,-1.1,-3.0,-2.4,-3.3,-5.3,-7.2,-7.8,-6.8,-4.8,1139.0,1137.9,1137.0,1137.0,1137.7,1139.2,1139.7,1139.8,1144.3,1140.8,1137.6,1135.7,1136.4,1138.2,1140.7,1139.8,1138.7,1138.9,1140.2,1142.4,1139.7,1139.7,1139.4,1138.9,1138.6,1138.6,1138.9,1139.4,1067.4,1068.6,1070.2,1071.2,1071.0,1069.8,1068.3,1067.4,1067.7,1067.4,1067.4,1068.3,1070.6,1073.5,1076.2,1073.1,1069.9,1067.5,1066.5,1066.9,1069.1,1069.6,1070.3,1070.8,1070.9,1070.4,1069.7,1069.2,-0.9,34.4,1278.9,0.10300000000000001,-0.04,-0.034,462.1,464.8,472.7,484.6,502.5,530.3,565.3,604.6,646.5,685.3,717.4,745.9,768.2,781.9,789.2,793.4,793.8,495.1,513.7,538.6,565.8,591.5,674.9,699.8,723.7,745.7,762.3,636.8,639.0,641.5,643.9,610.9,627.0,643.0,658.4,672.2,528.8,546.7,570.0,588.7,569.5,546.6,679.0,696.0,718.9,736.1,721.7,699.6,584.9,605.1,627.5,643.8,659.7,681.8,698.3,683.7,663.4,645.6,627.8,605.2,595.2,627.8,644.1,660.4,689.0,660.9,644.2,627.4,362.3,408.6,453.5,496.7,535.2,568.2,593.4,612.1,616.3,609.9,588.8,562.4,528.7,488.4,444.6,398.9,354.1,305.8,287.1,279.4,281.2,289.4,286.8,277.6,275.1,280.1,294.6,342.9,374.4,405.1,436.2,456.7,461.6,465.8,460.8,455.1,354.0,341.1,341.3,355.1,361.4,361.6,352.8,338.2,337.4,347.8,356.5,357.9,519.7,500.2,490.8,494.7,490.4,498.9,514.6,541.8,553.7,556.0,554.6,544.3,519.0,509.3,509.7,508.2,516.2,528.7,530.8,529.5,-78.2,-77.2,-73.9,-68.8,-60.7,-48.2,-32.5,-15.3,2.8,19.6,33.9,46.7,56.8,62.7,65.8,67.5,67.6,-62.0,-53.9,-43.2,-31.4,-20.5,14.8,25.4,35.6,45.1,52.4,-1.4,-0.4,0.6,1.6,-12.3,-5.5,1.2,7.8,13.6,-47.6,-39.7,-29.8,-21.8,-30.0,-39.8,16.6,23.9,33.7,41.2,34.9,25.4,-23.5,-14.8,-5.3,1.6,8.3,17.8,24.9,18.6,9.9,2.4,-5.2,-14.8,-19.1,-5.2,1.7,8.6,20.9,8.9,1.8,-5.3,1.0,21.4,41.3,60.5,77.4,91.4,101.5,108.7,110.5,108.3,100.2,89.4,74.7,56.8,37.3,17.1,-2.6,-23.2,-31.1,-34.3,-33.4,-29.8,-31.0,-35.0,-36.1,-34.1,-28.0,-7.3,6.1,19.0,32.0,41.0,43.0,44.7,42.6,40.3,-2.6,-8.1,-8.0,-2.1,0.6,0.7,-3.1,-9.3,-9.7,-5.2,-1.5,-0.9,68.3,59.5,55.3,56.9,55.1,59.0,66.2,77.4,82.2,83.2,82.6,78.3,67.9,63.3,63.4,62.8,66.7,71.7,72.5,72.0,1318.4,1321.8,1326.0,1328.0,1324.8,1316.6,1304.4,1294.1,1293.1,1300.3,1313.7,1324.4,1328.3,1327.0,1322.9,1320.1,1318.5,1284.1,1281.0,1276.7,1271.4,1267.2,1269.1,1273.6,1277.9,1281.1,1284.2,1271.5,1267.3,1262.8,1258.6,1271.1,1269.8,1268.8,1269.1,1270.2,1282.7,1278.6,1277.2,1277.5,1278.1,1279.3,1280.0,1280.0,1281.5,1286.1,1282.1,1280.4,1282.1,1272.4,1268.2,1267.4,1268.1,1274.4,1283.9,1278.0,1273.9,1272.8,1273.0,1275.3,1280.4,1271.4,1270.5,1271.1,1281.5,1274.6,1273.6,1274.1,2.334,0.139,-0.039,-0.034,637.786,440.49800000000005,-40.028,3.264,-23.603,4.998,3.8569999999999998,-7.621,6.591,15.554,-9.524,1.85,-8.32,-6.031000000000001,11.347999999999999,-1.4709999999999999,4.083,-1.545,3.0260000000000002,-3.702,-4.9319999999999995,-1.4809999999999999,0.079,2.171,-1.4380000000000002,0.7559999999999999,-1.041,3.503,0.359,0.368,-0.064,-1.113,1.162,-0.435,0.135,0.741,2.05,3.17,0.0,2.0,0.0,0.0,0.0,0.29,0.82,0.0,0.0,0.0,0.0,0.0,2.52,1.26,0.0,1.0,1.0,0.0,1.0,0.0,0.0,0.0,0.0,1.0,0.0,0.0,0.0,0.0,0.0,1.0,1.0,0.0,0.0
42,1.368,0.98,0.054326,0.169232,-0.9840780000000001,-0.026378,0.196511,-0.9801469999999999,0.013999999999999999,0.184,543.7,547.8,558.4,569.3,574.1,570.9,559.4,548.5,531.8,536.4,545.2,557.7,570.7,580.3,587.0,580.0,569.5,558.0,547.5,538.4,554.8,559.4,563.8,565.5,563.5,559.0,554.5,552.8,690.1,693.1,703.7,715.6,721.8,718.7,708.1,695.4,679.8,686.3,695.7,708.5,720.5,728.9,734.2,729.6,722.2,712.5,700.5,688.6,701.0,706.3,711.0,712.4,709.6,704.3,699.6,698.2,347.4,336.6,332.2,336.7,347.5,358.9,362.8,358.3,352.7,345.5,341.0,338.1,339.1,343.7,351.3,356.3,359.6,361.4,360.8,358.0,351.5,353.4,351.6,347.1,342.6,340.7,342.5,347.0,345.4,333.1,327.1,330.9,342.4,354.7,360.7,357.9,352.2,343.6,337.7,334.7,336.7,340.9,348.1,352.3,354.7,356.0,356.0,355.4,350.1,351.9,349.2,343.7,338.6,336.8,339.5,345.0,-36.2,-34.6,-30.6,-26.5,-24.7,-26.0,-30.3,-34.4,-40.8,-39.0,-35.6,-30.8,-26.0,-22.4,-19.9,-22.6,-26.5,-30.8,-34.8,-38.3,-32.0,-30.3,-28.6,-28.0,-28.7,-30.4,-32.1,-32.8,17.9,19.0,22.9,27.1,29.4,28.2,24.4,19.8,14.2,16.6,20.0,24.5,28.9,32.0,34.0,32.3,29.5,26.0,21.6,17.4,21.9,23.8,25.5,26.0,25.0,23.1,21.4,20.9,-4.7,-8.8,-10.4,-8.8,-4.7,-0.4,1.0,-0.7,-2.7,-5.5,-7.1,-8.2,-7.8,-6.1,-3.3,-1.4,-0.1,0.5,0.3,-0.8,-3.2,-2.5,-3.2,-4.9,-6.6,-7.3,-6.6,-4.9,-5.2,-9.7,-11.8,-10.4,-6.3,-1.9,0.3,-0.7,-2.8,-5.9,-8.0,-9.0,-8.4,-6.9,-4.3,-2.8,-1.9,-1.4,-1.4,-1.7,-3.5,-2.9,-3.9,-5.9,-7.7,-8.3,-7.3,-5.4,1127.3,1126.1,1125.2,1125.0,1125.7,1127.2,1127.8,1128.0,1132.6,1128.9,1125.7,1123.7,1124.1,1125.9,1128.4,1127.6,1126.6,1126.9,1128.4,1130.6,1127.9,1127.8,1127.4,1126.9,1126.7,1126.7,1127.1,1127.6,1074.2,1075.3,1076.7,1077.7,1077.7,1076.6,1075.2,1074.3,1074.5,1074.0,1074.0,1074.9,1077.2,1080.1,1082.8,1079.8,1076.6,1074.2,1073.3,1073.7,1075.9,1076.4,1077.0,1077.5,1077.5,1077.1,1076.4,1075.9,-1.0,34.8,1256.3,0.11900000000000001,-0.047,-0.028999999999999998,461.9,464.2,472.5,485.3,503.7,531.2,565.9,604.6,645.3,683.2,714.3,742.8,765.1,779.7,788.5,793.6,794.5,496.3,514.1,539.8,567.7,592.8,675.5,700.1,724.0,745.7,761.5,637.3,639.6,642.2,644.6,613.3,628.0,642.8,657.2,669.8,528.8,546.9,570.2,589.0,569.6,546.6,679.0,696.4,719.1,735.4,721.6,699.5,594.6,608.6,628.8,643.4,657.4,677.0,688.2,678.3,660.4,644.2,627.8,608.1,604.8,628.7,643.3,657.6,679.0,658.2,643.2,627.9,361.0,407.4,452.4,496.7,537.9,574.4,604.4,626.8,632.4,624.2,599.1,568.3,531.7,489.7,444.2,396.6,350.3,304.5,284.5,277.0,279.6,288.7,285.9,276.7,273.7,278.7,293.5,342.3,373.6,403.9,434.6,455.0,460.0,464.1,459.8,454.5,352.4,339.8,340.1,353.6,360.0,360.2,351.1,337.1,336.5,346.4,355.6,356.8,525.8,500.4,488.5,492.8,488.7,500.4,522.4,554.8,568.3,570.6,568.8,555.8,523.9,508.0,508.4,507.7,523.1,541.0,543.4,541.7,-76.7,-76.0,-72.7,-67.3,-59.2,-47.0,-31.7,-15.1,2.2,18.5,32.0,44.6,54.4,60.7,64.4,66.4,66.6,-60.3,-52.7,-41.8,-30.1,-19.6,14.8,25.1,35.1,44.4,51.1,-1.1,-0.2,0.9,1.9,-11.1,-5.0,1.2,7.1,12.4,-46.7,-39.0,-29.2,-21.3,-29.4,-39.1,16.4,23.6,33.2,40.2,34.3,24.9,-19.0,-13.1,-4.7,1.4,7.2,15.4,20.2,16.0,8.5,1.8,-5.1,-13.3,-14.7,-4.7,1.4,7.3,16.3,7.6,1.3,-5.1,0.4,20.5,40.1,59.5,77.2,92.6,104.7,113.6,116.0,113.0,103.1,90.3,74.7,56.3,36.5,15.8,-4.2,-23.3,-31.6,-34.6,-33.4,-29.6,-30.8,-34.7,-36.1,-34.1,-28.0,-7.4,5.6,18.1,30.7,39.5,41.5,43.2,41.4,39.3,-3.2,-8.5,-8.3,-2.7,0.0,0.1,-3.7,-9.6,-9.8,-5.7,-1.9,-1.3,69.4,58.4,53.3,55.0,53.3,58.5,68.1,81.6,87.2,88.1,87.3,81.8,68.5,61.5,61.7,61.4,68.2,75.8,76.7,76.0,1291.4,1296.5,1301.9,1304.7,1301.9,1295.1,1285.2,1277.1,1277.1,1283.3,1293.3,1301.2,1304.4,1303.2,1299.7,1296.8,1293.9,1259.4,1256.7,1252.5,1247.8,1244.7,1246.9,1250.9,1255.1,1258.7,1262.1,1248.6,1244.2,1240.0,1235.8,1247.4,1246.6,1246.0,1246.0,1246.8,1259.0,1254.9,1253.6,1253.5,1254.8,1256.0,1257.1,1257.1,1258.7,1263.6,1259.6,1257.6,1255.9,1247.2,1243.7,1243.0,1243.9,1249.1,1257.0,1256.1,1255.7,1255.1,1254.7,1253.2,1254.4,1247.7,1246.9,1247.6,1255.3,1255.4,1254.6,1254.6,2.376,0.156,-0.046,-0.028999999999999998,637.501,442.82099999999997,-48.271,5.239,-22.738000000000003,18.965999999999998,0.747,-20.979,16.892,11.811,-6.367000000000001,-5.627999999999999,-5.033,-6.957000000000001,13.65,-1.227,8.057,-6.1770000000000005,0.767,-2.56,-6.6579999999999995,0.013000000000000001,-2.301,2.9539999999999997,-0.812,1.194,-1.011,4.5760000000000005,1.848,0.066,0.14800000000000002,-1.11,0.83,-0.059000000000000004,0.33799999999999997,0.583,1.87,3.08,0.0,2.19,0.0,0.0,0.0,0.25,0.57,0.0,0.0,0.0,0.0,0.0,3.05,1.64,0.01,1.0,1.0,0.0,1.0,0.0,0.0,0.0,0.0,0.0,0.0,0.0,0.0,0.0,0.0,1.0,1.0,0.0,0.0
43,1.401,0.98,0.05287000000000001,0.190492,-0.9802639999999999,-0.019905000000000003,0.227,-0.973691,0.017,0.21,543.7,547.6,558.2,569.2,574.2,571.1,559.7,548.7,531.9,536.3,545.1,558.0,571.4,580.8,587.1,580.0,569.5,557.9,547.5,538.3,554.9,559.5,563.9,565.6,563.5,558.9,554.5,552.8,690.6,693.8,704.3,716.0,722.0,718.8,708.2,695.7,680.1,686.4,695.8,708.5,720.6,729.1,734.5,729.8,722.3,712.4,700.4,688.7,701.5,706.5,711.1,712.5,709.9,704.9,700.3,698.8,346.8,336.3,331.9,336.2,346.8,357.9,361.8,357.4,351.3,344.0,339.9,337.0,338.0,342.6,350.4,355.8,359.5,361.3,360.3,357.0,350.6,352.4,350.6,346.2,341.8,340.0,341.8,346.2,344.4,332.3,326.4,330.3,341.7,353.9,359.7,356.8,351.2,342.5,336.4,333.4,335.3,339.6,347.0,351.1,353.5,354.8,354.8,354.3,349.0,350.7,348.2,342.9,337.9,336.2,338.8,344.1,-35.8,-34.3,-30.4,-26.3,-24.4,-25.6,-29.9,-34.0,-40.4,-38.6,-35.2,-30.4,-25.4,-22.0,-19.7,-22.3,-26.2,-30.5,-34.4,-37.9,-31.7,-30.0,-28.3,-27.7,-28.4,-30.1,-31.8,-32.4,18.3,19.5,23.4,27.6,29.8,28.6,24.8,20.2,14.5,16.8,20.2,24.8,29.3,32.5,34.5,32.7,29.9,26.3,21.9,17.7,22.3,24.2,25.9,26.4,25.4,23.6,21.9,21.4,-4.9,-8.8,-10.4,-8.8,-4.9,-0.8,0.7,-1.0,-3.2,-6.0,-7.5,-8.5,-8.1,-6.5,-3.6,-1.6,-0.2,0.5,0.1,-1.1,-3.5,-2.8,-3.5,-5.1,-6.8,-7.4,-6.8,-5.1,-5.6,-10.1,-12.2,-10.8,-6.7,-2.2,-0.1,-1.2,-3.2,-6.4,-8.6,-9.7,-9.0,-7.4,-4.8,-3.2,-2.3,-1.9,-1.9,-2.1,-4.0,-3.4,-4.3,-6.2,-8.0,-8.6,-7.7,-5.8,1115.3,1113.8,1112.7,1112.7,1113.8,1115.6,1116.4,1116.4,1120.7,1116.8,1113.4,1111.3,1111.9,1113.9,1116.6,1116.0,1115.2,1115.6,1117.0,1119.0,1116.1,1116.1,1115.6,1115.0,1114.6,1114.5,1115.0,1115.6,1087.7,1088.7,1090.0,1091.0,1090.9,1090.0,1088.7,1087.9,1088.2,1087.6,1087.5,1088.2,1090.5,1093.4,1096.1,1093.1,1090.0,1087.7,1086.8,1087.4,1089.4,1089.8,1090.4,1090.8,1090.8,1090.4,1089.8,1089.4,-1.1,35.6,1236.3,0.165,-0.049,-0.025,460.6,463.1,472.2,486.3,505.9,533.1,565.4,602.6,642.9,680.9,711.4,739.8,762.6,778.4,788.6,793.9,794.8,497.3,515.2,540.5,568.5,592.8,675.7,700.2,724.1,745.8,760.9,637.9,640.0,642.5,644.9,612.6,627.5,642.8,657.9,670.8,528.9,547.1,570.4,589.0,569.6,546.6,679.5,696.4,719.2,735.4,721.8,699.6,591.9,605.8,628.8,643.1,656.7,678.0,689.0,679.3,659.4,643.4,627.0,604.7,602.0,628.7,642.9,656.6,679.9,657.6,642.7,627.5,359.0,406.6,452.8,498.2,541.8,580.9,614.1,639.5,646.4,637.1,609.3,574.3,534.5,490.8,444.1,395.6,348.5,304.1,283.4,275.6,278.0,287.3,284.6,275.1,272.3,277.9,293.1,341.2,372.0,401.7,432.1,453.9,459.1,463.4,459.0,453.4,352.0,338.6,339.0,353.2,359.2,359.2,350.3,335.6,334.9,345.4,354.4,355.8,530.8,502.7,490.1,494.2,490.4,502.4,527.1,568.4,585.2,587.6,585.5,569.0,529.1,508.3,508.7,508.3,528.1,558.8,561.3,559.3,-75.8,-75.0,-71.4,-65.6,-57.2,-45.4,-31.5,-15.8,1.2,17.2,30.3,42.5,52.2,58.9,63.1,65.2,65.5,-58.7,-51.2,-40.7,-29.2,-19.2,14.6,24.6,34.6,43.6,49.9,-0.9,0.0,1.0,2.0,-11.2,-5.1,1.1,7.3,12.6,-45.8,-38.1,-28.5,-20.9,-28.9,-38.4,16.3,23.2,32.6,39.4,33.7,24.5,-19.9,-14.0,-4.5,1.3,6.8,15.6,20.3,16.3,8.0,1.4,-5.4,-14.6,-15.7,-4.6,1.2,6.8,16.5,7.3,1.1,-5.2,-0.4,19.8,39.5,59.0,77.5,93.8,107.4,117.6,120.5,116.9,105.7,91.3,74.4,55.7,35.7,15.1,-4.9,-23.0,-31.5,-34.5,-33.4,-29.6,-30.8,-34.8,-36.0,-33.8,-27.6,-7.7,4.9,16.9,29.2,38.4,40.4,42.2,40.4,38.1,-3.3,-8.8,-8.6,-2.8,-0.3,-0.3,-4.0,-10.1,-10.3,-6.0,-2.3,-1.7,70.6,58.5,53.1,54.8,53.2,58.4,69.1,86.2,93.1,94.1,93.2,86.2,69.8,60.7,60.8,60.7,69.5,82.1,83.1,82.3,1266.8,1272.2,1277.5,1280.6,1278.5,1274.1,1268.4,1262.6,1261.9,1265.9,1272.7,1278.0,1278.8,1276.5,1273.2,1271.5,1269.5,1233.6,1231.4,1227.3,1223.2,1221.2,1224.4,1228.7,1232.6,1236.2,1239.3,1225.0,1220.9,1217.2,1213.3,1225.4,1224.4,1223.9,1223.9,1224.9,1235.1,1231.3,1230.3,1230.1,1231.7,1232.6,1234.0,1234.0,1235.7,1240.6,1236.6,1234.5,1239.6,1229.2,1224.2,1223.5,1224.3,1230.8,1240.5,1241.1,1240.7,1240.2,1239.8,1238.2,1238.6,1228.3,1227.3,1228.0,1239.6,1239.8,1239.2,1239.1,2.416,0.201,-0.047,-0.025,637.19,445.781,-69.325,8.017000000000001,-9.305,26.805,3.1519999999999997,-27.434,20.454,9.052999999999999,-1.9469999999999998,-5.14,-5.835,-2.946,10.318,-3.932,6.247999999999999,-6.768,2.9139999999999997,-2.715,-6.455,0.8320000000000001,-2.52,3.534,-0.446,0.271,-0.623,5.165,2.8489999999999998,0.521,0.5710000000000001,-0.955,0.812,-0.163,0.365,0.528,1.64,2.94,0.06,2.23,0.0,0.0,0.0,0.15,0.26,0.0,0.0,0.0,0.0,0.0,3.57,1.86,0.01,1.0,1.0,0.0,1.0,0.0,0.0,0.0,0.0,0.0,0.0,0.0,0.0,0.0,0.0,1.0,1.0,0.0,0.0
44,1.435,0.98,0.056063,0.177647,-0.9824959999999999,-0.012598,0.225208,-0.9742290000000001,0.022000000000000002,0.203,543.6,547.6,558.3,569.4,574.5,571.3,559.8,548.7,531.8,536.4,545.3,558.2,571.6,580.7,586.9,579.8,569.4,558.1,547.9,538.7,555.1,559.6,563.9,565.5,563.5,559.0,554.7,553.1,690.6,694.0,704.5,716.1,722.0,718.6,708.0,695.6,680.2,686.2,695.3,708.0,720.2,729.0,734.6,729.6,721.8,711.9,700.1,688.7,701.3,706.6,711.5,713.0,710.3,705.0,700.1,698.6,346.1,335.6,331.3,335.7,346.1,357.0,360.9,356.6,350.1,342.9,339.2,336.4,337.1,341.4,349.4,356.1,361.0,363.1,361.3,356.9,349.5,351.3,349.6,345.4,341.1,339.4,341.1,345.3,343.8,331.8,326.1,330.0,341.2,353.1,358.8,356.0,350.7,342.1,336.1,333.1,334.9,339.1,346.4,350.5,352.9,354.3,354.3,353.7,348.6,350.4,347.7,342.2,337.1,335.3,337.9,343.4,-35.5,-33.9,-30.0,-25.9,-24.1,-25.3,-29.5,-33.6,-40.0,-38.1,-34.8,-30.0,-25.1,-21.8,-19.5,-22.1,-26.0,-30.2,-33.9,-37.4,-31.3,-29.6,-28.0,-27.4,-28.1,-29.8,-31.4,-32.0,18.6,19.9,23.8,28.1,30.2,29.0,25.0,20.4,14.8,17.0,20.3,25.0,29.6,32.9,35.1,33.1,30.1,26.4,22.1,17.9,22.6,24.5,26.3,26.9,25.9,24.0,22.2,21.6,-5.1,-8.9,-10.5,-8.9,-5.1,-1.1,0.3,-1.3,-3.7,-6.3,-7.6,-8.6,-8.4,-6.8,-3.9,-1.4,0.4,1.1,0.5,-1.1,-3.9,-3.2,-3.8,-5.4,-6.9,-7.6,-7.0,-5.4,-6.0,-10.4,-12.5,-11.1,-6.9,-2.5,-0.4,-1.5,-3.4,-6.6,-8.8,-9.9,-9.2,-7.7,-5.1,-3.5,-2.6,-2.1,-2.1,-2.3,-4.2,-3.6,-4.5,-6.5,-8.4,-9.1,-8.1,-6.1,1103.7,1101.8,1100.7,1100.9,1102.3,1104.5,1105.3,1105.1,1108.2,1104.2,1100.9,1098.9,1099.5,1101.7,1104.7,1104.5,1103.8,1104.2,1105.5,1107.1,1104.6,1104.7,1104.2,1103.5,1102.9,1102.8,1103.2,1104.0,1103.4,1104.2,1105.4,1106.1,1106.1,1105.2,1104.1,1103.5,1104.2,1103.4,1103.0,1103.5,1105.5,1108.3,1111.0,1108.1,1105.2,1103.1,1102.4,1103.2,1104.9,1105.2,1105.7,1106.1,1106.2,1105.8,1105.3,1104.9,-1.2,35.9,1230.6,0.177,-0.052000000000000005,-0.022000000000000002,459.9,462.6,472.2,486.9,507.1,534.4,565.4,601.5,641.0,678.7,709.2,738.0,761.1,777.5,788.2,793.6,794.6,497.1,515.3,540.8,568.9,592.9,675.6,700.0,724.0,745.7,760.6,638.1,640.1,642.4,644.8,612.3,627.3,642.6,657.8,670.9,528.9,547.2,570.8,589.2,569.7,546.4,679.5,696.1,719.0,735.1,721.7,699.4,591.7,605.3,629.0,643.2,656.6,678.0,688.5,679.2,659.1,643.1,626.7,603.8,601.8,628.9,642.9,656.5,679.3,657.4,642.6,627.4,356.1,405.0,452.8,499.5,544.6,584.9,619.0,645.0,652.2,642.8,614.0,577.6,536.6,492.2,444.8,395.6,348.0,303.6,282.5,274.9,277.2,286.8,284.2,274.6,271.9,277.4,292.8,340.9,371.5,400.8,431.1,453.7,458.8,463.2,458.8,453.1,351.8,338.0,338.6,353.1,359.2,359.0,350.0,334.9,334.2,345.0,354.1,355.5,533.4,503.4,490.1,494.3,490.5,502.8,529.1,573.4,591.4,593.9,591.9,574.3,531.6,508.5,508.7,508.3,530.2,564.8,567.5,565.5,-75.6,-74.8,-71.0,-65.0,-56.3,-44.6,-31.4,-16.2,0.4,16.3,29.2,41.5,51.3,58.1,62.5,64.7,65.0,-58.4,-50.9,-40.3,-28.8,-19.1,14.4,24.5,34.3,43.3,49.6,-0.8,0.0,1.0,1.9,-11.2,-5.2,1.0,7.2,12.6,-45.5,-37.9,-28.2,-20.7,-28.7,-38.2,16.2,23.0,32.4,39.1,33.5,24.3,-19.9,-14.2,-4.5,1.3,6.7,15.5,20.0,16.2,7.9,1.3,-5.5,-14.9,-15.7,-4.5,1.2,6.7,16.2,7.2,1.1,-5.2,-1.7,19.0,39.3,59.2,78.3,95.0,109.1,119.6,122.5,118.9,107.2,92.2,74.8,55.9,35.8,15.0,-5.1,-23.0,-31.6,-34.6,-33.6,-29.6,-30.8,-34.8,-36.0,-33.9,-27.6,-7.8,4.7,16.5,28.6,38.1,40.1,41.9,40.1,37.8,-3.4,-9.0,-8.7,-2.8,-0.3,-0.4,-4.1,-10.3,-10.6,-6.2,-2.4,-1.8,71.4,58.5,52.9,54.5,53.0,58.4,69.7,88.0,95.4,96.4,95.5,88.1,70.6,60.5,60.6,60.5,70.1,84.3,85.4,84.6,1258.8,1264.8,1270.3,1273.5,1271.5,1267.6,1263.5,1258.7,1257.7,1260.9,1266.4,1270.8,1270.7,1267.9,1264.8,1263.5,1261.7,1225.6,1223.7,1219.8,1216.2,1214.9,1218.5,1222.8,1226.5,1230.1,1233.0,1218.7,1214.8,1211.5,1207.8,1219.5,1218.4,1218.0,1218.0,1219.0,1227.8,1224.0,1223.3,1223.2,1224.9,1225.6,1227.7,1227.6,1229.3,1234.2,1230.3,1228.1,1234.7,1224.0,1218.8,1218.2,1219.0,1225.8,1235.7,1237.0,1236.7,1236.3,1235.8,1233.9,1233.9,1222.9,1221.9,1222.7,1235.1,1235.6,1235.0,1234.8,2.428,0.212,-0.049,-0.023,636.956,446.994,-78.852,9.943999999999999,-6.159,29.656999999999996,3.335,-29.868000000000002,22.096,8.162,-0.3,-6.388999999999999,-6.787000000000001,-0.963,8.963,-3.51,5.848,-6.76,3.3369999999999997,-3.51,-6.151,1.179,-2.354,3.511,-0.54,0.195,-0.165,5.797999999999999,3.862,0.575,0.7190000000000001,-0.982,0.6859999999999999,-0.21600000000000003,0.369,0.57,1.56,2.84,0.12,2.37,0.0,0.0,0.0,0.0,0.17,0.0,0.0,0.0,0.0,0.0,3.88,1.78,0.01,1.0,1.0,0.0,1.0,0.0,0.0,0.0,0.0,0.0,0.0,0.0,0.0,0.0,0.0,1.0,1.0,0.0,0.0
45,1.4680000000000002,0.98,0.049618,0.173665,-0.983554,-0.0073739999999999995,0.220469,-0.975366,0.022000000000000002,0.19899999999999998,543.1,547.0,557.7,568.9,574.1,571.0,559.5,548.3,531.2,536.1,545.0,557.7,570.8,580.1,586.7,579.8,569.6,558.5,548.1,538.5,554.6,559.2,563.5,565.1,563.0,558.5,554.1,552.5,690.4,693.7,704.2,715.7,721.6,718.3,707.8,695.4,679.7,685.6,694.7,707.5,719.8,728.5,733.9,729.0,721.4,711.6,699.7,688.2,701.0,706.3,711.0,712.5,709.9,704.6,699.9,698.4,345.9,335.4,330.9,335.1,345.5,356.4,360.5,356.3,349.7,342.6,338.7,335.8,336.4,340.7,348.8,355.8,361.0,363.3,361.6,357.0,349.2,350.9,349.1,344.8,340.6,338.9,340.7,345.0,343.4,331.4,325.6,329.5,340.7,352.7,358.5,355.6,350.3,341.6,335.6,332.5,334.5,338.7,346.1,350.3,352.7,354.1,354.1,353.4,348.1,349.8,347.2,341.8,336.7,335.0,337.6,343.0,-35.5,-34.0,-30.1,-26.0,-24.1,-25.3,-29.6,-33.7,-40.1,-38.1,-34.7,-30.0,-25.3,-21.9,-19.6,-22.1,-25.8,-29.9,-33.8,-37.3,-31.3,-29.7,-28.1,-27.5,-28.2,-29.9,-31.5,-32.1,18.5,19.7,23.6,27.8,30.0,28.7,24.9,20.3,14.5,16.7,20.0,24.7,29.3,32.6,34.7,32.8,29.9,26.2,21.9,17.7,22.4,24.3,26.1,26.6,25.7,23.7,22.0,21.4,-5.2,-9.0,-10.6,-9.1,-5.3,-1.3,0.2,-1.4,-3.8,-6.4,-7.8,-8.8,-8.6,-7.1,-4.1,-1.5,0.4,1.2,0.6,-1.1,-4.0,-3.3,-4.0,-5.6,-7.1,-7.7,-7.1,-5.5,-6.1,-10.5,-12.6,-11.2,-7.1,-2.7,-0.6,-1.6,-3.6,-6.7,-8.9,-10.1,-9.4,-7.8,-5.1,-3.6,-2.7,-2.2,-2.2,-2.4,-4.4,-3.7,-4.7,-6.7,-8.6,-9.2,-8.2,-6.2,1099.9,1098.1,1097.0,1097.3,1098.8,1100.9,1101.7,1101.4,1104.4,1100.4,1097.1,1095.1,1095.9,1098.1,1101.3,1101.1,1100.4,1100.7,1101.8,1103.3,1100.9,1101.0,1100.6,1099.8,1099.2,1099.1,1099.6,1100.3,1099.1,1099.9,1101.2,1102.1,1102.1,1101.2,1100.0,1099.3,1099.9,1099.1,1098.8,1099.3,1101.5,1104.3,1107.1,1104.2,1101.2,1099.1,1098.3,1098.9,1100.7,1101.1,1101.7,1102.1,1102.1,1101.7,1101.1,1100.7,-1.5,36.0,1228.6,0.17800000000000002,-0.051,-0.021,459.2,462.0,471.9,486.8,507.5,534.8,565.0,600.5,639.6,677.1,707.7,736.7,760.1,776.9,787.9,793.4,794.5,496.9,515.1,540.5,568.6,592.5,674.8,699.4,723.4,745.3,760.3,637.5,639.4,641.6,644.0,611.8,626.7,641.8,657.2,670.4,528.5,547.0,570.6,588.9,569.4,546.1,679.0,695.5,718.5,734.6,721.3,698.8,590.6,604.3,628.5,642.6,656.0,677.9,688.6,679.0,658.4,642.4,626.0,602.7,600.9,628.3,642.3,655.9,679.3,656.7,641.9,626.6,354.8,404.3,452.6,499.7,545.4,585.9,620.4,646.9,654.5,645.4,616.6,579.7,538.2,493.3,445.4,395.7,347.5,303.4,282.1,274.5,276.8,286.5,283.8,274.0,271.3,276.9,292.4,340.4,370.9,400.0,430.1,453.4,458.5,462.9,458.4,452.7,351.6,337.5,338.1,352.8,358.9,358.7,349.7,334.5,333.7,344.7,353.9,355.3,534.0,503.7,490.1,494.3,490.6,503.1,529.8,575.4,593.8,596.3,594.1,575.9,532.3,508.6,508.8,508.6,531.0,567.1,569.8,567.6,-75.7,-74.9,-71.0,-64.9,-56.0,-44.4,-31.5,-16.6,-0.2,15.6,28.5,40.9,50.8,57.7,62.2,64.4,64.8,-58.4,-50.9,-40.4,-28.9,-19.2,14.1,24.2,34.0,43.1,49.4,-1.0,-0.2,0.7,1.6,-11.5,-5.4,0.7,7.0,12.3,-45.5,-37.9,-28.3,-20.8,-28.8,-38.3,15.9,22.7,32.1,38.8,33.3,24.0,-20.3,-14.5,-4.7,1.1,6.5,15.5,20.0,16.1,7.6,1.0,-5.8,-15.3,-16.1,-4.8,0.9,6.5,16.2,6.9,0.8,-5.5,-2.2,18.6,39.1,59.2,78.4,95.3,109.5,120.2,123.3,119.8,108.1,92.9,75.3,56.2,35.9,15.0,-5.2,-23.1,-31.7,-34.7,-33.7,-29.7,-30.9,-35.0,-36.2,-34.0,-27.7,-8.0,4.4,16.1,28.2,37.9,40.0,41.7,39.9,37.6,-3.4,-9.2,-8.9,-2.9,-0.5,-0.5,-4.2,-10.4,-10.7,-6.3,-2.5,-1.9,71.5,58.5,52.8,54.5,53.0,58.4,69.9,88.7,96.3,97.2,96.3,88.7,70.8,60.5,60.5,60.5,70.3,85.2,86.2,85.3,1256.2,1262.0,1267.4,1270.6,1268.4,1264.8,1261.4,1257.1,1256.1,1258.9,1264.0,1268.1,1267.7,1264.7,1261.7,1260.6,1259.0,1223.3,1221.5,1217.6,1214.2,1213.1,1216.6,1220.8,1224.4,1228.0,1230.9,1216.5,1212.8,1209.5,1205.8,1217.6,1216.4,1215.9,1216.0,1217.1,1225.6,1221.9,1221.2,1221.1,1222.8,1223.5,1225.4,1225.3,1226.9,1231.8,1227.9,1225.8,1233.4,1222.4,1217.0,1216.4,1217.2,1224.0,1234.1,1235.4,1235.1,1234.8,1234.3,1232.5,1232.6,1221.1,1220.1,1220.8,1233.6,1234.0,1233.4,1233.2,2.432,0.214,-0.047,-0.021,636.406,447.348,-82.919,9.487,-4.727,30.787,3.471,-30.392,22.471999999999998,7.691,0.418,-6.795,-7.684,-0.382,8.006,-3.634,5.107,-6.522,3.7289999999999996,-3.5589999999999997,-5.813,1.003,-2.2969999999999997,3.295,-0.35600000000000004,0.395,0.24,6.1739999999999995,3.991,0.823,0.846,-1.0859999999999999,0.6990000000000001,-0.235,0.371,0.542,1.5,2.77,0.12,2.2,0.0,0.0,0.0,0.0,0.13,0.0,0.0,0.0,0.0,0.0,3.93,1.72,0.0,1.0,1.0,0.0,1.0,0.0,0.0,0.0,0.0,0.0,0.0,0.0,0.0,0.0,0.0,1.0,1.0,0.0,0.0
46,1.5019999999999998,0.98,0.067717,0.198679,-0.977722,-0.019426,0.23935599999999999,-0.9707379999999999,0.025,0.221,542.7,546.7,557.4,568.5,573.5,570.4,558.9,547.8,530.6,535.0,543.9,557.0,570.4,579.5,585.5,578.4,567.8,556.0,545.7,536.8,554.0,558.7,563.1,564.8,562.7,558.1,553.6,551.9,689.7,693.0,703.5,715.0,720.8,717.4,706.9,694.6,679.2,685.1,694.1,706.8,719.1,727.9,733.6,728.6,720.8,710.9,699.0,687.6,700.3,705.5,710.4,711.9,709.2,704.0,699.2,697.6,345.4,334.8,330.4,334.7,345.3,356.4,360.4,356.0,349.5,342.2,338.4,335.7,336.7,341.2,349.1,354.3,357.9,359.5,358.2,354.8,349.2,351.0,349.1,344.7,340.3,338.5,340.3,344.7,343.7,331.9,326.2,330.0,341.0,352.9,358.5,355.7,350.1,341.6,335.6,332.5,334.4,338.7,346.2,350.3,352.6,353.9,353.9,353.3,348.4,350.1,347.5,342.1,337.1,335.3,337.9,343.3,-36.3,-34.7,-30.7,-26.6,-24.8,-26.0,-30.3,-34.4,-41.0,-39.2,-35.8,-30.9,-25.9,-22.5,-20.3,-23.0,-26.9,-31.3,-35.2,-38.6,-32.1,-30.4,-28.7,-28.0,-28.8,-30.5,-32.2,-32.9,18.3,19.6,23.5,27.8,29.9,28.7,24.8,20.2,14.5,16.7,20.0,24.7,29.3,32.6,34.8,32.9,29.9,26.2,21.8,17.6,22.3,24.3,26.1,26.6,25.6,23.7,21.9,21.3,-5.4,-9.4,-11.0,-9.4,-5.5,-1.3,0.1,-1.5,-4.0,-6.6,-8.1,-9.0,-8.7,-7.0,-4.1,-2.1,-0.8,-0.2,-0.7,-1.9,-4.0,-3.4,-4.0,-5.7,-7.3,-8.0,-7.3,-5.7,-6.0,-10.4,-12.5,-11.1,-7.0,-2.6,-0.5,-1.6,-3.7,-6.8,-9.0,-10.2,-9.5,-7.9,-5.1,-3.6,-2.7,-2.3,-2.3,-2.5,-4.3,-3.7,-4.6,-6.6,-8.5,-9.1,-8.2,-6.2,1118.9,1117.3,1116.2,1116.3,1117.5,1119.4,1120.2,1120.1,1124.0,1120.2,1117.0,1115.0,1115.6,1117.5,1120.1,1119.5,1118.7,1119.0,1120.5,1122.4,1119.7,1119.8,1119.3,1118.7,1118.2,1118.1,1118.6,1119.2,1108.6,1109.5,1110.6,1111.3,1111.2,1110.4,1109.3,1108.7,1109.6,1108.8,1108.4,1108.8,1110.9,1113.7,1116.4,1113.4,1110.5,1108.5,1107.8,1108.6,1110.1,1110.4,1110.9,1111.3,1111.4,1111.0,1110.5,1110.1,-1.9,35.7,1229.5,0.17800000000000002,-0.042,-0.019,459.7,461.9,471.2,485.9,506.7,534.6,565.5,600.8,639.2,675.7,705.8,734.5,758.6,776.1,787.3,792.9,794.1,496.0,514.0,539.6,567.7,591.8,674.2,698.8,722.9,745.0,760.1,636.5,638.4,640.6,642.8,610.3,625.3,640.6,656.0,669.3,527.5,545.8,569.2,587.7,568.2,545.1,678.3,695.0,717.9,734.2,720.6,698.3,588.2,602.7,627.1,641.1,654.5,676.6,688.0,677.7,656.9,641.0,624.6,601.1,598.4,626.9,640.8,654.3,678.9,655.2,640.5,625.3,354.4,403.9,452.5,499.8,545.4,585.6,619.3,644.7,651.8,643.0,615.1,579.7,539.2,494.6,446.3,396.1,347.5,303.2,281.8,274.0,276.5,286.2,283.9,274.2,271.4,277.2,292.8,339.6,370.6,400.2,430.8,453.1,458.3,462.8,458.2,452.5,350.5,337.0,337.6,351.8,357.6,357.4,349.4,334.6,334.0,344.6,353.5,354.8,531.0,502.7,490.2,494.4,490.8,502.7,527.6,572.6,590.6,593.0,590.8,572.7,529.8,508.1,508.5,508.2,528.9,564.0,566.5,564.4,-75.6,-75.0,-71.4,-65.4,-56.5,-44.5,-31.3,-16.4,-0.4,15.0,27.7,40.0,50.2,57.5,62.0,64.3,64.7,-58.8,-51.4,-40.8,-29.3,-19.5,13.9,23.9,33.8,43.0,49.3,-1.4,-0.6,0.2,1.1,-12.0,-6.0,0.3,6.5,11.9,-46.0,-38.4,-28.9,-21.3,-29.3,-38.7,15.6,22.5,31.9,38.7,33.0,23.8,-21.3,-15.2,-5.2,0.4,5.9,14.9,19.8,15.5,7.0,0.4,-6.3,-16.0,-17.1,-5.4,0.3,5.8,16.0,6.3,0.2,-6.0,-2.4,18.5,39.1,59.3,78.5,95.2,109.1,119.3,122.2,118.8,107.6,93.0,75.8,56.8,36.4,15.2,-5.3,-23.2,-31.9,-34.9,-33.8,-29.8,-30.9,-34.9,-36.1,-33.9,-27.6,-8.3,4.3,16.2,28.5,37.8,39.9,41.7,39.8,37.5,-3.9,-9.4,-9.1,-3.3,-1.0,-1.0,-4.3,-10.4,-10.6,-6.3,-2.7,-2.1,70.4,58.2,52.9,54.5,53.1,58.3,69.0,87.6,95.0,96.0,95.0,87.4,69.8,60.3,60.5,60.4,69.5,84.0,85.0,84.1,1258.1,1264.0,1269.7,1273.1,1270.6,1266.4,1261.8,1257.1,1256.5,1259.6,1265.2,1269.6,1269.4,1266.7,1263.4,1261.6,1259.5,1225.4,1223.3,1219.3,1215.6,1214.0,1217.0,1221.0,1224.6,1228.0,1230.9,1217.1,1213.2,1209.6,1205.8,1218.0,1216.7,1216.1,1216.3,1217.5,1227.1,1223.4,1222.6,1222.3,1224.0,1224.8,1225.8,1225.8,1227.2,1231.9,1228.2,1226.2,1234.7,1223.8,1218.1,1217.4,1218.2,1225.0,1235.1,1236.2,1235.9,1235.5,1235.0,1233.6,1233.8,1222.2,1221.2,1221.9,1234.6,1234.8,1234.2,1234.1,2.43,0.214,-0.038,-0.02,635.405,446.565,-79.95,8.855,-3.8739999999999997,29.74,4.5280000000000005,-26.619,22.566999999999997,8.226,-0.335,-7.297999999999999,-6.858,-1.52,9.451,-4.69,4.431,-6.223,2.6830000000000003,-3.6310000000000002,-6.479,1.3019999999999998,-2.17,2.5989999999999998,-0.262,0.5489999999999999,-0.17600000000000002,5.218999999999999,3.529,0.716,0.485,-1.074,0.935,-0.368,0.298,0.6940000000000001,1.55,2.94,0.06,2.36,0.0,0.0,0.0,0.0,0.22,0.0,0.0,0.0,0.0,0.0,3.76,1.96,0.0,1.0,1.0,0.0,1.0,0.0,0.0,0.0,0.0,0.0,0.0,0.0,0.0,0.0,0.0,1.0,1.0,0.0,0.0
47,1.535,0.98,0.050074,0.171921,-0.9838370000000001,-0.036147000000000006,0.202478,-0.97862,0.006999999999999999,0.18899999999999997,542.1,546.2,556.9,567.9,572.7,569.4,557.9,546.9,530.2,535.0,543.8,556.5,569.5,578.7,585.0,578.0,567.6,556.3,546.1,536.9,553.3,557.8,562.2,563.9,561.9,557.4,553.1,551.3,688.7,691.9,702.4,714.2,720.2,717.0,706.5,693.9,678.2,684.8,694.3,706.9,718.9,727.3,732.6,728.0,720.6,710.7,698.8,687.0,699.5,704.7,709.5,710.9,708.2,702.9,698.2,696.8,345.6,335.0,330.7,335.2,345.9,357.0,360.8,356.3,349.9,342.7,338.8,336.0,337.0,341.6,349.6,355.4,359.4,361.3,359.9,356.1,349.4,351.3,349.6,345.2,340.8,339.0,340.7,345.0,344.1,331.9,326.0,329.9,341.3,353.6,359.4,356.6,351.0,342.2,336.0,333.0,334.9,339.3,346.7,350.7,353.1,354.3,354.4,353.9,348.9,350.6,348.0,342.5,337.4,335.6,338.3,343.7,-36.6,-35.0,-31.0,-26.9,-25.2,-26.4,-30.8,-34.9,-41.3,-39.3,-35.9,-31.1,-26.3,-22.9,-20.6,-23.2,-27.1,-31.3,-35.2,-38.7,-32.5,-30.8,-29.1,-28.5,-29.2,-30.9,-32.5,-33.2,17.5,18.7,22.5,26.8,28.9,27.8,23.9,19.4,13.8,16.1,19.5,24.1,28.4,31.6,33.6,31.8,29.0,25.4,21.1,16.9,21.4,23.3,25.0,25.6,24.6,22.7,21.0,20.4,-5.4,-9.3,-10.9,-9.2,-5.3,-1.1,0.3,-1.4,-3.8,-6.5,-7.9,-8.9,-8.6,-6.9,-3.9,-1.7,-0.2,0.5,-0.0,-1.5,-4.0,-3.3,-3.9,-5.5,-7.2,-7.9,-7.2,-5.6,-5.7,-10.1,-12.3,-10.9,-6.7,-2.3,-0.2,-1.2,-3.2,-6.4,-8.6,-9.7,-9.0,-7.5,-4.8,-3.4,-2.5,-2.0,-2.0,-2.2,-4.0,-3.4,-4.3,-6.3,-8.2,-8.8,-7.8,-5.9,1122.3,1120.8,1119.8,1119.9,1121.0,1122.8,1123.5,1123.4,1127.1,1123.3,1120.1,1118.1,1118.8,1120.8,1123.5,1123.0,1122.1,1122.4,1123.8,1125.6,1123.2,1123.2,1122.8,1122.2,1121.7,1121.6,1122.1,1122.7,1078.7,1079.7,1081.1,1082.1,1082.1,1081.1,1079.7,1078.9,1079.1,1078.6,1078.5,1079.4,1081.7,1084.7,1087.5,1084.4,1081.2,1078.9,1077.9,1078.3,1080.4,1080.9,1081.5,1082.0,1082.0,1081.5,1080.9,1080.4,-2.3,35.1,1254.6,0.135,-0.036000000000000004,-0.019,460.2,462.5,471.2,484.5,504.1,532.2,564.0,599.9,638.4,675.1,706.2,735.6,759.7,776.5,786.6,792.0,793.0,494.7,513.1,538.5,566.0,590.6,674.0,698.5,722.1,744.4,760.4,636.0,637.8,639.9,642.0,609.2,624.5,639.8,655.2,668.7,527.1,545.5,569.0,587.3,567.9,544.7,677.6,694.4,717.5,734.0,720.1,697.8,584.6,601.2,624.3,639.6,654.4,676.1,689.1,676.8,656.2,639.1,621.8,599.4,595.0,623.9,639.3,654.4,679.8,654.6,638.7,622.5,355.2,404.0,451.8,498.2,541.5,579.1,609.5,631.7,637.6,630.2,605.2,573.4,535.8,493.0,446.0,396.9,349.0,302.8,282.5,274.8,277.1,286.1,284.1,274.7,272.0,277.1,292.3,339.8,371.1,401.3,432.2,454.0,459.1,463.5,459.1,453.8,350.7,337.5,338.1,352.3,358.5,358.3,349.9,335.2,334.6,345.3,354.4,355.6,527.1,501.5,489.7,494.2,490.3,501.9,524.3,560.5,575.0,577.0,574.8,560.1,526.1,509.4,510.0,509.4,525.6,547.5,549.6,547.6,-77.1,-76.4,-73.0,-67.4,-58.7,-46.4,-32.5,-17.0,-0.7,15.0,28.4,41.2,51.7,58.9,63.1,65.3,65.6,-60.7,-53.0,-42.2,-30.7,-20.5,14.1,24.3,34.3,43.7,50.5,-1.7,-0.9,-0.0,0.8,-12.8,-6.4,-0.1,6.3,11.9,-47.2,-39.4,-29.6,-21.9,-30.1,-39.8,15.7,22.7,32.4,39.5,33.5,24.1,-23.2,-16.2,-6.5,-0.2,6.0,15.0,20.6,15.4,6.8,-0.4,-7.6,-17.0,-18.8,-6.7,-0.3,6.0,16.7,6.1,-0.5,-7.3,-2.1,18.9,39.7,59.9,78.4,94.2,106.7,115.6,117.9,115.2,105.3,92.1,76.0,57.4,37.0,15.9,-4.7,-23.9,-32.4,-35.5,-34.4,-30.6,-31.5,-35.5,-36.7,-34.7,-28.4,-8.4,4.6,17.0,29.7,39.0,41.1,42.9,41.1,38.9,-3.9,-9.4,-9.1,-3.2,-0.6,-0.7,-4.2,-10.3,-10.6,-6.1,-2.4,-1.9,70.1,58.9,53.8,55.6,54.0,59.1,68.9,84.0,89.9,90.8,89.8,83.7,69.6,62.1,62.3,62.1,69.4,78.4,79.2,78.4,1286.6,1291.8,1297.2,1300.2,1296.8,1290.5,1282.7,1275.9,1274.8,1279.2,1287.6,1294.8,1296.4,1294.6,1291.2,1288.8,1286.7,1254.2,1252.2,1248.4,1244.6,1242.4,1244.9,1248.8,1252.0,1254.7,1257.1,1245.2,1241.3,1237.7,1233.9,1245.5,1244.1,1243.4,1243.6,1244.5,1254.6,1250.8,1249.9,1249.6,1250.8,1251.9,1253.1,1252.9,1254.3,1258.7,1255.1,1253.4,1257.9,1248.2,1243.4,1242.6,1243.3,1249.5,1258.5,1256.8,1255.1,1254.4,1254.3,1254.5,1256.5,1247.2,1246.2,1246.8,1257.2,1254.6,1253.9,1254.1,2.381,0.171,-0.032,-0.019,634.577,443.63800000000003,-67.967,6.584,-16.041,19.421,3.451,-18.305999999999997,15.4,9.966000000000001,-4.707,-4.862,-7.736000000000001,-1.7630000000000001,11.25,-1.2830000000000001,3.886,-3.45,2.5780000000000003,-3.7710000000000004,-5.317,-0.711,-2.6439999999999997,1.104,-0.052000000000000005,0.862,-0.426,4.595,2.634,0.3,0.442,-0.9890000000000001,0.9520000000000001,-0.261,0.24100000000000002,0.586,1.62,3.11,0.0,2.2,0.0,0.0,0.0,0.0,0.26,0.0,0.0,0.0,0.0,0.0,3.33,2.24,0.0,1.0,1.0,0.0,1.0,0.0,0.0,0.0,0.0,0.0,0.0,0.0,0.0,0.0,0.0,1.0,1.0,0.0,0.0
48,1.568,0.98,0.050144,0.166913,-0.9846959999999999,-0.042141000000000005,0.183042,-0.982202,0.004,0.17600000000000002,541.7,545.9,556.5,567.3,572.0,568.7,557.2,546.4,529.8,534.5,543.3,555.8,568.8,578.3,584.7,577.6,567.0,555.5,545.2,536.2,552.8,557.3,561.8,563.5,561.6,557.0,552.6,550.8,688.1,691.2,701.8,713.6,719.8,716.7,706.1,693.4,677.7,684.2,693.7,706.4,718.4,726.7,731.9,727.5,720.3,710.7,698.6,686.7,699.0,704.2,708.9,710.3,707.6,702.3,697.6,696.3,346.4,335.6,331.2,335.9,346.8,358.1,361.9,357.2,351.3,343.8,339.5,336.7,338.1,342.9,350.8,355.9,359.1,360.6,359.7,356.7,350.6,352.6,350.8,346.3,341.7,339.8,341.6,346.1,344.9,332.6,326.6,330.6,342.1,354.5,360.4,357.5,352.0,343.3,337.2,334.1,336.0,340.2,347.5,351.5,353.9,355.2,355.3,354.9,349.7,351.5,348.8,343.4,338.2,336.5,339.1,344.6,-37.0,-35.4,-31.4,-27.3,-25.6,-26.8,-31.2,-35.3,-41.7,-39.8,-36.4,-31.6,-26.7,-23.2,-20.8,-23.5,-27.5,-31.8,-35.7,-39.2,-32.9,-31.2,-29.5,-28.8,-29.5,-31.2,-32.9,-33.6,17.2,18.3,22.1,26.4,28.6,27.4,23.6,19.0,13.5,15.8,19.1,23.7,28.0,31.1,33.0,31.4,28.7,25.2,20.9,16.6,21.1,23.0,24.7,25.2,24.2,22.3,20.6,20.1,-5.1,-9.2,-10.8,-9.1,-5.0,-0.7,0.7,-1.0,-3.3,-6.1,-7.7,-8.8,-8.2,-6.4,-3.5,-1.5,-0.4,0.2,-0.1,-1.2,-3.5,-2.8,-3.5,-5.2,-6.9,-7.6,-6.9,-5.2,-5.4,-9.8,-11.9,-10.5,-6.4,-2.0,0.2,-0.9,-2.9,-6.0,-8.1,-9.2,-8.6,-7.1,-4.5,-3.0,-2.2,-1.7,-1.7,-1.8,-3.7,-3.0,-4.0,-6.0,-7.8,-8.4,-7.5,-5.5,1129.8,1128.7,1127.7,1127.5,1128.2,1129.6,1130.2,1130.4,1135.0,1131.4,1128.2,1126.2,1126.6,1128.3,1130.7,1129.9,1128.9,1129.3,1130.8,1133.0,1130.4,1130.3,1129.9,1129.4,1129.1,1129.2,1129.6,1130.1,1069.9,1071.0,1072.5,1073.6,1073.6,1072.5,1071.0,1070.0,1070.2,1069.7,1069.8,1070.7,1073.2,1076.2,1079.0,1075.9,1072.6,1070.2,1069.1,1069.4,1071.7,1072.2,1072.9,1073.4,1073.4,1072.9,1072.2,1071.7,-2.3,34.4,1271.5,0.109,-0.032,-0.022000000000000002,460.3,462.9,471.1,483.4,501.9,529.7,562.7,599.8,639.7,677.4,709.8,739.1,762.7,777.9,786.6,791.6,792.4,493.2,511.8,537.2,564.7,590.0,673.1,698.2,722.1,744.5,761.0,635.0,636.9,639.1,641.1,608.1,623.8,639.4,654.9,668.6,526.7,544.8,568.3,586.6,567.3,544.3,677.1,693.9,717.0,733.8,719.6,697.3,582.6,600.9,622.7,639.4,655.8,677.3,691.7,678.2,658.0,639.6,621.2,599.8,593.0,622.5,639.4,656.2,682.2,656.2,638.9,621.5,357.4,404.7,450.7,495.4,535.9,570.9,598.5,618.5,623.4,617.1,594.7,566.3,531.3,490.2,445.0,397.6,351.1,302.9,283.4,275.9,278.3,286.9,285.1,275.6,273.1,278.3,293.4,340.9,372.3,402.9,434.0,455.4,460.3,464.6,460.2,455.0,351.2,338.3,338.7,352.8,359.2,359.1,350.8,336.3,335.7,346.3,355.3,356.4,523.8,501.5,490.9,495.3,491.1,501.5,520.5,548.0,559.6,561.6,559.6,548.5,522.9,510.8,511.4,510.3,521.7,533.0,535.0,533.3,-78.4,-77.5,-74.2,-68.9,-60.6,-48.1,-33.4,-17.2,-0.1,16.1,30.3,43.4,53.9,60.5,64.1,66.1,66.4,-62.4,-54.4,-43.4,-31.7,-21.0,13.9,24.5,34.8,44.3,51.4,-2.1,-1.3,-0.4,0.4,-13.4,-6.8,-0.2,6.3,12.1,-48.1,-40.3,-30.3,-22.6,-30.8,-40.6,15.7,22.8,32.7,40.0,33.8,24.3,-24.4,-16.5,-7.3,-0.3,6.7,15.8,22.0,16.2,7.6,-0.2,-7.9,-17.0,-19.9,-7.4,-0.3,6.8,17.9,6.8,-0.5,-7.8,-1.1,19.6,39.8,59.6,77.2,91.9,103.1,111.0,113.0,110.8,102.1,90.4,75.2,57.1,37.2,16.4,-3.9,-24.3,-32.5,-35.6,-34.4,-30.7,-31.5,-35.6,-36.8,-34.7,-28.3,-8.1,5.2,18.0,30.9,40.2,42.2,44.0,42.2,40.0,-3.7,-9.2,-9.0,-3.1,-0.4,-0.4,-3.9,-10.0,-10.3,-5.8,-2.0,-1.5,69.6,59.7,55.0,56.8,55.1,59.7,68.2,79.7,84.3,85.1,84.3,79.7,69.1,63.5,63.8,63.3,68.6,73.1,73.9,73.2,1308.3,1312.6,1317.6,1320.1,1316.0,1307.8,1296.8,1287.8,1286.7,1292.8,1304.4,1314.0,1317.2,1315.9,1312.0,1309.0,1307.0,1275.1,1272.1,1268.0,1263.4,1260.3,1262.2,1266.2,1269.8,1272.8,1275.6,1263.8,1259.8,1255.8,1251.9,1264.0,1262.6,1261.7,1261.9,1262.8,1274.0,1270.0,1268.9,1268.9,1269.8,1271.0,1271.8,1271.6,1273.0,1277.5,1273.7,1272.1,1273.8,1264.7,1260.8,1259.9,1260.6,1266.6,1275.2,1270.9,1267.9,1266.8,1267.1,1268.4,1272.0,1264.2,1263.3,1263.9,1273.0,1268.0,1267.1,1267.6,2.349,0.145,-0.028999999999999998,-0.023,634.491,440.99699999999996,-51.537,4.876,-25.236,10.334000000000001,3.596,-10.017999999999999,8.916,12.958,-7.2379999999999995,-0.684,-8.516,-4.555,11.334000000000001,0.39,3.6689999999999996,-1.589,2.35,-4.363,-4.494,-2.792,-1.994,1.021,-0.547,0.271,-0.535,3.3680000000000003,1.6669999999999998,0.23600000000000002,0.242,-0.89,1.175,-0.317,0.172,0.45799999999999996,1.81,3.29,0.0,2.29,0.0,0.0,0.0,0.0,0.39,0.0,0.0,0.0,0.0,0.0,2.73,2.21,0.0,1.0,1.0,0.0,1.0,0.0,0.0,0.0,0.0,0.0,0.0,0.0,0.0,0.0,0.0,1.0,1.0,0.0,0.0
49,1.6019999999999999,0.98,0.046834,0.166018,-0.98501,-0.041069999999999995,0.175371,-0.9836450000000001,0.003,0.172,541.7,545.7,556.3,567.1,571.9,568.7,557.3,546.5,529.8,534.4,543.3,555.7,568.7,578.1,584.6,577.6,567.1,555.6,545.1,536.1,552.8,557.3,561.6,563.3,561.3,556.9,552.5,550.9,688.2,691.2,701.7,713.5,719.8,716.9,706.4,693.6,677.8,684.1,693.5,706.2,718.3,726.7,732.1,727.6,720.2,710.5,698.5,686.6,699.2,704.4,709.0,710.3,707.5,702.4,697.8,696.5,346.9,336.1,331.7,336.1,346.9,358.3,362.2,357.7,351.7,344.3,339.8,336.9,338.3,343.1,350.9,355.6,358.5,360.1,359.4,356.7,351.0,352.8,351.0,346.6,342.1,340.3,342.1,346.5,345.2,332.9,326.9,330.7,342.1,354.4,360.4,357.6,352.4,343.6,337.5,334.4,336.2,340.5,347.8,351.8,354.2,355.5,355.6,355.3,349.8,351.4,348.8,343.4,338.4,336.8,339.4,344.8,-37.4,-35.8,-31.8,-27.6,-25.8,-27.1,-31.4,-35.6,-42.1,-40.2,-36.7,-31.9,-27.0,-23.5,-21.1,-23.7,-27.7,-32.1,-36.1,-39.6,-33.1,-31.4,-29.8,-29.1,-29.9,-31.6,-33.2,-33.9,17.3,18.4,22.2,26.5,28.8,27.7,23.9,19.3,13.6,15.8,19.2,23.8,28.2,31.3,33.4,31.7,28.9,25.4,21.0,16.8,21.3,23.2,24.9,25.3,24.4,22.5,20.8,20.3,-5.0,-9.1,-10.7,-9.1,-5.0,-0.6,0.8,-0.9,-3.2,-6.0,-7.7,-8.7,-8.2,-6.4,-3.5,-1.7,-0.6,0.0,-0.2,-1.3,-3.4,-2.7,-3.4,-5.1,-6.8,-7.5,-6.8,-5.1,-5.3,-9.7,-11.9,-10.6,-6.5,-2.0,0.1,-0.8,-2.7,-5.9,-8.1,-9.2,-8.6,-7.1,-4.4,-3.0,-2.1,-1.6,-1.6,-1.7,-3.7,-3.1,-4.0,-6.0,-7.8,-8.4,-7.4,-5.5,1139.7,1138.6,1137.7,1137.5,1138.1,1139.4,1140.1,1140.3,1144.9,1141.4,1138.2,1136.2,1136.7,1138.4,1140.7,1139.8,1138.8,1139.1,1140.6,1142.8,1140.2,1140.2,1139.8,1139.3,1139.1,1139.2,1139.5,1140.0,1078.5,1079.6,1081.1,1082.1,1082.1,1081.0,1079.5,1078.6,1078.9,1078.5,1078.4,1079.3,1081.6,1084.5,1087.2,1084.2,1081.0,1078.6,1077.7,1078.1,1080.3,1080.7,1081.4,1081.9,1081.9,1081.5,1080.8,1080.3,-2.3,34.0,1278.6,0.10400000000000001,-0.031,-0.025,460.6,463.3,471.3,483.2,501.2,528.6,561.6,599.4,640.3,678.8,711.5,740.8,764.1,778.8,786.8,791.3,792.2,492.8,511.1,536.3,563.7,589.4,672.8,697.8,721.9,744.3,761.1,634.6,636.6,638.9,641.0,607.9,623.9,639.8,655.5,669.4,526.9,544.8,568.0,586.4,567.3,544.5,677.1,693.8,716.8,733.9,719.5,697.5,580.4,601.1,623.4,639.8,656.1,678.2,695.1,679.4,658.5,640.5,622.6,600.4,590.8,623.3,639.9,656.5,685.7,656.5,639.6,622.6,359.2,405.6,450.6,494.0,533.1,566.8,593.0,612.6,617.6,612.0,591.3,564.4,530.1,489.4,444.6,398.0,352.3,303.7,284.3,276.6,278.9,287.5,285.5,275.5,272.8,277.7,292.7,340.9,372.5,403.4,434.7,455.7,460.8,465.2,460.3,454.8,351.7,338.7,339.0,352.8,359.3,359.4,351.1,336.5,335.7,346.4,355.2,356.5,519.7,501.2,492.3,496.4,492.4,500.8,516.1,541.3,551.7,553.6,551.8,541.9,519.3,510.6,511.4,510.0,517.6,527.4,529.1,527.6,-78.8,-77.8,-74.5,-69.4,-61.2,-48.8,-34.1,-17.5,0.1,16.8,31.3,44.4,54.9,61.3,64.6,66.5,66.8,-63.0,-55.0,-44.1,-32.3,-21.4,13.9,24.5,34.8,44.5,51.8,-2.3,-1.4,-0.5,0.4,-13.6,-6.8,-0.1,6.5,12.4,-48.3,-40.6,-30.6,-22.8,-31.0,-40.7,15.8,22.9,32.8,40.2,34.0,24.5,-25.5,-16.5,-7.0,-0.1,6.8,16.2,23.6,16.8,7.9,0.2,-7.4,-16.8,-21.0,-7.1,-0.0,7.0,19.5,7.0,-0.2,-7.4,-0.3,20.1,40.0,59.3,76.3,90.6,101.2,108.9,110.9,109.1,101.1,90.1,75.2,57.1,37.3,16.7,-3.4,-24.1,-32.3,-35.5,-34.4,-30.6,-31.5,-35.9,-37.1,-35.1,-28.8,-8.1,5.3,18.3,31.3,40.6,42.7,44.5,42.4,40.1,-3.6,-9.1,-8.9,-3.1,-0.3,-0.2,-3.8,-10.0,-10.4,-5.8,-2.0,-1.5,68.3,59.9,55.9,57.7,56.0,59.8,66.8,77.2,81.4,82.1,81.4,77.3,68.0,63.9,64.1,63.6,67.3,71.1,71.8,71.1,1318.0,1321.2,1325.2,1327.1,1323.1,1314.8,1303.3,1293.4,1291.9,1298.4,1311.5,1322.3,1326.0,1324.7,1320.9,1317.8,1316.1,1284.0,1280.6,1276.1,1271.0,1267.1,1268.6,1272.7,1276.6,1279.8,1283.0,1270.7,1266.5,1262.3,1258.1,1271.2,1269.6,1268.4,1268.7,1269.8,1282.4,1278.4,1277.0,1277.2,1277.8,1279.1,1279.1,1279.1,1280.4,1284.8,1281.0,1279.5,1282.5,1273.0,1268.8,1268.0,1268.6,1274.8,1284.1,1277.5,1273.2,1272.0,1272.5,1275.2,1280.5,1271.7,1270.8,1271.4,1281.6,1273.9,1272.9,1273.6,2.335,0.139,-0.028999999999999998,-0.025,634.6990000000001,439.6,-44.699,2.162,-25.206999999999997,5.96,5.066,-3.7880000000000003,5.212000000000001,14.122,-8.37,2.08,-9.966000000000001,-4.768,9.222999999999999,-1.486,3.148,-1.435,3.0789999999999997,-3.984,-4.887,-2.291,-1.2109999999999999,0.978,-0.396,0.187,-0.41700000000000004,2.9360000000000004,0.614,0.6609999999999999,0.077,-1.026,1.3419999999999999,-0.505,0.185,0.608,1.94,3.3,0.0,2.2,0.0,0.0,0.0,0.0,0.45,0.0,0.0,0.0,0.0,0.0,2.28,1.9,0.0,1.0,1.0,0.0,1.0,0.0,0.0,0.0,0.0,0.0,0.0,0.0,0.0,0.0,0.0,1.0,1.0,0.0,0.0
50,1.635,0.98,0.049817,0.159667,-0.9859129999999999,-0.036155,0.174848,-0.983931,0.006999999999999999,0.168,542.3,546.4,557.0,567.9,572.7,569.5,558.0,547.1,530.6,535.1,543.9,556.3,569.4,578.9,585.5,578.3,567.7,556.1,545.7,536.7,553.5,558.0,562.4,564.1,562.1,557.6,553.2,551.5,688.9,691.9,702.4,714.2,720.4,717.4,706.9,694.2,678.5,684.7,694.0,706.8,718.8,727.2,732.4,727.9,720.7,711.1,699.1,687.3,699.8,705.0,709.6,710.9,708.2,703.0,698.4,697.1,346.7,335.8,331.2,335.7,346.6,358.2,362.1,357.6,351.9,344.3,339.7,336.8,338.2,343.1,351.0,355.7,358.5,360.0,359.4,356.8,350.9,352.8,350.9,346.4,341.8,340.0,341.8,346.4,345.1,332.8,326.9,330.7,342.1,354.4,360.4,357.6,352.3,343.6,337.5,334.5,336.3,340.5,347.8,351.9,354.3,355.7,355.7,355.3,349.8,351.5,348.8,343.4,338.4,336.7,339.3,344.7,-36.9,-35.3,-31.3,-27.2,-25.4,-26.6,-30.9,-35.1,-41.5,-39.6,-36.2,-31.5,-26.6,-23.0,-20.6,-23.3,-27.3,-31.6,-35.6,-39.1,-32.7,-30.9,-29.3,-28.6,-29.4,-31.1,-32.8,-33.4,17.6,18.7,22.5,26.8,29.0,27.9,24.1,19.5,13.9,16.1,19.4,24.1,28.5,31.6,33.5,31.8,29.1,25.6,21.3,17.0,21.6,23.4,25.1,25.6,24.6,22.7,21.1,20.6,-5.0,-9.1,-10.8,-9.2,-5.0,-0.7,0.8,-0.9,-3.1,-5.9,-7.6,-8.7,-8.2,-6.4,-3.4,-1.6,-0.6,-0.0,-0.2,-1.2,-3.4,-2.7,-3.4,-5.1,-6.9,-7.6,-6.9,-5.1,-5.4,-9.8,-12.0,-10.6,-6.5,-2.0,0.1,-0.9,-2.8,-5.9,-8.1,-9.2,-8.5,-7.1,-4.4,-2.9,-2.1,-1.6,-1.5,-1.7,-3.7,-3.1,-4.0,-6.0,-7.8,-8.4,-7.5,-5.5,1132.1,1131.2,1130.3,1129.9,1130.4,1131.6,1132.3,1132.6,1137.4,1134.0,1130.8,1128.8,1129.2,1130.8,1133.0,1132.1,1131.1,1131.4,1133.0,1135.3,1132.6,1132.5,1132.1,1131.7,1131.5,1131.6,1132.0,1132.4,1080.4,1081.4,1083.0,1084.0,1084.0,1082.9,1081.4,1080.5,1080.7,1080.2,1080.1,1081.0,1083.3,1086.3,1089.0,1086.1,1082.9,1080.5,1079.5,1079.9,1082.2,1082.6,1083.3,1083.8,1083.8,1083.3,1082.6,1082.2,-2.0,33.8,1280.8,0.109,-0.037000000000000005,-0.024,461.1,463.8,471.5,482.7,500.2,527.6,561.2,600.1,641.6,680.2,712.6,741.5,764.7,779.2,787.0,791.3,792.2,493.0,511.5,536.8,564.4,590.4,673.5,698.6,722.8,745.3,762.2,635.4,637.6,639.9,642.1,608.6,624.8,640.8,656.6,670.6,527.6,545.5,568.7,587.1,568.0,545.2,677.7,694.4,717.3,734.4,720.1,698.1,579.6,601.6,624.6,640.9,657.1,679.5,697.2,680.8,659.6,641.7,624.0,600.9,589.9,624.5,641.0,657.5,687.9,657.5,640.7,623.8,358.8,405.0,449.6,492.7,531.6,565.3,591.6,611.4,616.3,610.5,589.9,563.4,529.4,488.8,444.1,397.7,352.0,303.6,284.3,276.6,278.8,287.4,285.5,275.5,273.1,278.1,292.9,340.9,372.5,403.4,434.6,455.5,460.7,465.1,460.1,454.3,351.7,338.7,339.0,352.8,359.4,359.4,351.2,336.5,335.7,346.5,355.2,356.5,517.7,500.6,492.5,496.5,492.5,500.0,513.8,539.6,550.1,552.0,550.4,540.5,517.6,510.0,510.7,509.2,515.5,526.6,528.4,527.0,-78.7,-77.7,-74.5,-69.7,-61.7,-49.3,-34.3,-17.2,0.7,17.4,31.8,44.8,55.2,61.6,64.8,66.6,66.9,-63.0,-54.9,-44.0,-32.0,-21.0,14.2,24.9,35.3,45.0,52.3,-2.0,-1.0,-0.0,0.9,-13.3,-6.5,0.3,7.0,13.0,-48.1,-40.3,-30.4,-22.5,-30.7,-40.5,16.1,23.2,33.1,40.5,34.3,24.8,-25.9,-16.3,-6.5,0.4,7.2,16.8,24.5,17.4,8.3,0.7,-6.8,-16.6,-21.4,-6.6,0.4,7.4,20.5,7.5,0.3,-6.9,-0.5,19.8,39.6,58.8,75.8,90.1,100.8,108.5,110.5,108.6,100.7,89.8,75.0,57.0,37.1,16.6,-3.5,-24.2,-32.3,-35.5,-34.4,-30.7,-31.5,-35.9,-37.0,-35.0,-28.7,-8.1,5.3,18.3,31.3,40.5,42.7,44.5,42.4,40.0,-3.6,-9.1,-8.9,-3.1,-0.3,-0.2,-3.8,-10.0,-10.4,-5.8,-2.0,-1.5,67.6,59.8,56.2,57.8,56.1,59.6,66.0,76.6,80.8,81.6,80.9,76.9,67.4,63.7,64.0,63.3,66.6,70.9,71.6,71.0,1319.9,1323.1,1326.8,1328.8,1324.9,1316.8,1305.4,1295.2,1293.7,1300.4,1313.8,1324.8,1328.6,1327.3,1323.4,1320.3,1318.6,1285.8,1282.3,1277.7,1272.3,1268.3,1270.0,1274.5,1278.6,1282.0,1285.4,1272.4,1268.2,1263.9,1259.9,1273.1,1271.5,1270.3,1270.7,1271.9,1284.0,1280.1,1278.8,1279.2,1279.6,1280.8,1281.2,1281.3,1282.6,1287.2,1283.3,1281.7,1285.3,1275.8,1271.4,1270.7,1271.3,1277.7,1287.4,1280.2,1275.4,1274.1,1274.5,1277.6,1283.5,1274.1,1273.3,1273.9,1284.8,1276.4,1275.3,1275.9,2.331,0.14300000000000002,-0.035,-0.024,635.411,439.043,-44.153999999999996,2.055,-23.601999999999997,4.23,5.572,-2.345,3.8930000000000002,14.562999999999999,-7.987,3.278,-10.690999999999999,-4.882,8.248,-2.062,3.128,-1.107,3.0189999999999997,-4.091,-5.336,-1.57,-1.073,1.088,-0.9390000000000001,0.314,-0.9640000000000001,2.872,0.361,0.5660000000000001,-0.002,-1.129,1.273,-0.524,0.1,0.642,2.01,3.3,0.0,2.18,0.0,0.0,0.0,0.04,0.54,0.0,0.0,0.0,0.0,0.0,2.06,1.6,0.0,1.0,1.0,0.0,1.0,0.0,0.0,0.0,0.0,0.0,0.0,0.0,0.0,0.0,0.0,1.0,1.0,0.0,0.0
51,1.6680000000000001,0.98,0.053632000000000006,0.164995,-0.984835,-0.042037,0.17988800000000002,-0.9827879999999999,0.006,0.174,543.4,547.4,558.0,568.8,573.6,570.5,559.1,548.2,531.4,535.9,544.8,557.4,570.5,579.9,586.3,579.3,568.8,557.2,546.7,537.6,554.5,559.0,563.3,565.0,563.0,558.6,554.2,552.6,689.6,692.4,702.9,714.8,721.3,718.5,708.0,695.2,679.5,685.8,695.2,707.8,719.6,727.9,733.2,729.0,721.9,712.5,700.5,688.6,700.6,705.9,710.5,711.8,708.9,703.6,699.0,697.7,346.7,335.9,331.5,335.9,346.6,357.9,361.8,357.4,351.6,344.1,339.6,336.8,338.1,342.9,350.8,355.3,358.2,359.7,359.1,356.5,350.6,352.5,350.6,346.2,341.8,340.0,341.8,346.2,345.2,332.8,326.8,330.6,342.1,354.4,360.5,357.7,352.3,343.5,337.3,334.2,336.0,340.3,347.5,351.8,354.2,355.6,355.7,355.3,349.9,351.6,349.0,343.5,338.4,336.7,339.4,344.9,-36.6,-35.0,-31.0,-26.9,-25.1,-26.3,-30.7,-34.8,-41.3,-39.5,-36.0,-31.2,-26.3,-22.7,-20.4,-23.0,-27.0,-31.4,-35.4,-38.9,-32.4,-30.7,-29.1,-28.4,-29.2,-30.8,-32.5,-33.1,17.7,18.7,22.5,26.8,29.1,28.0,24.3,19.7,14.1,16.3,19.7,24.2,28.5,31.5,33.5,31.9,29.3,25.8,21.6,17.3,21.6,23.5,25.2,25.7,24.6,22.7,21.1,20.6,-5.0,-9.1,-10.8,-9.1,-5.1,-0.8,0.7,-1.0,-3.2,-6.0,-7.7,-8.8,-8.3,-6.5,-3.5,-1.8,-0.7,-0.1,-0.3,-1.3,-3.6,-2.9,-3.6,-5.2,-6.9,-7.6,-6.9,-5.2,-5.3,-9.7,-11.9,-10.5,-6.4,-2.0,0.2,-0.8,-2.7,-5.9,-8.1,-9.2,-8.6,-7.1,-4.5,-3.0,-2.1,-1.6,-1.5,-1.7,-3.6,-3.0,-3.9,-5.9,-7.7,-8.3,-7.4,-5.4,1136.6,1135.5,1134.6,1134.5,1135.2,1136.6,1137.2,1137.3,1142.0,1138.4,1135.2,1133.2,1133.8,1135.6,1138.0,1137.1,1136.1,1136.3,1137.8,1140.0,1137.3,1137.2,1136.8,1136.4,1136.1,1136.1,1136.5,1137.0,1069.3,1070.5,1072.2,1073.3,1073.2,1071.9,1070.3,1069.3,1069.3,1069.0,1069.1,1070.2,1072.6,1075.6,1078.3,1075.1,1071.9,1069.4,1068.3,1068.6,1071.1,1071.6,1072.3,1072.9,1072.9,1072.4,1071.7,1071.1,-1.5,33.7,1281.8,0.11,-0.042,-0.025,461.4,464.2,472.0,483.3,500.8,528.2,561.9,601.0,642.7,681.5,714.0,742.8,765.7,779.9,787.5,791.8,792.5,494.0,512.8,538.2,565.8,591.7,674.6,699.4,723.3,745.7,762.6,636.6,638.9,641.3,643.7,609.8,626.1,642.3,658.1,672.1,528.6,546.5,569.7,588.2,569.0,546.2,678.7,695.5,718.4,735.4,721.1,699.2,580.4,602.8,625.9,642.4,658.6,681.1,698.9,682.5,661.2,643.2,625.5,602.2,590.7,625.9,642.5,659.1,689.7,659.2,642.2,625.2,358.5,404.7,449.3,492.4,531.1,564.7,590.8,610.7,615.6,610.0,589.5,563.1,529.0,488.3,443.8,397.6,352.1,303.1,284.1,276.5,278.8,287.5,285.6,275.6,273.1,277.7,292.2,340.7,372.5,403.5,434.9,455.4,460.6,465.1,460.0,454.1,351.5,338.5,338.9,352.7,359.2,359.2,351.1,336.4,335.5,346.3,355.0,356.3,516.6,499.8,492.0,495.9,491.9,499.1,512.6,538.4,549.1,551.0,549.4,539.5,516.5,509.2,510.0,508.3,514.3,525.9,527.8,526.3,-78.6,-77.6,-74.3,-69.5,-61.5,-49.1,-34.0,-16.8,1.2,18.0,32.4,45.4,55.7,62.0,65.1,66.9,67.1,-62.6,-54.4,-43.4,-31.5,-20.4,14.7,25.3,35.5,45.2,52.6,-1.5,-0.5,0.6,1.5,-12.8,-5.9,1.0,7.7,13.6,-47.7,-39.9,-30.0,-22.1,-30.3,-40.1,16.6,23.7,33.6,41.0,34.7,25.3,-25.6,-15.8,-6.0,1.0,7.9,17.5,25.3,18.2,9.0,1.4,-6.2,-16.1,-21.1,-6.0,1.1,8.1,21.3,8.2,1.0,-6.3,-0.7,19.7,39.5,58.7,75.6,89.9,100.5,108.3,110.3,108.5,100.6,89.8,74.9,56.8,37.0,16.5,-3.5,-24.4,-32.5,-35.6,-34.4,-30.7,-31.5,-35.9,-37.1,-35.2,-29.1,-8.2,5.3,18.3,31.5,40.5,42.7,44.6,42.4,39.9,-3.6,-9.2,-9.0,-3.1,-0.4,-0.3,-3.8,-10.1,-10.5,-5.9,-2.1,-1.6,67.1,59.5,56.0,57.6,56.0,59.3,65.5,76.2,80.4,81.2,80.5,76.5,67.0,63.4,63.7,63.0,66.2,70.6,71.4,70.8,1320.8,1323.8,1327.5,1329.4,1325.7,1317.7,1306.4,1296.0,1294.7,1301.5,1315.3,1326.4,1330.2,1328.8,1324.7,1321.7,1320.1,1286.3,1282.8,1278.4,1273.1,1269.1,1271.0,1275.5,1279.5,1282.9,1286.3,1273.4,1269.3,1265.0,1261.0,1274.1,1272.5,1271.3,1271.7,1272.9,1284.8,1280.9,1279.7,1280.1,1280.4,1281.5,1282.3,1282.5,1283.9,1288.4,1284.5,1282.9,1286.4,1276.8,1272.5,1271.8,1272.5,1278.9,1288.7,1281.4,1276.4,1275.0,1275.4,1278.5,1284.6,1275.0,1274.3,1275.0,1286.1,1277.5,1276.3,1276.9,2.329,0.14400000000000002,-0.040999999999999995,-0.025,636.531,438.62300000000005,-43.691,2.048,-23.204,3.264,5.157,-1.716,3.807,15.222000000000001,-8.497,3.375,-10.63,-4.85,7.8260000000000005,-1.8969999999999998,3.069,-1.597,3.178,-3.9760000000000004,-5.501,-1.419,-0.8909999999999999,1.483,-0.946,0.442,-0.883,2.907,0.129,0.625,-0.08800000000000001,-1.0979999999999999,1.246,-0.547,0.10400000000000001,0.615,1.99,3.22,0.0,2.1,0.0,0.0,0.0,0.04,0.55,0.0,0.0,0.0,0.0,0.0,2.05,1.47,0.0,1.0,1.0,0.0,1.0,0.0,0.0,0.0,0.0,0.0,0.0,0.0,0.0,0.0,0.0,1.0,1.0,0.0,0.0
52,1.702,0.98,0.040119,0.16509300000000002,-0.9854620000000001,-0.046669999999999996,0.173604,-0.9837090000000001,-0.003,0.17,544.1,548.2,558.8,569.7,574.5,571.3,559.8,549.0,532.7,537.2,546.1,558.5,571.4,581.0,587.6,580.7,570.2,558.7,548.1,538.9,555.3,559.8,564.2,565.9,563.9,559.4,555.1,553.4,690.6,693.6,704.1,715.9,722.1,719.1,708.6,695.8,680.5,686.8,696.1,708.8,720.9,729.2,734.5,730.0,722.9,713.5,701.6,689.7,701.3,706.7,711.4,712.8,710.0,704.6,699.9,698.5,346.4,335.7,331.4,335.8,346.6,357.9,361.7,357.2,351.2,343.9,339.6,336.8,338.1,343.0,350.9,355.3,358.1,359.7,359.0,356.2,350.5,352.3,350.5,346.1,341.7,339.8,341.6,346.0,344.7,332.4,326.7,330.7,342.3,354.5,360.3,357.3,351.9,343.2,337.2,334.2,336.3,340.7,348.1,352.1,354.4,355.6,355.6,355.0,349.8,351.6,349.0,343.5,338.3,336.4,339.0,344.6,-36.3,-34.7,-30.7,-26.6,-24.8,-26.0,-30.4,-34.5,-40.9,-39.0,-35.6,-30.8,-25.9,-22.3,-19.9,-22.5,-26.4,-30.8,-34.9,-38.4,-32.1,-30.4,-28.7,-28.1,-28.8,-30.5,-32.2,-32.8,18.0,19.1,22.9,27.2,29.4,28.2,24.5,19.9,14.4,16.7,20.0,24.6,28.9,32.0,33.9,32.2,29.6,26.2,21.9,17.7,21.9,23.8,25.5,26.0,25.0,23.1,21.4,20.9,-5.1,-9.2,-10.8,-9.1,-5.1,-0.8,0.6,-1.1,-3.3,-6.1,-7.7,-8.8,-8.3,-6.4,-3.5,-1.8,-0.7,-0.1,-0.4,-1.4,-3.6,-2.9,-3.6,-5.3,-6.9,-7.6,-7.0,-5.3,-5.5,-9.8,-11.9,-10.5,-6.3,-2.0,0.1,-1.0,-2.9,-6.0,-8.1,-9.2,-8.5,-6.9,-4.3,-2.8,-2.0,-1.6,-1.6,-1.8,-3.6,-3.0,-3.9,-5.9,-7.8,-8.4,-7.5,-5.5,1137.1,1135.9,1134.9,1134.7,1135.5,1137.0,1137.7,1137.8,1142.4,1138.9,1135.6,1133.7,1134.2,1136.0,1138.4,1137.6,1136.6,1136.8,1138.3,1140.5,1137.7,1137.6,1137.2,1136.7,1136.4,1136.5,1136.9,1137.4,1069.2,1070.5,1072.1,1073.1,1072.9,1071.7,1070.0,1069.1,1069.1,1068.8,1068.9,1069.9,1072.3,1075.2,1078.0,1074.8,1071.6,1069.1,1068.0,1068.4,1070.9,1071.4,1072.1,1072.7,1072.8,1072.3,1071.6,1071.0,-1.0,33.7,1281.9,0.11,-0.047,-0.023,462.5,465.1,472.7,483.8,501.1,528.7,562.9,602.3,644.0,682.5,714.6,743.1,766.1,780.4,788.1,792.4,793.2,495.4,514.2,539.4,566.8,592.7,676.4,701.2,725.0,747.2,764.1,637.9,640.3,642.8,645.2,611.3,627.5,643.6,659.2,673.1,529.8,547.7,571.0,589.5,570.2,547.4,679.8,696.6,719.5,736.5,722.2,700.3,582.0,604.2,627.2,643.6,659.7,681.9,699.3,683.2,662.2,644.3,626.7,603.5,592.2,627.1,643.6,660.1,690.1,660.0,643.3,626.4,358.0,404.2,448.9,492.1,530.8,564.4,590.4,610.2,615.2,609.7,589.6,563.5,529.6,488.9,444.1,397.4,351.5,302.6,283.9,276.6,278.9,287.4,285.5,275.8,273.4,278.0,292.3,340.8,372.7,403.8,435.3,455.3,460.6,465.2,460.1,454.3,351.3,338.5,338.9,352.6,359.1,359.1,351.1,336.5,335.7,346.3,355.1,356.4,516.6,499.7,491.8,495.7,491.8,499.2,512.8,538.8,549.4,551.3,549.6,539.7,516.5,509.1,509.8,508.3,514.5,525.9,527.6,526.2,-78.1,-77.2,-74.0,-69.2,-61.4,-48.9,-33.6,-16.3,1.7,18.4,32.7,45.6,55.9,62.2,65.4,67.2,67.4,-62.0,-53.8,-42.9,-31.1,-20.0,15.4,26.0,36.2,45.8,53.2,-0.9,0.1,1.2,2.2,-12.2,-5.3,1.5,8.2,14.1,-47.2,-39.4,-29.4,-21.6,-29.8,-39.5,17.0,24.2,34.0,41.4,35.2,25.8,-24.9,-15.2,-5.4,1.5,8.3,17.8,25.5,18.5,9.4,1.8,-5.7,-15.5,-20.4,-5.5,1.5,8.5,21.5,8.5,1.4,-5.8,-0.9,19.5,39.3,58.5,75.5,89.8,100.3,108.1,110.1,108.4,100.7,90.0,75.3,57.1,37.2,16.5,-3.7,-24.6,-32.6,-35.6,-34.4,-30.7,-31.6,-35.8,-37.0,-35.1,-29.0,-8.1,5.4,18.5,31.7,40.5,42.7,44.6,42.4,40.0,-3.7,-9.2,-9.0,-3.2,-0.4,-0.4,-3.8,-10.1,-10.4,-5.9,-2.1,-1.6,67.1,59.4,55.9,57.5,55.9,59.3,65.6,76.3,80.6,81.3,80.6,76.6,67.0,63.4,63.6,63.0,66.2,70.6,71.3,70.7,1320.1,1323.4,1327.3,1329.4,1325.8,1317.8,1306.2,1295.8,1294.7,1301.7,1315.8,1327.1,1331.1,1329.7,1325.5,1322.1,1320.1,1286.0,1282.7,1278.4,1273.2,1269.2,1271.3,1275.9,1280.0,1283.3,1286.8,1273.6,1269.5,1265.3,1261.2,1274.1,1272.6,1271.5,1271.9,1273.1,1284.6,1280.8,1279.6,1280.1,1280.4,1281.4,1282.5,1282.8,1284.2,1288.8,1284.8,1283.2,1286.1,1276.7,1272.5,1271.8,1272.5,1278.9,1288.6,1281.3,1276.4,1275.1,1275.4,1278.4,1284.3,1275.1,1274.3,1275.0,1286.0,1277.5,1276.3,1276.9,2.329,0.14400000000000002,-0.046,-0.023,637.615,438.60900000000004,-43.268,1.993,-23.974,3.522,4.631,-1.913,3.9330000000000003,15.622,-8.474,2.657,-10.491,-5.329,8.633,-2.06,3.307,-1.123,3.2739999999999996,-4.113,-5.915,-1.406,-1.104,1.5630000000000002,-1.0759999999999998,0.7170000000000001,-1.208,3.2110000000000003,0.146,0.518,0.019,-1.075,1.272,-0.527,0.132,0.622,1.94,3.17,0.0,2.0,0.0,0.0,0.0,0.09,0.53,0.0,0.0,0.0,0.0,0.0,2.01,1.41,0.0,1.0,1.0,0.0,1.0,0.0,0.0,0.0,0.0,0.0,0.0,0.0,0.0,0.0,0.0,1.0,1.0,0.0,0.0
53,1.735,0.98,0.019679,0.153102,-0.988014,-0.077752,0.185448,-0.9795729999999999,-0.03,0.17,544.0,548.3,558.9,569.6,574.2,570.8,559.3,548.6,533.4,537.8,546.4,558.9,572.0,581.7,588.3,581.1,570.1,558.4,548.2,539.4,555.1,559.6,564.1,565.9,564.0,559.4,555.0,553.2,690.3,693.6,704.2,715.8,721.6,718.3,707.8,695.3,681.3,687.4,696.5,709.3,721.4,729.8,735.2,730.6,723.2,713.8,702.1,690.4,701.1,706.3,711.0,712.5,709.8,704.7,699.9,698.5,345.7,334.9,330.7,335.6,346.6,358.1,361.6,356.8,350.9,343.6,339.4,336.7,338.1,342.8,350.2,355.6,358.8,360.4,359.5,356.5,350.3,352.4,350.6,346.0,341.4,339.3,341.1,345.7,344.9,332.9,327.3,331.3,342.6,354.5,360.2,357.1,351.6,343.2,337.3,334.2,336.2,340.5,348.1,352.1,354.4,355.7,355.6,354.9,349.7,351.5,349.0,343.7,338.6,336.8,339.3,344.7,-36.0,-34.3,-30.3,-26.3,-24.6,-25.9,-30.2,-34.3,-40.1,-38.3,-35.0,-30.3,-25.4,-21.8,-19.4,-22.1,-26.2,-30.5,-34.4,-37.8,-31.8,-30.1,-28.4,-27.7,-28.5,-30.2,-31.8,-32.5,18.3,19.5,23.4,27.6,29.7,28.5,24.6,20.1,15.0,17.2,20.5,25.2,29.6,32.8,34.8,33.0,30.3,26.8,22.5,18.3,22.2,24.1,25.8,26.4,25.4,23.5,21.8,21.3,-5.3,-9.4,-10.9,-9.1,-5.0,-0.7,0.6,-1.2,-3.4,-6.1,-7.7,-8.7,-8.2,-6.4,-3.7,-1.6,-0.4,0.1,-0.2,-1.3,-3.6,-2.9,-3.5,-5.2,-7.0,-7.7,-7.1,-5.4,-5.5,-9.8,-11.9,-10.4,-6.3,-2.0,0.1,-1.0,-3.0,-6.1,-8.3,-9.4,-8.7,-7.1,-4.4,-2.9,-2.0,-1.6,-1.6,-1.8,-3.7,-3.1,-4.0,-5.9,-7.8,-8.4,-7.5,-5.6,1124.1,1123.1,1121.9,1121.4,1121.8,1123.1,1124.0,1124.5,1129.5,1125.8,1122.5,1120.4,1120.6,1122.1,1124.3,1123.5,1122.7,1123.2,1124.9,1127.3,1124.4,1124.2,1123.7,1123.2,1123.1,1123.3,1123.8,1124.2,1089.5,1090.5,1091.8,1092.5,1092.3,1091.3,1090.0,1089.4,1089.6,1089.0,1088.7,1089.5,1091.9,1094.8,1097.7,1094.6,1091.6,1089.3,1088.3,1088.8,1090.9,1091.3,1091.8,1092.3,1092.4,1092.1,1091.5,1091.0,-0.7,33.6,1282.0,0.107,-0.054000000000000006,-0.022000000000000002,463.3,465.7,473.2,484.1,501.4,528.9,563.3,603.0,644.8,683.3,715.0,743.5,766.4,780.8,788.4,792.8,793.5,496.0,514.9,540.2,567.8,593.8,677.3,702.3,726.2,748.5,765.2,638.8,641.3,643.9,646.4,612.4,628.5,644.6,660.3,674.1,530.3,548.1,571.4,589.9,570.7,547.9,680.5,697.2,720.1,737.0,722.8,700.9,584.2,606.2,628.7,644.7,660.5,682.1,699.2,683.5,662.9,645.5,628.1,605.6,594.5,628.6,644.8,660.8,690.1,660.7,644.4,627.9,357.9,404.1,448.8,491.9,530.5,563.8,589.4,608.9,614.0,608.6,588.7,562.8,529.1,488.3,443.5,396.8,350.8,302.3,283.7,276.4,278.8,287.2,285.3,275.7,273.2,277.9,292.5,340.8,372.6,403.7,435.1,455.3,460.7,465.1,460.1,454.2,351.3,338.5,338.8,352.5,359.1,359.3,350.9,336.4,335.6,346.2,355.1,356.3,517.3,500.4,492.4,496.4,492.4,500.0,513.5,538.3,548.3,550.1,548.4,539.0,517.1,509.8,510.5,509.1,515.1,524.8,526.5,525.0,-77.8,-76.9,-73.8,-69.1,-61.3,-48.8,-33.4,-16.0,2.1,18.8,32.9,45.8,56.1,62.4,65.6,67.4,67.6,-61.7,-53.5,-42.5,-30.6,-19.6,15.8,26.5,36.8,46.5,53.8,-0.5,0.5,1.6,2.7,-11.7,-4.9,1.9,8.6,14.5,-47.0,-39.2,-29.3,-21.4,-29.6,-39.4,17.3,24.5,34.3,41.7,35.5,26.1,-23.9,-14.4,-4.8,2.0,8.7,18.0,25.4,18.6,9.7,2.3,-5.0,-14.7,-19.5,-4.9,2.0,8.9,21.5,8.8,1.9,-5.2,-0.9,19.5,39.3,58.5,75.4,89.5,99.9,107.5,109.6,107.9,100.3,89.7,75.1,56.9,36.9,16.2,-4.0,-24.7,-32.6,-35.6,-34.5,-30.8,-31.6,-35.9,-37.1,-35.1,-29.0,-8.1,5.3,18.4,31.6,40.5,42.7,44.6,42.5,40.0,-3.7,-9.2,-9.0,-3.2,-0.4,-0.3,-3.9,-10.1,-10.5,-5.9,-2.1,-1.6,67.4,59.7,56.1,57.8,56.2,59.7,66.0,76.1,80.1,80.8,80.1,76.2,67.2,63.7,63.9,63.4,66.5,70.2,70.8,70.2,1319.7,1323.2,1327.2,1329.5,1325.9,1317.9,1306.4,1296.0,1294.7,1301.9,1316.1,1327.7,1332.1,1330.8,1326.6,1323.1,1320.9,1286.0,1282.7,1278.5,1273.3,1269.3,1271.6,1276.5,1280.8,1284.4,1288.3,1273.9,1269.8,1265.5,1261.4,1274.2,1272.8,1271.7,1272.1,1273.4,1284.7,1280.9,1279.7,1280.2,1280.5,1281.5,1283.1,1283.4,1285.0,1289.7,1285.6,1283.8,1285.5,1276.4,1272.4,1271.8,1272.5,1279.0,1288.6,1281.2,1276.4,1275.0,1275.3,1278.1,1283.7,1275.0,1274.3,1275.1,1285.8,1277.4,1276.2,1276.7,2.329,0.142,-0.054000000000000006,-0.022000000000000002,638.431,438.42800000000005,-41.232,2.012,-26.045,4.289,4.74,-2.121,3.5060000000000002,15.405,-8.082,2.673,-10.168,-5.0,8.801,-2.184,3.853,-0.5720000000000001,2.88,-4.785,-5.987,-1.423,-1.3630000000000002,1.849,-0.9520000000000001,0.804,-1.371,3.1830000000000003,-0.10300000000000001,0.455,-0.069,-1.157,1.056,-0.5870000000000001,0.043,0.713,1.86,3.11,0.0,1.91,0.0,0.0,0.01,0.05,0.47,0.0,0.0,0.0,0.0,0.0,1.65,1.23,0.0,1.0,1.0,0.0,1.0,0.0,0.0,0.0,0.0,0.0,0.0,0.0,0.0,0.0,0.0,1.0,1.0,0.0,0.0
54,1.768,0.98,0.016199,0.164925,-0.986173,-0.074112,0.188803,-0.9792139999999999,-0.028999999999999998,0.17800000000000002,544.5,548.8,559.4,570.2,574.8,571.4,559.9,549.1,534.2,538.4,546.8,559.2,572.5,582.4,589.1,581.6,570.4,558.5,548.3,539.7,556.0,560.2,564.5,566.2,564.4,560.1,555.9,554.2,690.9,694.5,705.1,716.6,722.2,718.7,708.0,695.7,681.9,687.8,696.8,709.5,721.9,730.7,736.3,731.2,723.5,713.8,702.0,690.5,701.7,706.8,711.7,713.3,710.7,705.5,700.7,699.1,345.1,334.1,329.9,334.8,346.0,357.7,361.3,356.3,350.3,343.0,338.8,336.2,337.8,342.7,350.2,354.8,357.4,358.7,357.9,355.2,349.5,351.5,349.9,345.5,341.0,339.1,340.7,345.1,344.5,332.7,327.2,331.2,342.4,354.2,359.7,356.7,351.2,342.7,336.8,333.9,335.9,340.2,347.7,351.9,354.3,355.5,355.4,354.5,349.4,351.2,348.7,343.3,338.3,336.5,339.0,344.3,-35.8,-34.1,-30.1,-26.1,-24.4,-25.7,-30.0,-34.1,-39.8,-38.1,-34.9,-30.2,-25.2,-21.6,-19.1,-21.8,-26.0,-30.5,-34.4,-37.7,-31.5,-29.9,-28.3,-27.6,-28.3,-29.9,-31.5,-32.2,18.7,20.0,24.0,28.2,30.3,29.0,25.0,20.5,15.4,17.6,20.9,25.6,30.2,33.5,35.6,33.7,30.7,27.1,22.8,18.6,22.7,24.6,26.4,27.0,26.1,24.1,22.4,21.8,-5.6,-9.7,-11.3,-9.4,-5.2,-0.9,0.5,-1.4,-3.6,-6.4,-7.9,-8.9,-8.3,-6.5,-3.7,-1.9,-1.0,-0.5,-0.8,-1.8,-3.9,-3.2,-3.8,-5.4,-7.1,-7.8,-7.2,-5.6,-5.7,-10.0,-12.1,-10.6,-6.5,-2.1,-0.1,-1.2,-3.3,-6.4,-8.5,-9.6,-8.9,-7.3,-4.5,-3.0,-2.1,-1.6,-1.7,-2.0,-3.9,-3.3,-4.2,-6.1,-8.0,-8.7,-7.7,-5.8,1124.2,1123.1,1121.8,1121.1,1121.4,1122.7,1123.7,1124.4,1129.5,1126.0,1122.7,1120.4,1120.4,1121.7,1123.6,1122.8,1122.0,1122.7,1124.6,1127.2,1124.2,1123.9,1123.4,1123.0,1122.9,1123.2,1123.7,1124.1,1103.0,1103.8,1104.8,1105.4,1105.2,1104.3,1103.4,1103.0,1103.5,1102.7,1102.3,1102.7,1104.8,1107.6,1110.4,1107.4,1104.6,1102.5,1101.8,1102.5,1104.3,1104.5,1105.0,1105.4,1105.5,1105.2,1104.8,1104.4,-0.6,33.2,1276.8,0.105,-0.043,-0.023,464.2,466.0,473.0,484.2,502.3,530.6,565.1,604.0,645.5,684.1,716.1,744.8,767.5,781.8,789.2,793.3,793.8,496.7,515.5,540.9,568.5,594.7,677.6,702.6,726.8,749.4,765.8,639.3,641.5,644.0,646.3,612.9,628.7,644.4,660.0,673.8,530.9,548.6,571.7,590.3,571.2,548.4,680.7,697.8,720.6,737.5,723.1,701.3,583.5,606.9,629.1,644.2,659.3,680.9,699.5,681.8,661.0,644.5,628.1,606.1,593.6,628.9,644.3,659.6,690.5,659.2,643.8,628.2,357.4,403.4,448.4,491.8,530.3,563.1,587.7,606.3,610.9,605.7,585.9,560.4,527.2,487.1,442.9,396.6,351.0,301.8,283.4,276.0,278.8,287.6,285.7,275.3,272.3,277.3,292.3,339.7,371.5,402.7,434.3,456.0,461.2,465.6,460.9,455.2,350.3,337.9,338.2,351.6,358.3,358.7,350.4,336.0,335.3,346.0,354.9,356.0,515.9,503.3,496.7,500.8,497.0,503.5,513.3,535.2,543.4,544.8,543.1,534.6,516.2,513.4,514.4,512.9,515.1,520.8,522.1,520.6,-77.2,-76.6,-73.8,-68.9,-60.7,-47.9,-32.5,-15.5,2.3,19.1,33.3,46.2,56.5,62.7,65.8,67.4,67.5,-61.3,-53.1,-42.1,-30.2,-19.1,15.9,26.5,36.9,46.7,53.9,-0.3,0.6,1.7,2.6,-11.5,-4.8,1.9,8.4,14.3,-46.6,-38.9,-29.0,-21.1,-29.3,-39.0,17.3,24.6,34.4,41.8,35.5,26.1,-24.1,-14.0,-4.6,1.8,8.1,17.4,25.5,17.8,8.9,1.9,-5.0,-14.4,-19.8,-4.7,1.8,8.3,21.5,8.1,1.6,-5.0,-1.1,19.1,39.0,58.3,75.1,88.9,98.8,106.0,107.9,106.2,98.8,88.4,74.0,56.2,36.6,16.1,-4.0,-24.9,-32.7,-35.7,-34.4,-30.5,-31.4,-35.9,-37.3,-35.3,-29.0,-8.6,4.9,17.9,31.0,40.6,42.7,44.5,42.6,40.2,-4.1,-9.4,-9.3,-3.6,-0.7,-0.6,-4.1,-10.2,-10.5,-6.0,-2.2,-1.7,66.6,60.7,57.7,59.5,57.9,61.0,65.6,74.5,77.7,78.2,77.4,74.1,66.6,64.9,65.3,64.7,66.2,68.1,68.6,68.0,1318.2,1321.3,1325.1,1327.2,1322.8,1314.2,1301.6,1290.9,1289.5,1296.8,1311.6,1323.6,1328.2,1327.2,1323.3,1319.5,1317.6,1283.1,1279.3,1274.7,1269.1,1264.6,1266.0,1270.9,1275.8,1279.9,1284.2,1268.6,1263.8,1258.6,1253.8,1268.4,1266.9,1265.6,1266.3,1267.8,1281.3,1277.2,1275.8,1276.3,1276.4,1277.6,1278.3,1278.7,1280.1,1284.9,1280.6,1279.0,1281.2,1271.9,1267.7,1267.2,1267.9,1274.3,1284.2,1275.3,1270.2,1268.7,1269.0,1272.6,1278.9,1270.1,1269.6,1270.5,1281.2,1271.2,1269.9,1270.4,2.3369999999999997,0.139,-0.043,-0.023,638.673,437.853,-32.113,3.647,-28.066,5.507999999999999,6.483,3.208,1.95,13.966,-8.535,4.78,-9.533,-4.628,7.716,-5.2620000000000005,2.32,-0.115,1.92,-3.912,-6.345,-2.316,-1.339,0.536,-0.38799999999999996,1.432,-0.701,2.414,-0.654,0.19699999999999998,-0.33,-1.061,0.884,-0.613,0.098,0.769,1.79,3.09,0.0,1.87,0.0,0.0,0.05,0.05,0.44,0.0,0.0,0.0,0.0,0.0,1.02,0.85,0.0,1.0,1.0,0.0,1.0,0.0,0.0,0.0,0.0,0.0,0.0,0.0,0.0,0.0,0.0,1.0,1.0,0.0,0.0
55,1.8019999999999998,0.98,0.014774,0.155631,-0.9877049999999999,-0.073839,0.178261,-0.981209,-0.03,0.168,544.8,549.0,559.6,570.4,575.0,571.7,560.2,549.4,534.4,538.6,547.1,559.7,573.1,582.5,588.8,581.5,570.2,558.4,548.5,540.0,556.0,560.5,564.9,566.6,564.7,560.3,555.9,554.1,691.1,694.7,705.4,717.0,722.6,718.9,708.2,695.9,682.0,688.0,697.1,709.8,722.1,730.8,736.4,731.3,723.5,713.7,701.9,690.5,701.9,707.0,711.8,713.4,710.9,705.8,701.1,699.4,344.9,334.0,329.7,334.6,345.7,357.3,360.9,356.1,350.1,342.7,338.8,336.2,337.6,342.1,349.4,355.2,358.7,360.2,359.0,355.8,349.4,351.4,349.7,345.2,340.6,338.6,340.3,344.8,344.1,332.3,326.8,330.9,342.2,354.1,359.5,356.4,351.3,342.6,336.6,333.7,335.7,340.1,347.7,351.8,354.1,355.3,355.2,354.4,349.0,350.8,348.4,343.1,338.1,336.3,338.7,344.0,-35.6,-34.0,-30.0,-25.9,-24.2,-25.5,-29.8,-33.9,-39.6,-37.9,-34.7,-29.9,-24.9,-21.4,-19.1,-21.8,-26.0,-30.5,-34.2,-37.5,-31.4,-29.7,-28.0,-27.4,-28.1,-29.8,-31.4,-32.1,18.7,20.1,24.0,28.3,30.3,29.0,25.0,20.5,15.4,17.6,20.9,25.6,30.1,33.4,35.6,33.6,30.7,27.0,22.7,18.5,22.7,24.6,26.4,27.0,26.1,24.2,22.4,21.8,-5.6,-9.7,-11.3,-9.5,-5.3,-1.0,0.3,-1.5,-3.7,-6.5,-7.9,-8.9,-8.3,-6.7,-3.9,-1.8,-0.5,0.1,-0.4,-1.6,-4.0,-3.2,-3.9,-5.5,-7.2,-8.0,-7.3,-5.7,-5.8,-10.2,-12.2,-10.7,-6.5,-2.2,-0.2,-1.3,-3.2,-6.4,-8.6,-9.7,-8.9,-7.3,-4.6,-3.0,-2.2,-1.7,-1.8,-2.0,-4.0,-3.4,-4.3,-6.2,-8.0,-8.7,-7.8,-5.9,1120.5,1119.4,1118.2,1117.6,1118.0,1119.3,1120.3,1120.9,1125.7,1122.1,1118.9,1116.7,1116.8,1118.2,1120.2,1119.6,1118.8,1119.5,1121.3,1123.7,1120.7,1120.5,1120.0,1119.5,1119.3,1119.6,1120.1,1120.6,1099.7,1100.6,1101.6,1102.2,1102.1,1101.2,1100.2,1099.7,1100.2,1099.5,1099.1,1099.6,1101.7,1104.5,1107.3,1104.3,1101.4,1099.3,1098.6,1099.3,1101.1,1101.4,1101.8,1102.2,1102.3,1102.0,1101.6,1101.2,-0.6,33.0,1280.0,0.098,-0.036000000000000004,-0.023,464.6,466.3,473.2,484.1,502.0,530.3,564.7,603.8,645.7,685.0,717.6,746.5,768.8,782.4,789.3,793.3,793.9,496.6,515.6,541.0,568.6,594.9,677.7,702.8,727.0,749.7,766.3,639.4,641.4,643.7,645.8,612.7,628.4,644.1,659.7,673.5,531.3,548.8,571.9,590.2,571.3,548.5,680.9,698.0,720.7,737.6,723.2,701.4,582.9,607.9,629.8,643.9,657.8,679.0,699.1,679.8,659.2,644.1,628.9,607.0,592.9,629.6,644.0,658.3,690.0,657.5,643.4,629.0,356.7,402.6,447.8,491.5,530.1,562.7,586.8,604.7,608.8,603.3,583.6,558.1,525.1,485.5,442.0,396.6,351.7,301.7,283.3,275.6,278.5,287.4,285.4,275.1,272.2,276.9,291.9,339.2,371.2,402.7,434.6,456.7,462.0,466.4,461.7,455.7,350.3,337.9,338.2,351.4,358.6,359.0,350.1,335.8,335.2,346.1,355.1,356.1,515.1,505.0,499.3,503.3,499.5,505.0,512.3,531.5,538.0,539.2,537.7,531.0,515.7,515.5,516.4,514.7,514.3,516.3,517.4,516.3,-77.4,-76.8,-73.9,-69.2,-61.0,-48.2,-32.7,-15.6,2.5,19.5,34.0,47.1,57.2,63.1,66.0,67.6,67.7,-61.6,-53.2,-42.2,-30.3,-19.1,15.9,26.7,37.1,46.9,54.2,-0.3,0.6,1.5,2.4,-11.6,-4.9,1.7,8.3,14.2,-46.6,-39.0,-29.0,-21.2,-29.3,-39.1,17.5,24.8,34.6,41.9,35.6,26.3,-24.4,-13.7,-4.3,1.7,7.5,16.6,25.4,17.0,8.1,1.7,-4.7,-14.0,-20.1,-4.4,1.7,7.8,21.4,7.4,1.4,-4.7,-1.5,18.8,38.9,58.4,75.2,89.1,98.6,105.5,107.1,105.4,97.9,87.6,73.3,55.6,36.3,16.2,-3.7,-25.0,-32.8,-36.0,-34.6,-30.7,-31.6,-36.1,-37.5,-35.5,-29.2,-8.8,4.7,18.0,31.3,41.0,43.2,45.0,43.0,40.6,-4.2,-9.5,-9.3,-3.7,-0.6,-0.4,-4.2,-10.3,-10.6,-6.0,-2.1,-1.7,66.4,61.7,59.1,60.7,59.1,61.8,65.4,73.0,75.5,75.9,75.3,72.7,66.5,66.0,66.4,65.7,66.1,66.3,66.7,66.3,1323.5,1326.4,1329.9,1331.5,1326.9,1317.9,1305.0,1293.7,1291.9,1299.1,1314.3,1326.4,1331.2,1329.9,1326.3,1322.4,1320.7,1287.5,1283.5,1278.8,1273.1,1268.5,1269.5,1274.6,1279.4,1283.4,1287.8,1272.3,1267.3,1261.9,1256.8,1271.8,1270.2,1268.9,1269.7,1271.3,1285.3,1281.3,1279.8,1280.3,1280.2,1281.5,1282.1,1282.4,1283.9,1288.6,1284.3,1282.7,1284.9,1275.9,1271.7,1271.4,1271.9,1278.1,1288.2,1277.6,1272.0,1270.3,1270.7,1275.0,1282.4,1273.8,1273.4,1274.3,1284.7,1273.3,1271.9,1272.4,2.331,0.132,-0.034,-0.024,638.65,437.249,-28.713,5.31,-31.884,3.802,6.895,7.143,-0.897,12.764000000000001,-9.139,5.915,-10.414000000000001,-3.028,5.795,-6.614,2.4219999999999997,0.133,1.456,-3.3369999999999997,-5.984,-1.462,-0.887,-0.121,-0.196,1.6,-0.9670000000000001,2.488,-0.8059999999999999,-0.109,-0.40399999999999997,-1.0,0.65,-0.606,0.034,0.7240000000000001,1.72,3.07,0.0,1.9,0.0,0.0,0.09,0.0,0.43,0.0,0.0,0.0,0.0,0.0,0.52,0.56,0.0,1.0,1.0,0.0,1.0,0.0,0.0,0.0,0.0,0.0,0.0,0.0,0.0,0.0,0.0,1.0,1.0,0.0,0.0
56,1.835,0.98,0.013025,0.166219,-0.9860030000000001,-0.076464,0.183113,-0.9801139999999999,-0.032,0.17600000000000002,544.8,549.0,559.6,570.3,574.8,571.5,560.1,549.4,534.5,538.8,547.3,559.7,572.9,582.4,588.7,581.4,570.2,558.4,548.4,540.0,555.9,560.4,564.8,566.6,564.7,560.2,555.8,554.1,691.1,694.7,705.4,717.0,722.6,719.1,708.4,696.0,682.0,688.1,697.3,710.1,722.3,731.0,736.4,731.3,723.5,713.7,701.9,690.5,702.0,707.1,711.9,713.5,710.9,705.8,701.0,699.5,344.8,333.9,329.6,334.3,345.3,356.9,360.6,355.9,350.2,342.7,338.5,335.9,337.4,342.1,349.3,354.9,357.9,359.4,358.5,355.6,349.4,351.4,349.5,345.0,340.4,338.4,340.2,344.8,344.1,332.1,326.5,330.6,341.8,353.8,359.4,356.3,351.2,342.6,336.6,333.8,335.9,340.4,347.8,351.8,354.1,355.2,355.0,354.3,348.8,350.6,348.1,342.8,337.8,336.0,338.5,343.8,-35.9,-34.2,-30.2,-26.2,-24.5,-25.8,-30.1,-34.2,-39.9,-38.2,-34.9,-30.2,-25.2,-21.7,-19.3,-22.0,-26.2,-30.7,-34.5,-37.8,-31.7,-30.0,-28.3,-27.6,-28.4,-30.0,-31.7,-32.4,18.7,20.0,24.0,28.2,30.3,29.0,25.1,20.5,15.4,17.6,21.0,25.7,30.2,33.5,35.5,33.6,30.6,27.0,22.6,18.5,22.7,24.6,26.4,27.0,26.0,24.1,22.4,21.8,-5.7,-9.8,-11.4,-9.7,-5.5,-1.2,0.2,-1.6,-3.7,-6.5,-8.1,-9.1,-8.5,-6.7,-4.0,-1.9,-0.8,-0.2,-0.6,-1.7,-4.0,-3.3,-3.9,-5.6,-7.4,-8.1,-7.4,-5.7,-5.8,-10.2,-12.3,-10.8,-6.7,-2.3,-0.2,-1.3,-3.2,-6.4,-8.6,-9.6,-8.8,-7.2,-4.5,-3.0,-2.2,-1.7,-1.8,-2.1,-4.1,-3.4,-4.4,-6.3,-8.1,-8.8,-7.9,-5.9,1130.3,1129.5,1128.4,1127.6,1127.8,1128.9,1129.7,1130.5,1135.6,1132.2,1129.1,1126.9,1127.0,1128.3,1130.1,1129.4,1128.6,1129.2,1131.0,1133.5,1130.4,1130.1,1129.7,1129.3,1129.2,1129.5,1130.0,1130.4,1098.4,1099.2,1100.2,1100.9,1100.7,1099.9,1098.9,1098.4,1098.9,1098.1,1097.7,1098.3,1100.4,1103.2,1105.9,1103.0,1100.1,1098.0,1097.3,1098.0,1099.8,1100.0,1100.5,1100.9,1100.9,1100.7,1100.2,1099.8,-0.8,33.5,1275.8,0.113,-0.034,-0.022000000000000002,464.9,466.4,473.1,483.8,501.8,530.0,563.4,601.7,643.4,682.8,716.1,745.6,768.3,782.1,789.3,793.4,794.0,496.4,515.1,540.3,567.8,594.3,677.4,702.5,726.3,748.9,765.6,639.1,641.1,643.3,645.3,612.2,628.0,643.6,659.3,673.3,531.2,548.8,571.9,590.1,571.3,548.6,681.0,698.1,720.9,737.7,723.2,701.4,580.3,605.4,628.3,643.6,658.6,680.9,700.9,681.6,659.9,643.6,627.1,604.3,590.6,628.1,643.6,659.1,691.7,658.2,642.9,627.3,356.1,402.0,447.1,490.9,530.4,564.1,589.8,609.1,613.7,607.9,586.2,558.8,524.8,484.7,441.3,396.3,351.7,301.4,283.1,275.3,278.2,287.1,285.6,275.0,272.1,276.6,291.1,339.0,370.9,402.3,434.3,457.7,462.9,467.3,462.6,456.8,350.1,337.8,338.0,351.1,358.2,358.5,349.9,336.0,335.4,346.1,355.1,355.9,517.6,506.9,501.0,505.2,501.2,506.8,514.8,535.9,543.6,545.1,543.5,535.6,518.4,518.5,519.5,517.8,517.1,520.1,521.4,520.1,-76.8,-76.4,-73.7,-69.1,-60.9,-48.1,-33.2,-16.5,1.5,18.5,33.2,46.5,56.7,62.7,65.6,67.2,67.4,-61.3,-53.2,-42.3,-30.5,-19.3,15.8,26.4,36.7,46.4,53.6,-0.4,0.4,1.4,2.2,-11.8,-5.1,1.5,8.1,14.1,-46.4,-38.8,-28.9,-21.2,-29.2,-38.9,17.5,24.7,34.5,41.8,35.5,26.2,-25.5,-14.7,-4.9,1.5,7.9,17.4,26.1,17.7,8.4,1.5,-5.4,-15.2,-21.0,-5.0,1.5,8.1,22.1,7.7,1.2,-5.3,-1.7,18.5,38.5,57.9,75.1,89.3,99.6,107.1,109.0,107.0,98.7,87.5,72.8,55.0,35.7,15.9,-3.6,-25.0,-32.7,-35.9,-34.6,-30.7,-31.4,-36.0,-37.3,-35.5,-29.4,-8.9,4.6,17.7,31.0,41.3,43.4,45.2,43.3,40.9,-4.2,-9.5,-9.3,-3.8,-0.8,-0.6,-4.3,-10.2,-10.5,-5.9,-2.1,-1.7,67.3,62.3,59.5,61.3,59.7,62.3,66.2,74.7,77.7,78.2,77.5,74.4,67.5,67.1,67.5,66.8,67.0,67.7,68.2,67.7,1316.1,1319.7,1324.0,1326.4,1321.5,1312.5,1300.3,1289.9,1288.3,1295.2,1309.4,1321.0,1324.8,1323.1,1319.1,1315.0,1313.2,1281.3,1277.3,1272.7,1267.4,1263.5,1265.1,1269.6,1274.0,1277.3,1280.9,1267.1,1262.3,1257.2,1252.4,1267.6,1266.0,1264.8,1265.6,1267.2,1279.4,1275.4,1274.1,1274.7,1274.7,1275.9,1276.9,1276.8,1278.1,1282.6,1278.7,1277.3,1280.9,1271.6,1267.3,1267.0,1267.6,1273.7,1283.8,1274.4,1269.0,1267.2,1267.6,1271.6,1278.4,1270.0,1269.6,1270.4,1280.6,1269.6,1268.1,1268.5,2.34,0.147,-0.032,-0.022000000000000002,638.2330000000001,438.473,-37.376999999999995,5.492999999999999,-30.877,4.906000000000001,5.4079999999999995,5.685,-1.597,12.437000000000001,-7.843999999999999,6.814,-10.505,-2.611,6.056,-5.74,1.11,-0.501,0.875,-3.509,-4.647,-3.2439999999999998,-0.5710000000000001,-1.774,-0.092,1.723,-0.705,2.089,-0.882,0.12,-0.41700000000000004,-1.001,0.713,-0.604,0.034,0.672,1.67,3.1,0.0,1.69,0.0,0.0,0.09,0.09,0.44,0.0,0.0,0.0,0.06,0.0,0.66,0.83,0.11,1.0,1.0,0.0,1.0,0.0,0.0,0.0,0.0,0.0,0.0,0.0,0.0,0.0,0.0,1.0,1.0,0.0,0.0
57,1.869,0.98,0.021215,0.17816700000000002,-0.983772,-0.047794,0.223723,-0.9734799999999999,-0.013999999999999999,0.203,544.9,549.7,560.7,571.4,575.5,571.5,559.6,548.9,534.2,540.5,549.6,561.0,572.7,581.7,587.8,580.7,570.0,558.4,548.2,539.6,555.7,560.3,565.0,567.1,565.4,560.8,556.0,553.9,692.3,695.9,706.1,716.8,721.9,718.2,708.0,696.5,683.0,688.7,697.4,709.0,720.3,729.1,735.0,730.1,722.0,712.2,701.1,690.4,702.9,707.2,711.3,712.8,710.8,706.5,702.3,700.9,345.1,334.7,330.2,334.3,344.5,355.9,359.5,355.4,350.4,343.5,339.1,337.0,339.2,344.0,350.5,354.6,355.6,356.2,355.9,354.4,350.2,351.9,350.0,345.5,341.1,339.3,341.2,345.7,344.9,334.7,330.3,334.2,344.3,354.4,358.8,355.8,351.8,344.1,338.3,335.5,337.7,342.6,350.3,353.6,354.8,355.1,355.0,354.7,349.5,351.1,349.3,345.2,341.2,339.5,341.3,345.4,-37.5,-35.6,-31.2,-27.0,-25.4,-26.9,-31.6,-35.8,-41.8,-39.2,-35.6,-31.1,-26.5,-23.0,-20.6,-23.3,-27.5,-32.0,-36.1,-39.5,-33.2,-31.4,-29.5,-28.7,-29.4,-31.2,-33.1,-33.9,20.8,22.3,26.4,30.7,32.7,31.1,27.1,22.5,17.2,19.4,22.9,27.5,32.0,35.6,38.1,36.0,32.7,28.7,24.3,20.1,25.1,26.8,28.4,29.1,28.3,26.5,24.9,24.3,-5.9,-10.0,-11.8,-10.1,-6.1,-1.6,-0.2,-1.8,-3.8,-6.5,-8.2,-9.0,-8.2,-6.3,-3.7,-2.1,-1.7,-1.5,-1.6,-2.2,-3.9,-3.2,-3.9,-5.7,-7.5,-8.2,-7.4,-5.6,-6.0,-10.1,-11.9,-10.3,-6.3,-2.2,-0.5,-1.7,-3.3,-6.4,-8.6,-9.7,-8.9,-6.9,-3.9,-2.6,-2.1,-1.9,-2.0,-2.1,-4.2,-3.6,-4.3,-5.9,-7.5,-8.2,-7.5,-5.8,1181.2,1182.4,1182.4,1181.1,1179.3,1178.2,1178.1,1179.4,1184.8,1183.0,1181.0,1179.9,1179.9,1180.4,1181.0,1179.1,1177.6,1177.6,1179.2,1181.9,1180.7,1180.1,1180.1,1180.6,1181.4,1181.9,1182.0,1181.4,1195.2,1196.9,1198.0,1197.9,1196.7,1195.1,1194.0,1194.1,1196.2,1195.6,1195.2,1195.5,1197.0,1199.3,1201.4,1198.4,1195.5,1193.7,1193.4,1194.6,1195.9,1195.9,1196.4,1197.0,1197.5,1197.5,1197.1,1196.4,-1.0,34.3,1270.8,0.131,-0.032,-0.016,465.5,466.7,473.2,484.2,502.4,530.6,563.0,600.0,641.0,680.5,713.8,743.3,766.4,781.1,789.1,793.5,794.1,497.9,515.5,540.5,568.1,594.2,677.9,702.9,726.5,748.6,764.1,639.4,641.3,643.5,645.4,611.8,627.4,643.1,659.0,673.0,532.0,549.4,571.6,589.5,571.0,549.3,681.2,697.9,720.0,736.1,721.8,700.7,580.8,603.4,626.3,642.4,658.5,680.7,698.3,680.8,659.1,641.6,624.1,601.7,591.2,625.8,642.3,658.6,689.3,657.8,641.3,624.8,356.4,402.5,447.6,491.3,531.9,566.8,594.4,615.3,621.2,615.1,591.5,562.0,526.8,486.2,442.3,396.8,352.0,301.6,282.9,274.8,278.1,287.3,286.5,275.9,272.9,277.7,292.0,340.0,371.9,403.3,435.3,457.6,463.2,468.0,463.4,457.4,349.9,338.8,339.0,350.7,357.3,357.5,350.0,337.9,337.7,347.5,355.6,356.0,520.9,507.7,501.3,506.0,502.2,509.1,520.0,543.6,552.6,554.1,551.8,541.7,521.5,519.5,520.8,519.6,521.9,527.7,529.1,527.3,-76.0,-75.8,-73.3,-68.6,-60.4,-47.7,-33.3,-17.2,0.4,17.4,32.1,45.3,55.5,61.9,65.2,66.8,67.0,-60.3,-52.7,-42.0,-30.2,-19.2,15.9,26.5,36.5,46.0,52.7,-0.2,0.6,1.4,2.2,-11.9,-5.3,1.3,8.0,13.9,-45.8,-38.3,-28.9,-21.4,-29.2,-38.4,17.4,24.5,33.9,40.9,34.7,25.7,-25.2,-15.4,-5.8,1.0,7.8,17.2,24.8,17.3,8.1,0.7,-6.7,-16.2,-20.7,-6.0,1.0,7.8,21.0,7.5,0.6,-6.4,-1.6,18.6,38.5,57.9,75.4,90.1,101.2,109.5,111.8,109.8,100.6,88.5,73.3,55.4,36.0,16.0,-3.5,-24.8,-32.6,-35.9,-34.4,-30.5,-30.9,-35.4,-36.8,-34.9,-28.9,-8.4,5.0,18.1,31.3,41.1,43.4,45.3,43.4,41.0,-4.3,-9.0,-8.9,-3.9,-1.2,-1.1,-4.2,-9.3,-9.5,-5.3,-1.9,-1.7,68.4,62.3,59.4,61.4,59.8,63.0,68.1,77.8,81.3,81.9,80.9,76.8,68.5,67.2,67.8,67.3,68.8,70.8,71.3,70.6,1307.4,1312.2,1318.1,1321.5,1316.3,1307.3,1295.4,1286.1,1284.8,1291.4,1304.3,1314.9,1318.0,1316.0,1311.3,1306.7,1304.4,1274.0,1270.3,1265.8,1261.0,1257.7,1259.8,1263.8,1267.9,1270.9,1274.2,1260.9,1256.4,1251.8,1247.4,1262.4,1260.8,1259.5,1260.2,1261.5,1272.1,1268.4,1267.3,1267.9,1267.9,1269.0,1270.4,1270.3,1271.3,1275.6,1272.1,1270.9,1275.0,1265.9,1261.7,1261.2,1261.9,1268.0,1277.6,1270.9,1266.9,1265.1,1265.4,1268.0,1272.5,1264.8,1264.4,1265.3,1275.0,1266.7,1265.3,1265.7,2.35,0.166,-0.027999999999999997,-0.017,637.609,440.68300000000005,-47.105,7.151,-28.676,8.78,4.04,1.321,2.062,11.681,-5.602,6.125,-9.171,-3.588,8.919,-4.872,1.8230000000000002,-1.081,-0.445,-4.609,-5.527,-4.624,-1.798,-1.8980000000000001,1.058,1.037,-0.5329999999999999,2.396,-1.153,0.48700000000000004,-0.324,-1.05,0.77,-0.762,0.146,0.691,1.55,3.11,0.0,1.2,0.0,0.43,0.16,0.17,0.45,0.04,0.0,0.0,0.06,0.0,1.2,1.38,0.84,1.0,1.0,0.0,1.0,0.0,0.0,0.0,0.0,0.0,0.0,0.0,0.0,0.0,0.0,1.0,1.0,0.0,0.0
58,1.902,0.98,0.155777,0.309254,-0.938134,-0.07258200000000001,0.30836399999999997,-0.9484950000000001,0.044000000000000004,0.316,551.7,555.2,564.9,575.1,579.7,576.8,566.4,556.3,533.5,540.9,550.8,562.7,574.1,582.9,589.9,583.5,574.1,563.1,552.0,541.9,561.7,565.7,569.6,571.1,569.2,565.2,561.3,559.8,689.5,692.7,702.5,713.2,718.5,715.3,705.5,694.0,679.6,686.7,696.0,707.4,717.9,725.3,730.4,726.0,719.3,710.5,699.2,688.0,699.3,704.1,708.6,710.0,707.6,702.8,698.4,696.9,353.8,343.5,338.5,341.8,351.4,362.2,366.7,363.4,354.0,351.9,349.9,348.3,348.3,349.2,351.1,355.0,357.2,358.7,359.1,357.7,356.4,357.8,355.8,351.6,347.8,346.4,348.4,352.6,352.1,341.4,336.6,340.7,351.1,361.9,366.7,363.6,354.1,350.6,348.0,347.0,348.7,351.2,355.6,358.1,359.1,359.3,358.6,357.7,357.2,359.0,356.9,352.0,347.3,345.4,347.6,352.4,-36.5,-35.0,-31.0,-26.8,-24.9,-26.2,-30.5,-34.6,-44.2,-41.0,-36.8,-31.9,-27.2,-23.6,-20.8,-23.4,-27.2,-31.8,-36.4,-40.6,-32.4,-30.7,-29.1,-28.5,-29.3,-30.9,-32.6,-33.2,20.0,21.3,25.3,29.7,31.8,30.5,26.5,21.8,16.0,18.9,22.6,27.2,31.5,34.6,36.8,34.9,32.1,28.5,23.9,19.4,24.0,26.0,27.8,28.4,27.4,25.4,23.6,23.0,-2.6,-6.8,-8.9,-7.5,-3.5,0.9,2.8,1.4,-2.5,-3.3,-4.2,-4.8,-4.8,-4.4,-3.7,-2.1,-1.2,-0.5,-0.4,-0.9,-1.5,-0.9,-1.7,-3.5,-5.1,-5.6,-4.8,-3.1,-3.2,-7.5,-9.5,-7.8,-3.6,0.8,2.7,1.4,-2.4,-3.8,-4.8,-5.3,-4.6,-3.6,-1.8,-0.8,-0.4,-0.3,-0.6,-0.9,-1.1,-0.4,-1.3,-3.2,-5.2,-5.9,-5.0,-3.1,1239.8,1238.7,1238.6,1239.5,1241.0,1242.5,1242.3,1241.3,1244.9,1241.5,1238.9,1237.5,1238.5,1240.8,1243.5,1241.5,1239.5,1238.9,1239.8,1241.9,1241.6,1242.0,1241.9,1241.5,1240.9,1240.5,1240.5,1241.0,1212.5,1214.0,1215.6,1216.3,1215.8,1214.3,1212.8,1212.1,1212.9,1212.2,1212.0,1212.9,1215.3,1218.1,1221.4,1217.7,1214.5,1212.0,1210.9,1211.6,1214.0,1214.3,1215.0,1215.7,1215.9,1215.6,1214.9,1214.2,-1.1,34.6,1266.7,0.127,-0.04,-0.012,465.4,466.8,472.8,483.7,501.7,529.3,561.3,597.5,639.6,680.1,713.9,742.9,765.7,780.2,788.1,793.1,794.7,499.1,516.4,540.9,568.8,595.5,677.8,703.2,727.1,749.1,764.8,639.6,641.6,643.7,645.7,610.3,626.7,643.6,660.2,674.6,534.2,552.3,572.0,590.6,572.4,553.1,679.1,696.9,717.0,733.8,717.8,698.4,579.0,601.6,625.2,642.4,659.9,682.0,699.0,681.8,660.4,641.5,622.9,599.7,589.1,624.7,642.1,659.8,690.2,659.2,641.3,623.6,355.5,402.2,448.2,492.3,532.5,566.8,593.9,614.6,621.3,615.7,593.0,564.1,528.9,487.8,443.8,398.4,354.1,303.3,285.0,276.6,279.5,288.6,287.5,278.0,275.2,280.3,294.0,343.1,374.7,405.5,436.9,455.9,462.0,467.4,462.2,455.9,354.8,348.3,347.8,353.6,359.4,360.4,353.7,347.3,347.8,353.0,359.3,359.1,518.0,504.6,498.3,503.1,499.5,506.6,517.4,542.5,552.6,554.6,552.2,541.3,519.0,515.5,517.1,516.0,519.5,527.1,528.9,527.1,-76.1,-75.6,-73.4,-68.8,-60.6,-48.2,-33.9,-18.2,-0.2,17.2,32.2,45.1,55.3,61.6,64.8,66.8,67.5,-59.8,-52.3,-41.7,-29.8,-18.5,15.8,26.5,36.7,46.2,53.1,-0.2,0.7,1.6,2.4,-12.5,-5.6,1.5,8.4,14.5,-44.8,-37.0,-28.7,-20.8,-28.5,-36.7,16.5,24.1,32.6,39.8,32.9,24.7,-25.9,-16.2,-6.2,1.0,8.3,17.7,25.1,17.6,8.6,0.6,-7.2,-17.0,-21.5,-6.4,0.9,8.3,21.3,8.1,0.5,-6.9,-2.0,18.4,38.7,58.2,75.6,90.0,100.7,108.8,111.7,109.9,101.4,89.5,74.3,56.1,36.6,16.8,-2.6,-24.1,-31.7,-35.1,-33.7,-29.8,-30.3,-34.4,-35.8,-33.7,-28.1,-7.1,6.1,18.9,31.9,40.2,42.7,44.9,42.8,40.2,-2.2,-5.0,-5.2,-2.7,-0.3,0.2,-2.7,-5.4,-5.1,-3.0,-0.3,-0.4,67.0,60.8,58.0,59.9,58.4,61.7,66.9,77.0,81.0,81.7,80.7,76.4,67.3,65.3,65.9,65.5,67.6,70.3,71.0,70.2,1306.9,1310.7,1316.3,1319.9,1314.8,1306.0,1292.1,1281.6,1281.9,1289.9,1305.4,1316.3,1319.2,1317.0,1311.7,1308.0,1307.7,1273.5,1268.9,1263.2,1257.0,1251.2,1252.0,1258.3,1264.5,1270.1,1275.5,1256.6,1252.1,1247.3,1242.9,1258.2,1256.3,1254.5,1255.7,1257.7,1269.6,1265.8,1264.8,1265.0,1264.8,1265.5,1266.9,1267.7,1268.6,1272.7,1268.8,1267.7,1271.5,1261.4,1256.7,1256.0,1256.8,1263.2,1274.3,1266.0,1261.8,1259.9,1260.3,1263.6,1268.8,1260.2,1259.5,1260.5,1271.9,1261.9,1260.4,1261.0,2.356,0.162,-0.039,-0.012,637.484,441.616,-31.85,6.591,-21.101999999999997,9.21,2.674,-0.272,3.4530000000000003,11.844000000000001,-11.183,5.403,-11.829,-8.301,8.486,-4.352,3.6919999999999997,-0.22399999999999998,-1.245,-6.836,-11.047,-8.252,1.9580000000000002,-1.359,3.3939999999999997,-0.862,-2.5380000000000003,3.388,-0.38299999999999995,0.9329999999999999,-0.293,-1.004,1.619,-0.684,-0.27399999999999997,0.674,1.49,3.12,0.0,0.74,0.0,0.64,0.18,0.3,0.47,0.14,0.0,0.0,0.08,0.0,1.57,1.51,1.79,1.0,1.0,0.0,1.0,0.0,0.0,0.0,0.0,0.0,0.0,0.0,0.0,0.0,0.0,1.0,1.0,0.0,0.0
59,1.935,0.98,0.143099,0.353907,-0.924269,-0.068745,0.355225,-0.93225,0.04,0.365,551.0,556.1,566.4,576.0,579.3,574.7,563.9,554.3,530.7,539.8,551.5,564.9,576.3,583.8,588.7,583.1,574.3,563.1,551.4,540.3,559.8,564.0,568.5,570.7,569.3,565.1,560.6,558.4,691.9,696.2,706.0,715.5,719.2,714.9,705.1,694.8,681.9,688.5,697.0,707.9,718.7,727.4,734.5,728.0,719.6,709.9,699.0,688.8,701.2,705.3,709.5,711.3,709.8,705.7,701.5,699.6,357.2,347.6,343.2,346.4,355.5,365.4,369.5,366.3,355.6,354.5,353.4,352.3,352.0,352.2,353.4,357.9,360.8,362.4,362.5,360.5,359.7,361.2,359.2,355.0,351.1,349.7,351.6,355.8,354.7,344.9,341.1,345.6,355.7,365.5,369.2,365.5,353.7,352.7,351.6,351.0,352.4,354.3,357.2,360.0,360.8,360.6,359.6,358.2,359.6,361.5,359.9,355.7,351.4,349.5,351.1,355.3,-35.1,-33.0,-29.0,-25.2,-24.0,-25.9,-30.1,-33.9,-43.2,-39.5,-34.9,-29.6,-25.1,-22.2,-20.3,-22.5,-25.9,-30.3,-34.9,-39.4,-31.7,-30.0,-28.3,-27.4,-27.9,-29.5,-31.3,-32.2,22.6,24.5,28.8,33.0,34.6,32.7,28.4,23.9,18.3,21.2,24.9,29.6,34.3,38.2,41.4,38.5,34.7,30.5,25.7,21.3,26.7,28.5,30.3,31.2,30.5,28.7,26.9,26.0,-1.1,-4.9,-6.6,-5.4,-1.8,2.1,3.8,2.5,-1.7,-2.2,-2.6,-3.0,-3.2,-3.1,-2.6,-0.8,0.3,1.0,1.0,0.2,-0.1,0.5,-0.3,-2.0,-3.5,-4.1,-3.3,-1.7,-2.3,-6.6,-8.2,-6.3,-1.9,2.4,4.0,2.4,-2.8,-3.2,-3.6,-3.9,-3.3,-2.5,-1.2,-0.0,0.3,0.3,-0.2,-0.8,-0.2,0.7,-0.0,-1.9,-3.8,-4.6,-3.9,-2.1,1182.6,1181.1,1181.3,1183.3,1185.8,1187.9,1187.1,1185.2,1186.7,1183.5,1181.5,1181.0,1183.0,1186.3,1189.8,1187.6,1185.0,1183.7,1183.7,1184.8,1185.3,1186.2,1186.3,1185.6,1184.5,1183.7,1183.6,1184.2,1309.1,1309.7,1310.0,1309.8,1309.3,1308.8,1308.5,1308.9,1310.9,1309.1,1307.5,1307.2,1308.7,1311.1,1314.7,1310.9,1308.3,1306.9,1306.8,1308.6,1309.8,1309.7,1309.9,1310.1,1310.3,1310.4,1310.3,1310.0,-1.0,34.5,1273.9,0.113,-0.04,-0.009000000000000001,465.1,466.8,472.5,483.1,501.0,528.6,560.8,597.1,639.4,680.4,714.6,743.7,766.4,780.6,788.1,793.2,795.0,499.5,517.4,541.9,569.5,596.2,678.6,703.9,727.6,749.9,766.5,640.4,642.1,644.0,645.8,609.0,626.0,643.7,660.8,675.7,533.9,552.3,571.8,590.6,572.0,553.0,680.2,698.6,718.4,735.5,719.0,699.7,576.8,600.9,625.0,642.1,659.5,681.8,700.1,681.4,659.6,640.9,622.6,599.0,586.7,624.4,641.7,659.4,691.3,658.7,640.9,623.4,355.3,401.8,447.7,492.0,531.4,565.2,591.2,611.2,617.8,612.6,591.5,563.7,529.1,488.3,444.4,398.8,354.3,304.3,286.1,277.8,280.7,289.4,288.0,279.0,276.6,281.6,295.3,344.3,375.8,406.7,438.1,455.2,461.7,467.6,462.1,455.7,357.2,351.7,351.1,355.7,361.6,362.6,355.3,350.3,351.0,355.3,361.2,360.9,514.9,502.4,496.9,501.4,497.7,504.4,514.3,538.2,547.7,549.6,547.4,537.3,516.0,513.4,515.0,513.6,516.4,523.1,524.8,523.2,-76.7,-76.2,-73.9,-69.4,-61.3,-48.8,-34.3,-18.4,-0.3,17.5,32.6,45.8,56.0,62.1,65.1,67.2,68.1,-60.1,-52.2,-41.6,-29.8,-18.4,16.2,27.0,37.2,46.8,54.1,0.2,0.9,1.7,2.4,-13.1,-5.9,1.5,8.8,15.1,-45.2,-37.3,-29.0,-21.0,-28.9,-36.9,17.1,24.9,33.4,40.8,33.6,25.4,-26.9,-16.5,-6.3,0.9,8.2,17.7,25.7,17.6,8.3,0.4,-7.4,-17.3,-22.7,-6.6,0.7,8.2,21.9,7.9,0.4,-7.0,-2.1,18.4,38.7,58.4,75.6,89.9,100.2,107.9,110.7,109.2,101.3,90.0,74.9,56.7,37.1,17.0,-2.5,-23.8,-31.5,-34.8,-33.5,-29.6,-30.2,-34.2,-35.4,-33.4,-27.7,-6.6,6.6,19.5,32.6,40.2,42.9,45.2,43.0,40.4,-1.2,-3.5,-3.8,-1.8,0.7,1.1,-2.0,-4.1,-3.8,-2.0,0.5,0.4,66.1,60.2,57.7,59.5,58.0,61.2,66.0,75.6,79.3,79.9,79.0,75.0,66.4,64.8,65.4,64.9,66.7,68.9,69.6,68.9,1316.5,1319.4,1324.5,1327.6,1323.0,1314.3,1299.5,1288.0,1288.4,1296.7,1313.2,1324.7,1327.8,1325.3,1320.1,1317.1,1317.7,1282.2,1277.9,1272.0,1265.9,1259.6,1260.2,1267.2,1273.4,1278.9,1284.0,1265.0,1260.4,1255.4,1250.9,1265.6,1263.7,1262.0,1263.4,1265.5,1278.2,1274.5,1273.6,1273.5,1273.2,1273.7,1275.4,1276.5,1277.5,1281.5,1277.5,1276.3,1279.5,1269.2,1264.3,1263.4,1264.4,1271.1,1283.0,1272.3,1266.9,1264.8,1265.4,1269.9,1276.9,1267.2,1266.5,1267.5,1280.3,1267.7,1266.1,1266.9,2.342,0.147,-0.039,-0.009000000000000001,637.586,441.089,-25.498,6.227,-20.623,4.772,1.944,0.9470000000000001,-0.397,11.812999999999999,-14.35,4.571000000000001,-12.958,-7.154,7.561,-4.401,2.5540000000000003,0.14300000000000002,-1.069,-6.635,-11.965,-7.664,2.234,-0.231,4.311,-1.743,-3.2110000000000003,4.276,0.204,-0.149,-0.063,-0.785,1.3719999999999999,-0.7020000000000001,-0.27699999999999997,0.49700000000000005,1.5,3.07,0.0,0.54,0.0,0.96,0.24,0.36,0.53,0.15,0.0,0.0,0.02,0.0,1.57,1.18,2.13,1.0,1.0,0.0,1.0,0.0,0.0,0.0,0.0,0.0,0.0,0.0,0.0,0.0,0.0,1.0,1.0,0.0,0.0
60,1.969,0.98,0.151754,0.26064499999999996,-0.953433,-0.08704500000000001,0.24215799999999998,-0.966324,0.034,0.256,551.2,556.2,567.6,578.8,583.2,579.2,566.8,555.6,538.7,544.2,552.1,563.0,575.2,586.1,595.0,585.8,572.9,560.4,550.5,543.0,563.1,567.7,572.5,574.6,572.8,568.1,563.3,561.2,688.8,692.3,703.5,715.8,722.1,718.7,707.5,694.4,680.6,687.5,697.1,708.8,719.9,728.8,735.9,729.6,721.2,711.0,699.3,688.5,700.1,706.4,712.1,713.8,710.7,704.4,698.8,697.0,351.3,339.1,333.7,338.1,349.9,363.1,367.5,363.1,353.8,349.5,346.7,345.0,345.8,347.7,350.3,355.5,357.3,358.5,358.6,357.3,356.3,358.2,355.9,350.9,346.0,344.1,346.4,351.4,351.3,340.3,334.8,338.1,348.2,359.2,364.7,362.6,354.4,349.0,345.6,344.6,346.3,349.4,354.4,357.5,358.6,358.8,358.4,357.8,356.8,358.5,355.7,350.2,345.0,343.3,346.1,351.6,-32.4,-30.6,-26.4,-22.2,-20.6,-22.1,-26.6,-30.7,-37.1,-35.0,-32.0,-28.0,-23.5,-19.6,-16.4,-19.7,-24.3,-28.9,-32.6,-35.4,-28.0,-26.3,-24.6,-23.8,-24.5,-26.2,-27.9,-28.7,18.5,19.9,24.1,28.8,31.2,29.8,25.5,20.6,15.4,18.0,21.7,26.1,30.3,33.7,36.5,34.0,30.7,26.8,22.4,18.3,22.8,25.2,27.3,28.0,26.9,24.5,22.3,21.6,-3.2,-7.6,-9.6,-8.0,-3.7,1.1,2.7,1.1,-2.3,-3.8,-4.8,-5.4,-5.2,-4.5,-3.5,-1.6,-1.0,-0.5,-0.5,-1.0,-1.3,-0.7,-1.5,-3.3,-5.1,-5.8,-5.0,-3.1,-3.3,-7.5,-9.6,-8.3,-4.5,-0.3,1.8,1.0,-2.1,-4.2,-5.4,-5.8,-5.2,-4.0,-2.1,-1.0,-0.5,-0.4,-0.6,-0.8,-1.2,-0.6,-1.6,-3.7,-5.7,-6.3,-5.3,-3.2,1093.5,1093.8,1092.9,1091.2,1089.7,1089.5,1090.3,1092.0,1099.9,1096.3,1093.2,1090.7,1089.6,1089.6,1090.2,1088.9,1088.4,1089.7,1092.3,1095.9,1092.6,1091.9,1091.5,1091.6,1092.2,1092.9,1093.3,1093.2,1137.2,1139.5,1140.8,1140.3,1138.4,1136.1,1134.9,1135.4,1138.0,1137.4,1137.0,1137.0,1137.8,1139.5,1141.2,1138.3,1135.7,1134.0,1134.2,1135.8,1137.3,1137.1,1137.7,1138.9,1139.8,1140.1,1139.4,1138.3,-0.7,33.9,1273.4,0.114,-0.037000000000000005,-0.009000000000000001,464.9,467.0,473.4,483.9,501.2,528.1,561.1,598.7,641.2,681.7,715.5,744.4,766.8,780.8,788.4,793.6,795.2,499.3,517.5,542.3,570.0,596.8,679.0,704.0,728.1,750.5,767.2,640.9,642.6,644.5,646.2,610.1,626.9,644.2,661.0,675.7,535.1,553.5,574.3,592.9,574.2,553.8,680.1,698.2,719.1,736.3,720.4,700.2,577.4,601.5,625.6,642.7,660.3,682.6,701.1,682.6,661.0,642.0,623.6,600.0,587.2,625.1,642.5,660.3,692.0,659.7,641.8,624.2,354.8,401.7,447.5,491.6,530.6,564.0,589.5,608.7,614.6,609.7,589.6,563.0,529.0,488.5,444.6,399.1,354.4,303.5,285.1,277.3,280.3,289.6,288.6,279.3,276.8,281.9,296.2,343.0,375.2,406.6,438.5,455.5,461.8,467.3,461.9,455.7,353.2,345.1,345.1,353.6,359.1,359.7,354.0,345.1,345.3,352.3,359.0,359.2,513.4,500.8,495.0,499.6,495.9,502.5,512.7,536.2,545.6,547.4,545.2,535.3,514.4,511.3,512.8,511.5,514.8,521.8,523.4,521.7,-76.9,-76.2,-73.5,-69.0,-61.2,-49.0,-34.2,-17.7,0.5,18.0,33.0,46.1,56.1,62.2,65.4,67.4,68.1,-60.1,-52.1,-41.4,-29.5,-18.1,16.4,27.0,37.3,47.1,54.4,0.4,1.1,1.9,2.6,-12.6,-5.5,1.8,8.8,15.0,-44.7,-36.7,-27.9,-20.0,-27.9,-36.6,17.0,24.8,33.7,41.1,34.2,25.6,-26.7,-16.3,-6.1,1.1,8.6,18.0,26.1,18.0,8.8,0.8,-6.9,-16.9,-22.5,-6.3,1.0,8.6,22.2,8.3,0.8,-6.7,-2.3,18.4,38.6,58.2,75.2,89.3,99.4,106.7,109.2,107.8,100.4,89.6,74.8,56.8,37.2,17.2,-2.5,-24.2,-31.9,-35.1,-33.6,-29.6,-30.0,-34.1,-35.3,-33.3,-27.3,-7.2,6.4,19.5,32.7,40.3,42.9,45.1,42.9,40.4,-2.9,-6.3,-6.3,-2.7,-0.4,-0.1,-2.6,-6.3,-6.2,-3.3,-0.4,-0.3,65.4,59.6,56.9,58.8,57.3,60.4,65.3,74.7,78.3,79.0,78.1,74.2,65.7,63.9,64.5,64.0,66.0,68.3,68.9,68.3,1317.9,1320.4,1324.3,1326.6,1322.3,1313.9,1299.5,1287.4,1287.0,1295.0,1311.9,1323.9,1327.8,1325.9,1320.9,1317.4,1317.3,1281.9,1277.2,1271.5,1265.1,1258.9,1259.7,1266.0,1271.8,1277.3,1282.4,1264.5,1259.9,1254.9,1250.4,1265.6,1263.5,1261.6,1262.8,1264.9,1277.8,1273.8,1272.7,1272.9,1272.6,1273.4,1274.5,1275.2,1276.3,1280.6,1276.5,1275.1,1279.8,1269.2,1264.2,1263.3,1264.0,1270.8,1282.3,1271.7,1265.9,1264.2,1265.0,1269.7,1277.3,1267.0,1266.1,1267.0,1279.5,1267.2,1265.7,1266.8,2.342,0.14800000000000002,-0.036000000000000004,-0.009000000000000001,638.294,439.667,-24.093000000000004,5.406000000000001,-20.01,3.7710000000000004,2.826,4.066,1.751,12.757,-13.694,5.291,-12.089,-7.46,7.86,-3.324,3.4739999999999998,0.457,2.7569999999999997,-5.521,-9.993,-6.027,1.7519999999999998,-0.406,1.785,-1.208,-2.275,3.515,-0.096,0.633,0.151,-0.95,1.695,-0.519,-0.036000000000000004,0.5760000000000001,1.61,3.05,0.0,0.72,0.0,0.53,0.13,0.32,0.56,0.11,0.0,0.0,0.01,0.0,1.5,0.86,1.54,1.0,1.0,0.0,1.0,0.0,0.0,0.0,0.0,0.0,0.0,0.0,0.0,0.0,0.0,1.0,1.0,0.0,0.0
61,2.002,0.98,0.051587,0.10991500000000001,-0.9926010000000001,-0.0131,0.164911,-0.9862219999999999,0.019,0.138,548.1,553.3,564.3,574.5,578.1,573.7,561.9,551.7,536.5,542.1,551.0,563.2,575.6,584.8,590.9,583.1,571.8,560.0,550.0,541.8,558.7,563.0,567.6,569.8,568.3,564.0,559.4,557.2,694.5,697.8,707.9,718.8,724.1,720.7,710.6,699.0,683.8,689.4,698.0,710.0,721.9,730.8,736.6,731.7,723.5,713.6,702.1,691.2,705.1,709.5,713.6,715.0,712.8,708.4,704.3,702.9,344.8,334.3,330.1,334.7,345.5,357.0,360.2,355.6,352.6,345.6,341.3,338.9,341.0,345.7,352.0,355.9,356.9,357.7,357.5,356.1,350.2,352.1,350.4,345.9,341.4,339.5,341.2,345.7,346.4,335.9,331.2,334.9,345.0,355.5,360.3,357.5,353.7,346.6,341.2,338.4,340.4,344.7,351.8,355.0,356.4,356.8,356.7,356.6,350.8,352.3,350.4,346.1,342.0,340.5,342.4,346.7,-35.3,-33.3,-29.1,-25.1,-23.8,-25.4,-29.9,-33.9,-39.9,-37.7,-34.2,-29.4,-24.7,-21.2,-18.8,-21.8,-26.1,-30.6,-34.5,-37.8,-31.2,-29.6,-27.8,-27.0,-27.5,-29.2,-31.0,-31.8,21.5,22.9,26.9,31.2,33.3,31.9,27.9,23.3,17.3,19.5,22.9,27.7,32.4,36.0,38.4,36.3,33.0,29.1,24.5,20.2,25.7,27.5,29.1,29.7,28.8,27.1,25.5,24.9,-5.8,-9.9,-11.5,-9.7,-5.6,-1.1,0.1,-1.7,-2.9,-5.5,-7.2,-8.1,-7.3,-5.5,-3.1,-1.6,-1.2,-0.9,-1.0,-1.5,-3.8,-3.0,-3.7,-5.4,-7.1,-7.9,-7.2,-5.5,-5.4,-9.5,-11.4,-9.9,-5.9,-1.8,0.1,-1.0,-2.5,-5.3,-7.4,-8.5,-7.8,-6.1,-3.3,-2.0,-1.4,-1.3,-1.3,-1.4,-3.6,-3.0,-3.8,-5.5,-7.1,-7.7,-7.0,-5.3,1152.7,1153.5,1153.1,1151.7,1150.2,1149.6,1149.9,1151.2,1156.9,1154.4,1152.0,1150.3,1150.0,1150.7,1151.5,1149.9,1148.7,1149.1,1151.0,1153.8,1152.1,1151.6,1151.4,1151.7,1152.3,1152.9,1153.1,1152.8,1185.2,1186.7,1187.8,1188.0,1187.0,1185.6,1184.4,1184.4,1186.6,1185.8,1185.2,1185.4,1186.9,1189.3,1191.6,1188.7,1185.9,1184.1,1183.9,1185.1,1186.1,1186.2,1186.7,1187.3,1187.7,1187.6,1187.1,1186.5,-0.6,33.8,1289.1,0.10800000000000001,-0.038,-0.01,464.9,467.1,473.8,483.9,500.8,527.9,561.4,600.3,642.8,682.8,716.2,745.1,767.6,781.6,789.0,793.6,794.8,499.2,518.0,543.2,570.6,596.7,679.5,704.5,728.3,750.5,766.9,641.1,642.8,644.7,646.4,611.0,627.6,644.3,660.8,675.3,533.8,551.8,573.9,591.8,573.0,551.4,682.1,699.1,721.0,737.7,722.9,702.0,579.4,602.9,626.1,643.1,660.4,682.5,700.7,683.0,661.4,642.6,624.4,601.4,589.4,625.7,643.0,660.5,691.5,660.0,642.3,624.8,355.5,402.1,447.1,490.6,529.3,562.6,587.9,606.9,612.2,607.3,587.7,562.1,528.7,488.5,444.6,398.7,353.5,302.5,284.0,276.6,279.7,288.8,288.0,278.3,275.9,280.5,295.1,342.1,374.1,405.5,437.2,455.1,461.2,466.5,461.4,455.2,351.4,340.5,340.9,352.8,358.8,358.7,352.6,340.4,340.0,349.6,357.3,358.0,514.3,499.8,493.6,497.9,494.2,501.0,513.0,535.5,544.4,546.0,543.9,534.6,514.6,510.0,511.2,509.8,514.6,522.1,523.7,521.9,-77.6,-76.8,-74.1,-69.7,-62.0,-49.5,-34.4,-17.2,1.2,18.6,33.6,46.8,57.0,63.2,66.2,68.1,68.5,-60.8,-52.5,-41.5,-29.6,-18.4,16.8,27.6,37.9,47.6,54.8,0.5,1.2,2.0,2.7,-12.4,-5.3,1.8,8.9,15.1,-45.7,-37.9,-28.4,-20.7,-28.8,-38.1,18.1,25.4,34.9,42.2,35.7,26.7,-26.2,-15.9,-5.9,1.3,8.7,18.2,26.2,18.4,9.1,1.1,-6.7,-16.5,-21.8,-6.1,1.3,8.8,22.2,8.6,1.0,-6.5,-2.0,18.7,38.8,58.3,75.3,89.6,99.8,107.2,109.3,107.8,100.4,90.0,75.3,57.3,37.6,17.1,-2.9,-24.8,-32.7,-35.7,-34.3,-30.3,-30.7,-34.9,-36.1,-34.2,-28.0,-7.6,6.0,19.3,32.7,40.6,43.2,45.4,43.2,40.7,-3.7,-8.4,-8.2,-3.1,-0.5,-0.6,-3.2,-8.4,-8.6,-4.5,-1.2,-0.9,66.6,59.9,57.0,58.8,57.3,60.5,66.2,75.3,78.8,79.4,78.6,74.8,66.6,64.1,64.6,64.1,66.7,69.4,70.0,69.3,1329.9,1332.9,1336.9,1339.0,1335.0,1326.4,1313.3,1301.7,1300.2,1307.6,1323.0,1335.1,1339.3,1337.7,1332.9,1329.2,1328.0,1294.6,1291.0,1286.4,1281.1,1276.5,1278.3,1283.3,1287.5,1291.4,1295.4,1280.9,1276.8,1272.6,1268.7,1282.0,1280.2,1278.7,1279.4,1280.8,1292.0,1288.4,1287.4,1287.8,1287.7,1288.6,1290.1,1290.4,1291.7,1296.0,1292.1,1290.6,1294.3,1284.8,1280.6,1279.7,1280.6,1287.2,1297.3,1288.2,1282.6,1280.9,1281.5,1285.4,1292.2,1282.6,1281.9,1282.7,1294.4,1284.1,1282.7,1283.5,2.315,0.142,-0.037000000000000005,-0.01,638.68,438.532,-38.265,4.529,-24.892,-0.688,3.9539999999999997,2.786,0.8909999999999999,13.833,-9.855,5.4079999999999995,-11.128,-5.375,8.056000000000001,-1.743,3.111,0.894,2.8080000000000003,-4.8,-7.428,-2.785,-0.9390000000000001,1.324,0.08900000000000001,-0.69,-1.033,3.435,-0.493,0.376,0.034,-1.078,1.3619999999999999,-0.585,0.012,0.525,1.77,3.05,0.0,0.83,0.0,0.32,0.07,0.32,0.58,0.01,0.0,0.0,0.0,0.0,1.58,0.83,0.64,1.0,1.0,0.0,1.0,0.0,0.0,0.0,0.0,0.0,0.0,0.0,0.0,0.0,0.0,1.0,1.0,0.0,0.0
62,2.035,0.98,0.046151,0.14146199999999998,-0.988867,-0.023637000000000002,0.17436300000000002,-0.984398,0.011000000000000001,0.159,547.4,552.0,562.6,573.0,577.1,573.4,562.0,551.5,535.7,541.2,550.2,562.4,574.8,583.8,589.8,582.7,571.7,559.9,549.6,541.0,558.2,562.5,566.9,568.8,567.0,562.7,558.4,556.5,693.9,697.3,707.6,718.8,724.3,720.9,710.6,698.7,683.7,689.3,698.0,710.1,722.0,730.9,736.9,732.2,724.2,714.3,702.6,691.5,704.7,709.5,713.9,715.3,712.9,708.2,703.7,702.3,345.3,334.6,330.1,334.5,345.1,356.6,360.2,355.9,351.5,343.9,339.3,336.8,339.1,344.1,351.0,355.3,356.6,357.5,357.3,355.6,350.0,351.8,350.0,345.6,341.2,339.4,341.2,345.6,346.0,335.3,330.4,334.2,344.4,355.1,360.0,357.2,353.0,345.8,340.3,337.4,339.2,343.4,350.7,354.2,355.7,356.3,356.3,356.1,350.6,352.2,350.1,345.6,341.2,339.5,341.6,346.2,-36.0,-34.2,-30.1,-26.0,-24.4,-25.9,-30.3,-34.4,-40.7,-38.5,-34.9,-30.1,-25.3,-21.8,-19.5,-22.3,-26.5,-31.1,-35.1,-38.6,-31.8,-30.1,-28.4,-27.7,-28.4,-30.1,-31.8,-32.5,20.9,22.2,26.2,30.6,32.7,31.4,27.3,22.7,17.0,19.1,22.5,27.2,31.8,35.4,37.7,35.8,32.6,28.7,24.2,19.9,25.1,26.9,28.6,29.2,28.3,26.5,24.7,24.2,-5.7,-9.9,-11.6,-9.9,-5.8,-1.3,0.1,-1.6,-3.3,-6.3,-8.1,-9.0,-8.1,-6.2,-3.5,-1.8,-1.3,-1.0,-1.1,-1.7,-3.9,-3.2,-3.9,-5.6,-7.3,-8.0,-7.3,-5.6,-5.4,-9.6,-11.5,-10.0,-6.1,-1.9,-0.0,-1.1,-2.7,-5.5,-7.6,-8.8,-8.1,-6.4,-3.6,-2.3,-1.7,-1.4,-1.4,-1.5,-3.6,-3.0,-3.8,-5.6,-7.3,-7.9,-7.1,-5.3,1166.7,1167.1,1166.7,1165.8,1164.8,1164.6,1164.8,1165.7,1171.5,1168.9,1166.4,1164.8,1164.9,1165.8,1167.0,1165.5,1164.2,1164.4,1166.1,1168.7,1166.5,1166.1,1166.0,1166.1,1166.5,1166.9,1167.1,1166.9,1161.9,1163.5,1164.7,1164.9,1163.9,1162.3,1161.1,1161.1,1163.1,1162.5,1162.1,1162.3,1163.9,1166.3,1168.5,1165.6,1162.8,1160.9,1160.5,1161.6,1162.8,1162.9,1163.4,1164.1,1164.5,1164.5,1163.9,1163.3,-0.5,33.6,1288.0,0.11199999999999999,-0.039,-0.013000000000000001,464.8,467.1,473.9,484.1,500.7,527.6,561.8,601.3,644.1,684.1,717.2,745.8,768.1,781.7,789.0,793.7,794.8,498.6,517.5,542.9,570.5,596.7,679.1,704.3,728.3,750.5,766.8,640.7,642.4,644.3,646.1,611.2,627.7,644.2,660.4,674.6,533.0,550.9,573.4,591.4,572.5,550.5,682.1,699.1,721.3,738.0,723.4,702.2,581.4,603.9,626.7,643.6,660.4,682.3,699.8,683.1,662.1,643.6,625.5,602.8,591.4,626.5,643.5,660.7,690.5,660.5,643.1,625.8,355.5,402.2,447.2,490.5,529.1,562.1,587.3,606.1,611.0,605.8,586.1,560.8,527.6,487.6,444.0,398.5,353.6,301.9,283.3,276.1,279.1,288.3,287.6,278.2,275.8,280.5,295.1,341.7,373.9,405.2,437.0,454.9,460.8,465.9,460.8,454.7,350.5,338.9,339.4,352.2,358.1,358.0,352.1,339.0,338.6,348.7,356.6,357.4,514.9,499.2,492.3,496.6,492.8,499.9,512.9,536.2,545.8,547.6,545.7,536.3,514.9,508.9,510.0,508.6,514.4,523.2,524.9,523.3,-77.6,-76.8,-73.9,-69.5,-62.0,-49.7,-34.2,-16.8,1.8,19.2,34.0,47.1,57.1,63.1,66.2,68.0,68.4,-61.0,-52.7,-41.6,-29.6,-18.4,16.6,27.5,37.9,47.5,54.7,0.3,1.0,1.8,2.6,-12.3,-5.3,1.8,8.7,14.8,-46.0,-38.2,-28.6,-20.9,-29.0,-38.4,18.1,25.4,35.0,42.3,35.9,26.7,-25.3,-15.4,-5.7,1.5,8.7,18.1,25.8,18.5,9.4,1.5,-6.2,-15.9,-20.9,-5.8,1.5,8.8,21.8,8.8,1.3,-6.1,-2.0,18.7,38.8,58.2,75.2,89.3,99.4,106.7,108.7,107.1,99.7,89.3,74.7,56.8,37.3,17.0,-2.8,-25.1,-33.0,-35.9,-34.5,-30.5,-30.8,-35.0,-36.1,-34.2,-28.0,-7.8,5.9,19.2,32.5,40.5,43.0,45.1,43.0,40.4,-4.1,-9.1,-8.8,-3.4,-0.8,-0.9,-3.4,-9.0,-9.2,-4.9,-1.5,-1.1,66.7,59.5,56.4,58.2,56.6,60.0,66.0,75.6,79.4,80.1,79.3,75.5,66.6,63.6,64.0,63.5,66.5,69.8,70.5,69.8,1328.2,1331.5,1335.7,1337.9,1334.1,1325.5,1312.4,1300.8,1299.4,1307.1,1322.2,1334.0,1338.3,1336.5,1331.6,1328.0,1326.4,1293.2,1289.5,1284.9,1279.4,1274.8,1276.9,1281.7,1285.9,1289.7,1293.7,1279.7,1275.7,1271.5,1267.7,1280.7,1279.1,1277.7,1278.2,1279.5,1290.7,1287.0,1285.8,1286.4,1286.5,1287.5,1288.8,1289.0,1290.3,1294.9,1290.9,1289.4,1292.3,1283.1,1279.0,1278.2,1279.1,1285.5,1295.2,1287.3,1282.2,1280.7,1281.1,1284.3,1290.4,1281.3,1280.5,1281.4,1292.4,1283.5,1282.2,1282.9,2.318,0.146,-0.037000000000000005,-0.013000000000000001,638.841,438.14300000000003,-38.746,4.769,-25.494,0.136,4.3660000000000005,0.33899999999999997,2.313,14.940999999999999,-8.966000000000001,5.037,-9.825,-6.499,9.198,-1.273,3.695,0.508,2.98,-4.784,-6.979,-1.704,-0.385,2.089,-0.9259999999999999,-0.33299999999999996,-1.127,3.424,-0.529,0.44,-0.059000000000000004,-1.162,1.3769999999999998,-0.602,0.003,0.6920000000000001,1.91,3.12,0.0,1.09,0.0,0.0,0.0,0.29,0.6,0.0,0.0,0.0,0.0,0.0,1.73,0.89,0.2,1.0,1.0,0.0,1.0,0.0,0.0,0.0,0.0,0.0,0.0,0.0,0.0,0.0,0.0,1.0,1.0,0.0,0.0
63,2.069,0.98,0.0437,0.153719,-0.9871479999999999,-0.029495999999999998,0.161941,-0.98636,0.006999999999999999,0.159,546.8,551.1,561.4,571.8,576.2,572.7,561.6,551.2,535.1,540.4,549.4,561.5,573.9,582.9,588.9,582.1,571.5,559.9,549.5,540.7,557.4,561.8,566.3,568.1,566.2,561.8,557.3,555.5,692.9,696.2,706.7,718.3,724.1,720.8,710.3,697.9,682.7,688.6,697.8,710.4,722.3,730.7,736.0,731.5,724.0,714.4,702.5,691.0,703.8,708.7,713.2,714.6,712.2,707.2,702.7,701.3,345.6,335.1,330.6,334.8,345.3,356.6,360.3,356.1,351.7,343.8,338.8,336.2,338.3,343.5,350.7,355.0,356.7,357.8,357.7,355.9,350.2,352.0,350.1,345.6,341.1,339.3,341.2,345.7,345.3,333.7,328.3,332.3,343.4,355.0,360.4,357.4,352.6,345.0,339.6,336.9,338.8,342.7,349.5,353.4,355.5,356.5,356.4,355.8,350.0,351.7,349.4,344.4,339.7,338.0,340.3,345.3,-36.5,-34.9,-30.8,-26.7,-25.0,-26.3,-30.7,-34.8,-41.3,-39.2,-35.5,-30.7,-25.9,-22.4,-20.1,-22.7,-26.8,-31.4,-35.5,-39.0,-32.4,-30.7,-28.9,-28.2,-28.9,-30.7,-32.4,-33.1,19.7,21.0,24.9,29.3,31.4,30.2,26.2,21.6,15.9,18.1,21.6,26.2,30.7,34.0,36.1,34.3,31.4,27.7,23.3,19.0,23.8,25.7,27.4,27.9,27.0,25.1,23.4,22.9,-5.6,-9.8,-11.5,-9.9,-5.8,-1.3,0.1,-1.5,-3.3,-6.4,-8.3,-9.3,-8.5,-6.5,-3.6,-1.9,-1.3,-0.9,-0.9,-1.6,-3.8,-3.1,-3.9,-5.6,-7.4,-8.1,-7.4,-5.6,-5.5,-9.8,-11.9,-10.4,-6.2,-1.9,0.1,-1.0,-2.8,-5.6,-7.6,-8.6,-7.9,-6.5,-3.9,-2.5,-1.7,-1.3,-1.3,-1.6,-3.7,-3.1,-4.0,-5.8,-7.6,-8.2,-7.4,-5.5,1176.3,1176.5,1176.0,1175.4,1174.8,1174.8,1175.0,1175.7,1181.5,1178.7,1176.1,1174.5,1174.8,1176.0,1177.5,1176.1,1174.8,1174.9,1176.4,1178.9,1176.4,1176.1,1176.0,1176.0,1176.3,1176.6,1176.7,1176.7,1118.6,1119.8,1121.2,1121.9,1121.6,1120.3,1118.9,1118.3,1119.2,1118.6,1118.4,1119.0,1121.0,1123.8,1126.3,1123.6,1120.6,1118.3,1117.6,1118.2,1120.1,1120.4,1121.0,1121.5,1121.7,1121.3,1120.7,1120.2,-0.6,33.5,1288.7,0.114,-0.040999999999999995,-0.016,464.2,466.4,473.2,483.6,500.4,527.6,562.1,601.4,643.9,683.6,716.8,745.5,767.8,781.4,788.7,793.3,794.4,498.0,517.0,542.4,569.9,595.8,678.6,703.5,727.3,749.2,765.6,639.8,641.5,643.4,645.2,611.2,627.4,643.6,659.5,673.6,532.2,550.2,572.8,590.9,572.0,549.9,681.7,698.6,721.0,737.6,723.2,701.8,582.3,604.1,626.3,643.5,660.7,682.4,699.2,683.3,662.7,643.8,625.3,603.2,592.4,626.2,643.5,661.1,690.1,661.0,643.1,625.4,355.8,402.4,447.3,490.6,529.0,561.6,586.4,605.0,609.7,604.5,584.9,559.8,526.8,486.9,443.4,397.9,352.9,301.3,282.9,275.9,278.9,287.8,286.8,277.3,274.9,279.4,293.6,341.4,373.5,404.8,436.4,455.0,460.7,465.6,460.6,454.7,350.4,338.6,339.1,352.1,358.1,358.0,351.8,338.5,337.9,348.0,356.2,357.2,514.8,498.8,491.9,496.1,492.2,499.3,512.4,535.5,545.6,547.6,545.7,536.2,514.6,508.7,509.8,508.2,513.9,522.7,524.6,522.9,-77.8,-77.1,-74.3,-69.8,-62.1,-49.7,-34.1,-16.7,1.7,19.0,33.9,47.0,57.1,63.1,66.1,67.9,68.3,-61.2,-52.9,-41.8,-29.9,-18.8,16.4,27.2,37.4,47.0,54.2,-0.1,0.6,1.5,2.2,-12.3,-5.4,1.5,8.3,14.3,-46.4,-38.5,-28.8,-21.1,-29.2,-38.7,17.9,25.2,34.8,42.2,35.8,26.6,-24.8,-15.4,-5.8,1.5,8.8,18.2,25.6,18.6,9.7,1.6,-6.3,-15.8,-20.5,-5.9,1.5,9.0,21.6,9.0,1.3,-6.2,-1.9,18.8,38.9,58.3,75.2,89.1,99.0,106.3,108.2,106.6,99.2,88.9,74.5,56.6,37.1,16.8,-3.1,-25.3,-33.1,-36.0,-34.6,-30.7,-31.2,-35.3,-36.5,-34.6,-28.6,-7.9,5.7,19.0,32.3,40.6,43.0,45.0,42.9,40.4,-4.1,-9.2,-9.0,-3.4,-0.8,-0.9,-3.5,-9.3,-9.5,-5.2,-1.6,-1.2,66.7,59.4,56.2,58.0,56.4,59.7,65.8,75.3,79.4,80.2,79.4,75.5,66.5,63.5,64.0,63.4,66.3,69.7,70.4,69.7,1328.1,1331.6,1336.0,1338.4,1334.7,1325.9,1312.5,1301.4,1300.4,1308.4,1323.4,1335.1,1339.2,1337.7,1332.8,1329.2,1327.5,1293.7,1289.9,1285.5,1280.0,1275.5,1277.7,1282.1,1286.3,1289.8,1293.6,1280.6,1276.6,1272.4,1268.5,1281.4,1279.9,1278.7,1279.1,1280.3,1291.4,1287.5,1286.4,1287.0,1287.2,1288.1,1289.4,1289.4,1290.8,1295.4,1291.5,1290.0,1292.0,1283.2,1279.5,1278.7,1279.7,1285.8,1294.8,1288.0,1283.4,1281.9,1282.2,1284.8,1290.2,1281.9,1281.2,1282.0,1292.1,1284.5,1283.2,1283.8,2.3169999999999997,0.147,-0.040999999999999995,-0.016,638.508,437.7,-38.751999999999995,3.543,-26.879,0.28300000000000003,4.587,-0.61,3.391,15.477,-9.402999999999999,4.8389999999999995,-9.246,-7.452000000000001,10.253,-0.73,3.5039999999999996,-0.303,2.1630000000000003,-4.564,-6.989,-2.226,0.013999999999999999,2.2769999999999997,-1.548,0.098,-0.47,3.2030000000000003,-0.565,0.319,-0.09,-1.162,1.189,-0.439,0.008,0.743,2.03,3.19,0.0,1.31,0.0,0.0,0.0,0.32,0.64,0.0,0.0,0.0,0.0,0.0,1.77,0.95,0.1,1.0,1.0,0.0,1.0,0.0,0.0,0.0,0.0,0.0,0.0,0.0,0.0,0.0,0.0,1.0,1.0,0.0,0.0
64,2.102,0.98,0.045370999999999995,0.15326099999999998,-0.987144,-0.026781,0.161373,-0.9865299999999999,0.009000000000000001,0.158,546.1,550.3,560.7,571.1,575.5,572.1,560.9,550.5,534.3,539.3,548.3,560.6,573.2,582.3,588.4,581.5,570.8,559.2,548.7,539.9,556.6,561.1,565.6,567.4,565.5,561.1,556.6,554.8,692.1,695.3,705.8,717.4,723.3,720.0,709.5,697.1,681.6,687.7,697.0,709.7,721.6,729.8,735.0,730.6,723.3,713.7,701.8,690.1,702.9,707.9,712.4,713.7,711.2,706.3,701.8,700.4,345.2,334.6,330.2,334.4,345.0,356.3,360.0,355.7,351.4,343.6,338.7,336.0,338.1,343.3,350.5,354.7,356.4,357.5,357.4,355.6,349.8,351.7,349.7,345.2,340.7,338.8,340.7,345.3,344.9,333.1,327.6,331.7,342.9,354.7,360.2,357.1,352.2,344.5,339.0,336.4,338.3,342.3,349.2,353.1,355.2,356.2,356.1,355.4,349.6,351.4,349.0,344.0,339.2,337.4,339.8,344.8,-36.5,-34.9,-30.8,-26.8,-25.1,-26.4,-30.7,-34.8,-41.3,-39.2,-35.7,-30.8,-26.0,-22.4,-20.1,-22.7,-26.9,-31.4,-35.5,-39.0,-32.4,-30.7,-28.9,-28.2,-29.0,-30.7,-32.5,-33.2,19.2,20.4,24.3,28.6,30.8,29.5,25.6,21.0,15.3,17.6,21.0,25.7,30.1,33.3,35.2,33.5,30.7,27.2,22.7,18.4,23.2,25.0,26.7,27.2,26.3,24.5,22.8,22.3,-5.7,-9.9,-11.6,-9.9,-5.8,-1.4,0.0,-1.7,-3.4,-6.4,-8.3,-9.3,-8.5,-6.5,-3.7,-2.1,-1.4,-1.0,-1.0,-1.7,-4.0,-3.2,-4.0,-5.8,-7.5,-8.2,-7.5,-5.7,-5.6,-9.9,-12.0,-10.5,-6.3,-2.0,0.1,-1.1,-2.9,-5.7,-7.7,-8.7,-8.0,-6.6,-4.0,-2.5,-1.8,-1.4,-1.4,-1.7,-3.8,-3.2,-4.0,-5.9,-7.7,-8.3,-7.5,-5.6,1167.2,1167.1,1166.6,1166.0,1165.6,1165.8,1166.1,1166.7,1172.6,1169.7,1166.9,1165.2,1165.5,1166.8,1168.4,1167.1,1165.8,1166.0,1167.5,1170.0,1167.3,1167.0,1166.8,1166.8,1167.0,1167.3,1167.5,1167.5,1104.9,1106.2,1107.7,1108.6,1108.4,1107.1,1105.6,1104.8,1105.5,1105.0,1104.9,1105.6,1107.8,1110.7,1113.3,1110.4,1107.3,1105.0,1104.1,1104.6,1106.6,1107.0,1107.6,1108.2,1108.3,1107.9,1107.2,1106.7,-1.0,33.3,1286.8,0.11199999999999999,-0.040999999999999995,-0.016,463.9,465.8,472.5,483.0,500.1,527.5,562.2,601.0,642.9,682.3,715.5,744.4,766.9,780.7,788.1,792.7,793.8,497.4,516.2,541.6,569.1,595.0,677.7,702.5,726.2,748.2,764.5,638.9,640.6,642.6,644.4,611.0,626.9,642.7,658.4,672.2,531.4,549.4,572.1,590.2,571.3,549.1,680.7,697.8,720.2,736.8,722.3,700.9,582.9,604.4,626.1,642.8,659.6,680.8,697.5,681.7,661.5,643.1,625.1,603.4,592.9,625.9,642.8,659.9,688.4,659.7,642.4,625.2,355.9,402.2,447.1,490.5,528.9,561.5,586.3,604.9,609.6,604.4,584.5,559.4,526.5,486.8,443.3,397.8,352.9,300.9,282.6,275.6,278.6,287.6,286.4,276.9,274.3,278.9,293.0,341.0,373.1,404.5,436.2,455.2,460.8,465.6,460.7,455.0,350.0,338.3,338.8,351.8,357.9,357.8,351.4,338.0,337.5,347.6,355.9,356.9,514.6,499.3,492.3,496.6,492.6,499.8,512.3,535.1,545.0,547.0,545.1,535.7,514.5,509.4,510.4,508.9,513.8,521.7,523.6,521.9,-77.8,-77.2,-74.5,-70.0,-62.2,-49.6,-34.0,-16.9,1.3,18.5,33.3,46.4,56.6,62.7,65.8,67.6,68.0,-61.4,-53.2,-42.1,-30.2,-19.1,16.0,26.7,36.9,46.4,53.6,-0.5,0.3,1.1,1.8,-12.4,-5.6,1.2,7.8,13.7,-46.7,-38.8,-29.1,-21.3,-29.5,-39.0,17.5,24.8,34.4,41.8,35.4,26.2,-24.6,-15.2,-5.9,1.2,8.4,17.5,24.8,17.9,9.2,1.3,-6.4,-15.6,-20.2,-6.0,1.2,8.5,20.8,8.4,1.0,-6.3,-1.8,18.7,38.8,58.1,75.1,89.0,98.9,106.1,108.1,106.5,98.9,88.6,74.3,56.5,37.0,16.7,-3.1,-25.5,-33.2,-36.1,-34.7,-30.8,-31.3,-35.5,-36.7,-34.8,-28.8,-8.1,5.6,18.9,32.2,40.6,42.9,44.9,42.9,40.5,-4.3,-9.3,-9.1,-3.5,-0.9,-0.9,-3.7,-9.4,-9.7,-5.3,-1.7,-1.3,66.5,59.5,56.3,58.1,56.5,59.8,65.6,75.0,79.0,79.8,79.0,75.1,66.3,63.7,64.2,63.5,66.1,69.1,69.8,69.2,1326.4,1330.0,1334.6,1337.2,1333.3,1324.3,1310.8,1299.9,1299.2,1307.2,1322.1,1333.7,1337.9,1336.6,1332.0,1328.2,1326.3,1292.2,1288.5,1284.0,1278.5,1273.9,1275.9,1280.2,1284.6,1288.0,1291.8,1278.9,1274.7,1270.3,1266.2,1279.3,1277.9,1276.8,1277.1,1278.3,1289.9,1285.9,1284.7,1285.3,1285.5,1286.6,1287.7,1287.7,1289.0,1293.7,1289.8,1288.2,1289.6,1281.0,1277.4,1276.7,1277.7,1283.6,1292.3,1285.7,1281.6,1280.0,1280.2,1282.6,1287.6,1280.0,1279.3,1280.2,1289.6,1282.5,1281.1,1281.6,2.32,0.147,-0.040999999999999995,-0.016,637.761,437.51300000000003,-36.402,3.222,-28.250999999999998,1.808,4.583,-0.446,4.346,15.327,-9.761000000000001,4.365,-8.753,-7.522,10.835,-1.261,3.667,-1.143,1.386,-4.352,-6.914,-2.37,0.055,1.7890000000000001,-1.436,0.735,-0.4,3.116,-0.37,0.171,-0.18600000000000003,-1.195,1.067,-0.337,0.005,0.73,2.06,3.22,0.0,1.59,0.0,0.0,0.01,0.22,0.61,0.0,0.0,0.0,0.0,0.0,1.66,1.18,0.12,1.0,1.0,0.0,1.0,0.0,0.0,0.0,0.0,0.0,0.0,0.0,0.0,0.0,0.0,1.0,1.0,0.0,0.0
65,2.135,0.98,0.039399,0.17163499999999998,-0.9843729999999999,-0.030070999999999997,0.17245,-0.984559,0.005,0.17300000000000001,545.0,549.1,559.4,569.9,574.5,571.3,560.1,549.6,533.3,538.0,547.0,559.4,572.2,581.2,587.2,580.5,570.2,558.8,548.4,539.3,555.7,560.1,564.5,566.3,564.3,559.8,555.5,553.7,691.1,694.5,705.1,716.6,722.4,719.0,708.4,696.0,680.8,686.9,696.2,709.0,721.0,729.2,734.3,729.7,722.3,712.8,700.8,689.3,701.9,706.9,711.4,712.9,710.4,705.4,700.9,699.4,345.5,335.0,330.6,334.9,345.4,356.5,360.2,355.9,351.2,343.7,339.1,336.3,337.8,342.7,350.1,354.4,356.9,358.3,358.0,355.7,349.6,351.5,349.6,345.1,340.7,338.9,340.7,345.2,344.9,333.0,327.5,331.6,343.0,354.9,360.4,357.3,352.2,344.3,338.8,336.2,338.2,342.2,349.2,353.0,355.1,356.2,356.0,355.3,349.7,351.5,349.1,344.0,339.0,337.3,339.6,344.8,-36.9,-35.3,-31.2,-27.2,-25.4,-26.7,-31.0,-35.1,-41.6,-39.7,-36.1,-31.2,-26.3,-22.8,-20.5,-23.1,-27.1,-31.5,-35.6,-39.2,-32.7,-31.0,-29.3,-28.6,-29.4,-31.1,-32.8,-33.5,18.8,20.1,24.0,28.3,30.4,29.1,25.2,20.6,15.0,17.2,20.7,25.4,29.8,33.0,34.9,33.1,30.3,26.7,22.4,18.1,22.8,24.6,26.3,26.9,26.0,24.1,22.4,21.9,-5.6,-9.7,-11.4,-9.7,-5.7,-1.4,0.1,-1.6,-3.4,-6.4,-8.1,-9.2,-8.6,-6.7,-3.8,-2.2,-1.2,-0.7,-0.8,-1.7,-4.0,-3.3,-4.0,-5.8,-7.5,-8.2,-7.5,-5.8,-5.5,-9.9,-12.0,-10.5,-6.3,-1.9,0.2,-1.0,-2.9,-5.8,-7.8,-8.7,-8.0,-6.6,-4.0,-2.6,-1.8,-1.4,-1.5,-1.7,-3.8,-3.1,-4.0,-5.9,-7.7,-8.4,-7.5,-5.6,1164.4,1163.6,1162.9,1162.7,1163.1,1164.2,1164.6,1164.8,1169.9,1166.5,1163.4,1161.7,1162.3,1164.1,1166.4,1165.3,1164.1,1164.2,1165.6,1167.8,1165.0,1164.9,1164.6,1164.3,1164.1,1164.2,1164.5,1164.8,1102.8,1103.9,1105.3,1106.2,1106.1,1105.1,1103.6,1102.9,1103.3,1102.7,1102.5,1103.3,1105.5,1108.4,1111.0,1108.2,1105.2,1102.9,1102.0,1102.5,1104.5,1104.9,1105.5,1106.0,1106.0,1105.6,1105.0,1104.6,-1.3,33.6,1282.0,0.113,-0.039,-0.016,463.6,465.0,471.6,482.6,500.6,528.8,563.1,601.3,642.3,681.0,713.8,742.7,765.4,779.4,787.0,791.8,793.0,496.6,514.9,540.5,568.1,594.1,677.0,702.0,725.9,748.0,764.0,637.8,639.5,641.5,643.2,610.7,626.2,641.6,656.9,670.5,530.6,548.4,571.1,589.2,570.4,548.1,679.9,697.0,719.5,735.9,721.6,700.0,583.9,604.9,625.7,641.9,657.9,678.7,695.0,679.3,659.6,642.0,624.6,604.0,594.2,625.5,641.8,658.2,685.8,657.8,641.3,624.8,355.4,401.5,446.4,490.1,529.3,562.7,588.4,607.3,611.9,606.3,585.3,559.3,526.3,486.8,443.4,397.8,352.7,301.2,282.6,275.4,278.6,287.8,286.6,276.6,273.8,278.8,293.5,340.8,372.7,404.0,435.7,456.3,461.7,466.2,461.7,456.1,350.0,338.4,338.7,351.4,358.0,358.1,351.0,337.9,337.6,347.6,356.2,356.9,517.4,502.9,495.7,500.1,496.1,503.5,515.4,536.8,545.8,547.6,545.7,536.8,517.3,513.6,514.7,513.2,516.9,521.5,523.2,521.5,-77.7,-77.3,-74.7,-70.0,-61.7,-48.9,-33.5,-16.7,1.0,17.8,32.4,45.5,55.7,61.9,65.0,67.0,67.4,-61.5,-53.5,-42.4,-30.5,-19.4,15.7,26.4,36.7,46.2,53.2,-0.9,-0.2,0.6,1.3,-12.4,-5.9,0.7,7.2,12.9,-46.9,-39.1,-29.4,-21.7,-29.7,-39.3,17.1,24.4,34.0,41.2,34.9,25.7,-24.0,-14.9,-6.1,0.8,7.6,16.5,23.6,16.8,8.3,0.8,-6.6,-15.3,-19.6,-6.2,0.8,7.8,19.6,7.6,0.5,-6.5,-2.0,18.3,38.3,57.8,75.0,89.1,99.4,106.8,108.7,107.0,99.0,88.3,73.9,56.3,36.9,16.7,-3.2,-25.3,-33.1,-36.1,-34.5,-30.6,-31.1,-35.4,-36.8,-34.7,-28.5,-8.2,5.4,18.6,31.8,40.9,43.1,45.0,43.1,40.8,-4.3,-9.2,-9.1,-3.7,-0.9,-0.8,-3.9,-9.4,-9.6,-5.3,-1.6,-1.3,67.4,60.8,57.6,59.4,57.7,61.2,66.7,75.5,79.1,79.8,78.9,75.3,67.2,65.3,65.7,65.1,67.1,68.7,69.4,68.7,1321.4,1325.6,1330.7,1333.5,1328.9,1319.4,1305.8,1295.7,1295.3,1303.4,1317.7,1329.0,1333.1,1331.8,1327.2,1322.9,1320.5,1287.7,1283.7,1279.2,1273.8,1269.7,1271.2,1275.4,1280.0,1283.5,1287.4,1274.1,1269.6,1264.9,1260.5,1274.2,1272.9,1271.9,1272.4,1273.7,1285.5,1281.5,1280.2,1280.8,1281.1,1282.2,1283.0,1283.0,1284.4,1289.1,1285.2,1283.6,1284.0,1275.5,1272.3,1271.8,1272.6,1278.2,1286.7,1280.4,1276.8,1275.2,1275.3,1277.2,1281.7,1275.2,1274.7,1275.6,1283.8,1277.2,1275.8,1276.2,2.3280000000000003,0.147,-0.038,-0.016,636.923,438.358,-35.188,4.601,-32.006,5.609,4.5169999999999995,-0.21600000000000003,4.197,14.449000000000002,-8.584,3.239,-8.712,-7.565,10.66,-2.645,3.307,-1.228,-0.249,-3.929,-5.956,-3.3689999999999998,-0.449,0.359,-0.858,1.05,-0.094,2.8480000000000003,-0.26899999999999996,-0.021,-0.35700000000000004,-1.153,0.8270000000000001,-0.213,0.079,0.6990000000000001,1.97,3.23,0.0,1.79,0.0,0.04,0.01,0.1,0.49,0.0,0.0,0.0,0.0,0.0,1.46,1.37,0.19,1.0,1.0,0.0,1.0,0.0,0.0,0.0,0.0,0.0,0.0,0.0,0.0,0.0,0.0,1.0,1.0,0.0,0.0
66,2.169,0.98,0.042089,0.182144,-0.9823709999999999,-0.028457,0.181723,-0.9829379999999999,0.006999999999999999,0.183,544.2,548.2,558.6,569.1,573.7,570.5,559.4,548.8,532.3,536.9,545.9,558.4,571.2,580.3,586.3,579.7,569.5,558.1,547.6,538.4,554.9,559.3,563.7,565.4,563.5,559.0,554.7,552.9,690.1,693.5,704.1,715.8,721.7,718.3,707.6,695.1,679.9,685.9,695.2,707.9,720.0,728.4,733.6,728.8,721.4,711.8,699.9,688.4,701.0,706.1,710.7,712.1,709.6,704.6,700.0,698.5,345.5,335.1,330.7,334.9,345.3,356.4,360.2,356.0,351.4,343.9,339.2,336.2,337.6,342.5,349.9,354.5,357.2,358.8,358.5,356.2,349.6,351.4,349.6,345.1,340.7,338.9,340.8,345.2,344.7,332.7,327.1,331.2,342.6,354.7,360.2,357.1,352.0,344.0,338.5,336.1,338.1,342.0,348.9,352.8,355.0,356.1,355.9,355.1,349.5,351.3,348.9,343.7,338.7,337.0,339.4,344.6,-37.0,-35.4,-31.4,-27.4,-25.6,-26.9,-31.2,-35.2,-41.8,-39.9,-36.3,-31.5,-26.6,-23.1,-20.8,-23.3,-27.3,-31.7,-35.8,-39.4,-32.9,-31.2,-29.5,-28.8,-29.6,-31.3,-33.0,-33.7,18.4,19.7,23.6,28.0,30.1,28.8,24.9,20.2,14.7,16.9,20.3,25.0,29.5,32.6,34.6,32.8,30.0,26.4,22.0,17.8,22.5,24.3,26.0,26.6,25.7,23.8,22.1,21.5,-5.6,-9.6,-11.3,-9.7,-5.7,-1.4,0.1,-1.6,-3.3,-6.3,-8.0,-9.2,-8.6,-6.8,-3.9,-2.1,-1.1,-0.5,-0.6,-1.5,-4.0,-3.3,-4.0,-5.7,-7.4,-8.1,-7.4,-5.7,-5.6,-10.1,-12.1,-10.6,-6.4,-2.0,0.1,-1.1,-2.9,-5.9,-7.9,-8.8,-8.1,-6.6,-4.1,-2.7,-1.8,-1.4,-1.5,-1.8,-3.9,-3.2,-4.1,-6.0,-7.8,-8.5,-7.6,-5.7,1159.4,1158.6,1157.9,1157.8,1158.3,1159.3,1159.7,1159.8,1164.9,1161.5,1158.4,1156.7,1157.3,1159.2,1161.6,1160.6,1159.4,1159.5,1160.8,1162.9,1160.0,1160.0,1159.7,1159.4,1159.2,1159.2,1159.5,1159.8,1102.7,1103.8,1105.2,1106.0,1105.9,1104.8,1103.4,1102.6,1103.1,1102.5,1102.2,1102.9,1105.0,1107.8,1110.3,1107.6,1104.7,1102.4,1101.6,1102.2,1104.3,1104.7,1105.3,1105.7,1105.8,1105.4,1104.8,1104.4,-1.7,34.0,1275.5,0.124,-0.036000000000000004,-0.018000000000000002,463.0,464.0,470.7,482.3,501.2,529.9,563.7,600.8,641.2,679.5,712.4,741.5,764.1,778.1,786.0,790.9,792.1,496.1,514.4,539.8,567.1,592.8,676.2,700.9,724.5,746.5,762.5,636.8,638.4,640.3,642.0,610.6,625.6,640.4,655.3,668.7,529.7,547.4,570.2,588.3,569.6,547.1,679.0,696.1,718.7,735.0,720.7,699.0,584.8,605.5,625.9,641.1,656.0,676.3,692.5,676.8,657.4,641.1,624.6,604.6,595.2,625.7,641.0,656.3,683.3,655.7,640.4,624.9,354.4,400.5,446.0,490.5,530.8,565.4,592.1,611.4,615.7,609.5,586.8,559.2,525.4,485.8,442.5,397.2,352.4,300.4,282.3,275.2,278.8,288.1,286.8,276.5,273.3,277.9,292.2,340.5,372.5,403.8,435.6,458.1,463.1,467.4,463.2,457.8,350.0,338.5,338.8,351.2,358.3,358.5,350.5,337.7,337.5,347.3,356.3,356.9,521.2,507.2,499.5,504.0,499.9,507.6,519.0,540.3,548.7,550.5,548.7,540.2,521.2,518.5,519.4,518.0,520.7,523.0,524.6,523.1,-77.5,-77.4,-74.7,-69.8,-61.2,-48.2,-33.1,-16.8,0.5,17.1,31.6,44.7,54.8,61.0,64.2,66.1,66.5,-61.4,-53.4,-42.5,-30.8,-19.9,15.2,25.8,35.9,45.3,52.2,-1.4,-0.7,0.1,0.9,-12.4,-6.1,0.2,6.5,12.1,-47.0,-39.3,-29.6,-21.9,-29.9,-39.5,16.6,23.9,33.5,40.6,34.4,25.1,-23.5,-14.6,-5.9,0.5,6.7,15.4,22.4,15.6,7.4,0.5,-6.5,-15.0,-19.0,-6.1,0.4,6.9,18.4,6.6,0.2,-6.4,-2.5,17.8,38.0,57.7,75.3,89.9,100.5,108.2,110.0,108.0,99.2,87.8,73.1,55.5,36.3,16.3,-3.3,-25.4,-33.1,-36.0,-34.3,-30.3,-30.9,-35.3,-36.8,-34.9,-28.9,-8.2,5.2,18.4,31.6,41.4,43.5,45.3,43.5,41.3,-4.3,-9.1,-9.0,-3.7,-0.7,-0.6,-4.0,-9.5,-9.6,-5.4,-1.6,-1.3,68.6,62.2,58.9,60.7,59.0,62.5,67.8,76.5,79.9,80.6,79.8,76.3,68.5,67.0,67.4,66.9,68.4,69.0,69.6,69.0,1313.7,1318.6,1324.5,1327.6,1322.6,1313.0,1299.8,1290.7,1290.5,1298.2,1311.6,1322.3,1325.8,1324.1,1319.3,1314.4,1311.5,1279.8,1275.9,1271.5,1266.6,1263.0,1264.4,1268.3,1272.7,1275.9,1279.5,1267.0,1262.4,1257.7,1253.1,1267.2,1266.1,1265.4,1265.9,1267.3,1278.4,1274.3,1273.0,1273.6,1274.0,1275.2,1276.0,1275.7,1277.1,1281.8,1278.0,1276.5,1277.1,1268.7,1265.6,1265.3,1266.1,1271.4,1279.7,1273.7,1270.7,1269.1,1269.1,1270.6,1274.6,1269.1,1268.7,1269.6,1276.7,1270.5,1269.1,1269.3,2.3409999999999997,0.159,-0.033,-0.018000000000000002,636.034,439.645,-37.602,6.746,-35.499,9.658999999999999,3.8339999999999996,-0.469,4.745,13.427999999999999,-8.025,2.156,-8.183,-6.397,10.136000000000001,-4.311,2.77,-1.8840000000000001,-1.2690000000000001,-3.569,-4.9719999999999995,-4.07,-0.203,-1.2830000000000001,-0.251,1.702,0.03,2.7310000000000003,-0.083,-0.182,-0.51,-1.226,0.721,-0.106,0.16,0.7090000000000001,1.93,3.27,0.0,2.04,0.0,0.04,0.01,0.02,0.39,0.0,0.0,0.0,0.0,0.0,1.33,1.48,0.14,1.0,1.0,0.0,1.0,0.0,0.0,0.0,0.0,0.0,0.0,0.0,0.0,0.0,0.0,1.0,1.0,0.0,0.0
67,2.202,0.98,0.045614999999999996,0.183756,-0.9819129999999999,-0.033457,0.187899,-0.981618,0.006,0.187,543.3,547.2,557.5,568.0,572.7,569.5,558.4,547.9,531.7,536.1,544.9,557.4,570.2,579.2,584.9,578.2,567.9,556.6,546.4,537.6,554.0,558.4,562.6,564.2,562.3,558.0,553.8,552.1,689.1,692.6,703.3,714.9,720.6,717.1,706.4,693.9,679.1,685.0,694.2,707.0,719.1,727.7,733.0,728.1,720.5,710.8,698.9,687.5,700.0,705.0,709.7,711.2,708.8,703.7,699.0,697.5,346.1,335.7,331.3,335.6,346.0,357.0,360.8,356.5,351.6,344.1,339.8,336.9,338.2,342.9,350.4,355.3,358.3,359.8,359.2,356.6,350.0,351.8,350.0,345.7,341.4,339.7,341.4,345.7,344.8,332.9,327.4,331.5,342.9,354.8,360.3,357.2,352.3,344.3,338.8,336.2,338.1,342.0,348.9,352.8,355.0,356.1,356.0,355.3,349.6,351.5,349.0,343.8,338.9,337.1,339.5,344.7,-37.5,-36.0,-32.0,-27.9,-26.1,-27.4,-31.7,-35.8,-42.2,-40.4,-36.9,-32.0,-27.0,-23.6,-21.4,-24.0,-28.0,-32.4,-36.4,-39.9,-33.4,-31.7,-30.0,-29.4,-30.1,-31.8,-33.5,-34.1,18.1,19.5,23.4,27.7,29.9,28.5,24.5,19.9,14.4,16.6,20.0,24.7,29.3,32.5,34.6,32.7,29.8,26.1,21.7,17.5,22.2,24.1,25.8,26.4,25.5,23.6,21.8,21.3,-5.4,-9.4,-11.1,-9.5,-5.4,-1.2,0.3,-1.3,-3.3,-6.2,-7.8,-8.9,-8.4,-6.6,-3.7,-1.8,-0.7,-0.1,-0.3,-1.3,-3.9,-3.2,-3.9,-5.5,-7.2,-7.9,-7.2,-5.5,-5.6,-10.0,-12.1,-10.5,-6.3,-1.9,0.1,-1.0,-2.9,-5.8,-7.8,-8.8,-8.1,-6.7,-4.1,-2.7,-1.9,-1.4,-1.5,-1.7,-3.8,-3.2,-4.1,-6.0,-7.8,-8.5,-7.6,-5.7,1164.1,1163.1,1162.4,1162.2,1162.8,1164.1,1164.6,1164.7,1169.5,1166.0,1162.8,1161.0,1161.6,1163.5,1165.9,1165.0,1163.9,1164.2,1165.6,1167.7,1164.8,1164.7,1164.4,1164.0,1163.7,1163.8,1164.1,1164.5,1107.8,1108.8,1110.1,1110.8,1110.7,1109.7,1108.4,1107.8,1108.4,1107.7,1107.4,1107.9,1109.9,1112.7,1115.3,1112.6,1109.7,1107.5,1106.8,1107.5,1109.4,1109.7,1110.2,1110.7,1110.7,1110.4,1109.9,1109.4,-2.1,34.2,1277.7,0.126,-0.036000000000000004,-0.02,462.1,463.3,470.3,482.2,501.1,529.6,563.0,600.1,640.3,678.5,711.3,740.4,762.9,776.9,784.7,789.8,791.1,495.0,513.1,538.5,565.8,591.4,675.3,700.1,723.6,745.5,761.5,635.7,637.4,639.3,641.1,609.9,624.8,639.6,654.5,667.8,528.6,546.3,569.2,587.2,568.5,546.0,678.2,695.2,717.8,734.1,719.9,698.1,584.9,605.4,625.5,640.3,654.8,674.9,691.1,675.5,656.4,640.5,624.4,604.6,595.3,625.3,640.3,655.1,681.9,654.6,639.7,624.6,354.8,401.1,446.7,491.0,531.4,565.9,592.4,611.7,616.2,610.0,587.4,559.6,525.6,485.8,442.4,396.8,351.8,301.6,283.2,275.9,279.4,288.5,286.9,276.7,273.4,277.9,292.2,340.8,372.9,404.4,436.3,458.5,463.6,467.8,463.5,458.0,350.7,339.1,339.4,351.8,359.0,359.3,350.6,337.8,337.4,347.3,356.4,357.1,522.3,507.9,500.1,504.5,500.4,508.1,519.8,540.8,549.1,550.9,549.1,540.9,522.2,519.0,519.9,518.5,521.5,523.5,525.0,523.6,-78.0,-77.8,-75.0,-69.9,-61.3,-48.4,-33.4,-17.2,0.1,16.7,31.2,44.3,54.4,60.5,63.7,65.7,66.1,-62.0,-54.0,-43.1,-31.4,-20.5,14.9,25.4,35.5,44.9,51.9,-1.8,-1.1,-0.3,0.4,-12.7,-6.4,-0.2,6.1,11.8,-47.5,-39.9,-30.1,-22.5,-30.4,-40.0,16.3,23.5,33.2,40.3,34.1,24.8,-23.5,-14.7,-6.1,0.1,6.2,14.8,21.8,15.1,6.9,0.2,-6.6,-15.0,-19.0,-6.2,0.1,6.4,17.8,6.2,-0.1,-6.5,-2.3,18.1,38.3,58.1,75.6,90.2,100.9,108.5,110.4,108.4,99.6,88.1,73.3,55.6,36.3,16.2,-3.6,-25.0,-32.7,-35.7,-34.1,-30.1,-30.8,-35.3,-36.8,-35.0,-28.9,-8.1,5.4,18.6,31.9,41.7,43.8,45.5,43.8,41.5,-4.0,-8.9,-8.8,-3.5,-0.4,-0.3,-4.0,-9.5,-9.6,-5.5,-1.5,-1.2,69.2,62.7,59.2,61.1,59.4,62.9,68.3,76.9,80.3,80.9,80.2,76.8,69.0,67.4,67.7,67.2,68.8,69.4,69.9,69.3,1315.3,1320.3,1326.2,1329.3,1324.5,1315.0,1302.1,1293.1,1292.8,1300.4,1313.6,1324.3,1327.7,1325.7,1320.9,1316.0,1312.9,1281.6,1277.8,1273.4,1268.6,1265.0,1266.4,1270.3,1274.6,1277.6,1281.1,1269.0,1264.6,1260.0,1255.6,1269.5,1268.4,1267.7,1268.2,1269.5,1280.4,1276.3,1275.0,1275.6,1276.0,1277.3,1277.9,1277.6,1279.0,1283.7,1280.0,1278.5,1279.3,1271.1,1268.0,1267.7,1268.4,1273.6,1281.8,1275.9,1273.0,1271.4,1271.5,1272.9,1276.8,1271.4,1271.1,1271.9,1278.8,1272.7,1271.4,1271.5,2.3369999999999997,0.162,-0.033,-0.02,635.1669999999999,440.074,-39.3,6.297999999999999,-36.485,9.946,4.172,-0.5760000000000001,4.648,13.107000000000001,-7.695,1.395,-8.5,-6.06,10.014,-4.397,2.991,-1.9569999999999999,-0.917,-3.5389999999999997,-4.8919999999999995,-3.6060000000000003,-0.068,-1.1740000000000002,-0.0,1.561,0.02,2.687,-0.122,-0.225,-0.465,-1.136,0.6759999999999999,-0.27699999999999997,0.228,0.7659999999999999,1.88,3.27,0.0,2.17,0.0,0.04,0.0,0.01,0.34,0.0,0.0,0.0,0.0,0.0,1.39,1.52,0.08,1.0,1.0,0.0,1.0,0.0,0.0,0.0,0.0,0.0,0.0,0.0,0.0,0.0,0.0,1.0,1.0,0.0,0.0
68,2.2359999999999998,0.98,0.040093000000000004,0.188433,-0.981267,-0.033505,0.179266,-0.9832299999999999,0.003,0.185,542.3,546.2,556.5,567.1,571.8,568.7,557.7,547.0,530.8,535.4,544.4,556.7,569.3,578.4,584.3,577.8,567.7,556.4,546.0,536.9,553.1,557.5,561.8,563.5,561.5,557.0,552.7,551.1,688.2,691.6,702.3,713.9,719.7,716.3,705.7,693.1,678.3,684.4,693.7,706.4,718.2,726.6,731.8,727.1,719.7,710.1,698.3,686.9,699.1,704.1,708.8,710.3,707.7,702.6,698.0,696.5,346.8,336.4,331.9,336.1,346.4,357.4,361.3,357.2,352.0,344.5,340.0,337.2,338.5,343.3,350.8,355.5,358.3,359.9,359.4,356.9,350.7,352.4,350.6,346.2,341.9,340.1,342.0,346.4,344.8,332.8,327.3,331.4,342.9,354.9,360.4,357.2,352.4,344.3,338.6,336.0,337.9,341.9,348.8,352.7,355.0,356.2,356.1,355.4,349.7,351.5,349.1,343.9,338.9,337.1,339.5,344.7,-38.0,-36.4,-32.4,-28.3,-26.5,-27.7,-32.1,-36.2,-42.7,-40.8,-37.2,-32.3,-27.4,-24.0,-21.7,-24.2,-28.1,-32.5,-36.6,-40.2,-33.8,-32.1,-30.4,-29.8,-30.5,-32.3,-33.9,-34.6,17.7,19.0,22.9,27.2,29.3,28.1,24.1,19.5,14.1,16.3,19.7,24.4,28.8,31.9,33.9,32.1,29.3,25.7,21.4,17.2,21.7,23.6,25.3,25.9,24.9,23.0,21.3,20.8,-5.1,-9.2,-10.9,-9.3,-5.3,-1.0,0.5,-1.1,-3.1,-6.0,-7.8,-8.9,-8.3,-6.5,-3.6,-1.8,-0.7,-0.0,-0.2,-1.2,-3.6,-2.9,-3.7,-5.4,-7.1,-7.7,-7.0,-5.3,-5.6,-10.0,-12.0,-10.5,-6.3,-1.9,0.1,-1.0,-2.8,-5.8,-7.8,-8.8,-8.1,-6.7,-4.1,-2.7,-1.8,-1.4,-1.4,-1.7,-3.8,-3.1,-4.0,-5.9,-7.8,-8.4,-7.5,-5.6,1167.1,1166.1,1165.4,1165.3,1166.0,1167.2,1167.6,1167.7,1172.4,1169.0,1165.8,1164.1,1164.9,1166.8,1169.3,1168.4,1167.2,1167.2,1168.6,1170.6,1167.8,1167.8,1167.5,1167.1,1166.8,1166.8,1167.1,1167.5,1100.8,1101.9,1103.4,1104.3,1104.1,1102.9,1101.5,1100.8,1101.1,1100.6,1100.4,1101.2,1103.3,1106.2,1108.8,1106.0,1102.9,1100.6,1099.8,1100.3,1102.4,1102.8,1103.4,1103.9,1104.0,1103.6,1103.0,1102.5,-2.3,34.1,1279.8,0.125,-0.040999999999999995,-0.02,460.6,462.5,469.9,481.9,500.9,529.2,562.4,599.3,639.5,677.8,710.4,739.4,761.9,776.2,784.1,789.0,790.3,494.1,512.6,538.2,565.5,591.0,674.6,699.5,723.2,745.1,760.9,635.3,637.1,639.1,640.9,608.6,624.0,639.3,654.5,668.0,528.0,545.7,568.6,586.6,567.8,545.3,677.5,694.4,716.9,733.1,719.0,697.4,584.0,604.0,624.1,639.8,655.5,675.4,690.7,676.0,656.9,639.8,622.8,603.1,594.2,623.8,639.7,655.7,681.6,655.3,639.1,623.0,355.2,401.7,447.0,491.3,531.5,565.9,592.6,611.9,616.4,610.2,588.0,560.3,526.0,485.8,442.0,396.1,350.7,301.8,283.1,276.1,279.5,288.6,286.8,276.8,273.7,278.5,293.2,341.4,373.3,404.6,436.2,457.1,462.5,466.9,462.5,456.8,351.1,339.2,339.5,352.2,359.1,359.3,351.0,337.8,337.4,347.3,356.3,357.2,521.1,505.2,497.2,501.5,497.4,505.2,518.3,539.5,548.2,550.1,548.2,539.7,520.8,515.0,515.9,514.4,519.7,524.2,526.1,524.5,-78.8,-78.3,-75.3,-70.1,-61.5,-48.7,-33.8,-17.6,-0.2,16.4,30.9,43.9,54.0,60.3,63.6,65.5,66.0,-62.4,-54.4,-43.3,-31.5,-20.7,14.6,25.2,35.4,44.9,51.8,-2.0,-1.2,-0.4,0.4,-13.3,-6.8,-0.3,6.1,11.9,-47.9,-40.2,-30.4,-22.8,-30.8,-40.4,16.0,23.2,32.8,39.9,33.8,24.5,-23.9,-15.3,-6.7,-0.1,6.5,15.1,21.7,15.3,7.2,-0.1,-7.3,-15.7,-19.5,-6.9,-0.1,6.7,17.8,6.5,-0.4,-7.2,-2.1,18.4,38.5,58.3,75.8,90.4,101.1,108.8,110.7,108.6,100.0,88.5,73.6,55.7,36.2,15.9,-4.1,-24.9,-32.8,-35.7,-34.1,-30.1,-31.0,-35.3,-36.7,-34.8,-28.6,-7.9,5.6,18.8,32.0,41.2,43.4,45.2,43.4,41.0,-3.8,-8.9,-8.7,-3.3,-0.4,-0.3,-3.8,-9.5,-9.7,-5.5,-1.6,-1.2,68.8,61.6,58.1,59.9,58.2,61.8,67.8,76.5,80.0,80.7,79.9,76.4,68.6,65.8,66.2,65.6,68.2,69.8,70.6,69.9,1318.2,1322.7,1327.9,1330.6,1326.0,1317.0,1304.6,1295.4,1294.8,1302.2,1315.5,1326.1,1329.6,1327.8,1323.4,1319.2,1316.8,1283.7,1279.8,1275.3,1270.4,1266.7,1268.3,1272.5,1276.9,1280.5,1284.5,1271.2,1266.9,1262.4,1258.1,1271.8,1270.5,1269.6,1270.0,1271.3,1282.3,1278.2,1277.0,1277.6,1278.0,1279.1,1280.1,1280.0,1281.4,1286.3,1282.4,1280.7,1281.7,1273.3,1270.4,1269.9,1270.7,1276.4,1284.7,1278.6,1275.3,1273.7,1273.8,1275.2,1279.3,1273.3,1272.8,1273.7,1281.8,1275.5,1274.2,1274.5,2.333,0.159,-0.038,-0.02,634.585,439.58,-39.465,6.132000000000001,-32.555,8.675,5.1080000000000005,-1.1909999999999998,5.462999999999999,12.638,-7.972,1.111,-9.068,-5.824,9.413,-2.9189999999999996,3.9019999999999997,-2.181,-0.266,-4.216,-5.622000000000001,-3.4989999999999997,-0.914,0.752,-0.451,0.27899999999999997,0.39399999999999996,2.699,0.612,-0.039,-0.133,-1.148,0.983,-0.23199999999999998,0.136,0.602,1.92,3.31,0.0,2.36,0.0,0.0,0.01,0.01,0.34,0.0,0.0,0.0,0.0,0.0,1.63,1.56,0.02,1.0,1.0,0.0,1.0,0.0,0.0,0.0,0.0,0.0,0.0,0.0,0.0,0.0,0.0,1.0,1.0,0.0,0.0
69,2.269,0.98,0.053061000000000004,0.173456,-0.983411,-0.029044999999999998,0.172855,-0.984519,0.012,0.174,542.0,546.0,556.3,566.9,571.5,568.4,557.2,546.7,530.5,534.8,543.6,556.1,569.1,578.1,584.0,577.2,566.8,555.4,545.3,536.4,552.8,557.2,561.5,563.1,561.2,556.8,552.6,550.9,687.8,691.1,701.7,713.3,719.3,716.0,705.4,692.8,677.5,683.9,693.4,706.2,718.1,726.1,731.0,726.6,719.4,709.9,698.0,686.3,698.5,703.6,708.3,709.8,707.2,702.0,697.4,695.9,346.3,335.9,331.6,336.0,346.4,357.4,361.1,356.8,351.4,344.0,339.8,337.0,338.4,343.1,350.8,355.6,358.5,360.0,359.2,356.4,350.2,352.0,350.3,346.0,341.7,339.9,341.6,345.9,344.5,332.3,326.5,330.7,342.2,354.5,360.2,357.1,352.2,343.8,338.1,335.4,337.4,341.4,348.4,352.3,354.6,355.7,355.6,355.0,349.4,351.2,348.7,343.3,338.2,336.4,338.9,344.3,-37.8,-36.2,-32.2,-28.1,-26.4,-27.6,-31.9,-36.0,-42.4,-40.6,-37.1,-32.2,-27.2,-23.8,-21.6,-24.2,-28.2,-32.6,-36.5,-40.0,-33.6,-31.9,-30.3,-29.6,-30.3,-32.0,-33.7,-34.3,17.2,18.4,22.3,26.5,28.7,27.5,23.6,19.0,13.5,15.8,19.3,23.9,28.2,31.2,33.1,31.4,28.7,25.2,20.9,16.7,21.1,23.0,24.7,25.2,24.3,22.4,20.7,20.2,-5.3,-9.3,-10.9,-9.2,-5.2,-1.0,0.4,-1.3,-3.3,-6.2,-7.8,-8.8,-8.3,-6.5,-3.5,-1.7,-0.6,0.0,-0.3,-1.4,-3.8,-3.1,-3.7,-5.4,-7.1,-7.8,-7.1,-5.4,-5.6,-10.0,-12.1,-10.6,-6.4,-2.0,0.1,-1.1,-2.8,-5.8,-7.9,-8.9,-8.2,-6.7,-4.2,-2.8,-2.0,-1.5,-1.6,-1.8,-3.8,-3.2,-4.1,-6.0,-7.9,-8.5,-7.6,-5.7,1156.0,1154.8,1153.9,1153.8,1154.5,1156.0,1156.6,1156.7,1161.4,1157.7,1154.5,1152.5,1153.1,1155.0,1157.5,1156.7,1155.7,1156.0,1157.5,1159.5,1156.6,1156.6,1156.2,1155.7,1155.4,1155.4,1155.8,1156.3,1081.6,1082.6,1084.2,1085.3,1085.3,1084.3,1082.7,1081.7,1081.8,1081.3,1081.3,1082.3,1084.7,1087.7,1090.5,1087.6,1084.4,1081.9,1080.9,1081.2,1083.4,1083.9,1084.6,1085.1,1085.0,1084.6,1083.9,1083.4,-2.4,33.9,1284.4,0.121,-0.048,-0.021,459.4,461.9,469.8,481.8,500.5,528.6,562.1,599.4,639.4,677.1,709.1,737.7,760.4,774.9,783.1,788.2,789.6,493.0,511.5,537.4,565.2,590.8,673.9,698.7,722.4,744.3,760.3,635.0,637.0,639.1,641.2,608.5,624.0,639.5,654.7,668.2,527.3,545.2,568.2,586.2,567.3,544.7,677.1,693.8,716.4,732.6,718.7,697.1,585.0,604.2,624.2,640.0,655.6,675.3,689.7,676.1,657.5,640.2,623.2,603.5,595.2,624.0,639.9,655.8,680.7,655.7,639.4,623.2,355.6,402.2,447.4,491.4,531.4,565.6,592.2,611.8,616.4,610.4,588.7,561.6,527.3,486.9,442.4,395.9,350.1,302.6,283.2,276.1,279.4,288.5,286.5,276.6,273.5,278.1,292.9,341.6,373.4,404.5,435.8,455.7,461.0,465.5,460.9,455.2,351.1,338.9,339.2,352.4,359.2,359.3,350.9,337.3,336.6,346.7,355.7,356.8,519.9,502.0,493.4,497.6,493.5,501.8,516.7,538.9,548.2,550.3,548.5,539.7,519.3,510.9,511.7,510.3,517.8,524.9,526.9,525.4,-79.6,-78.7,-75.5,-70.3,-61.8,-49.1,-34.0,-17.6,-0.2,16.2,30.4,43.3,53.5,59.9,63.4,65.4,65.9,-63.1,-55.0,-43.7,-31.8,-20.8,14.4,25.0,35.2,44.7,51.7,-2.1,-1.3,-0.4,0.5,-13.4,-6.8,-0.2,6.3,12.0,-48.3,-40.5,-30.7,-23.0,-31.1,-40.8,15.9,23.0,32.8,39.9,33.8,24.5,-23.6,-15.2,-6.7,-0.0,6.6,15.1,21.4,15.4,7.4,0.1,-7.2,-15.6,-19.2,-6.8,-0.1,6.7,17.4,6.7,-0.2,-7.2,-2.0,18.7,38.8,58.4,75.9,90.5,101.4,109.1,111.1,109.1,100.6,89.4,74.4,56.3,36.5,15.8,-4.4,-24.6,-32.9,-35.8,-34.3,-30.3,-31.2,-35.5,-36.9,-35.1,-28.8,-7.8,5.7,18.8,31.9,40.7,42.9,44.8,42.9,40.5,-3.8,-9.0,-8.9,-3.3,-0.3,-0.3,-3.9,-9.7,-10.0,-5.7,-1.8,-1.4,68.6,60.5,56.7,58.5,56.8,60.5,67.3,76.5,80.3,81.1,80.4,76.6,68.2,64.3,64.6,64.0,67.7,70.4,71.2,70.6,1322.0,1326.4,1331.3,1333.7,1329.5,1321.0,1309.4,1300.2,1299.6,1306.9,1319.8,1330.3,1333.9,1332.3,1328.3,1324.6,1322.2,1287.9,1284.2,1279.7,1274.8,1271.2,1273.2,1277.4,1281.7,1285.4,1289.5,1276.0,1271.9,1267.7,1263.7,1276.5,1275.3,1274.3,1274.6,1275.8,1286.6,1282.6,1281.4,1281.9,1282.5,1283.6,1284.8,1284.9,1286.4,1291.4,1287.4,1285.5,1285.9,1277.8,1274.9,1274.3,1275.2,1281.0,1289.2,1283.6,1280.4,1278.9,1278.9,1280.0,1283.9,1277.6,1277.1,1278.0,1286.4,1280.9,1279.6,1279.9,2.325,0.155,-0.046,-0.021,634.275,438.971,-41.661,4.788,-30.180999999999997,8.107000000000001,5.632999999999999,-3.409,7.2410000000000005,13.218,-7.796,-0.664,-9.395,-5.8,9.583,-1.473,5.015,-2.9539999999999997,0.263,-4.35,-6.129,-2.01,-1.3780000000000001,1.786,-0.736,-0.259,0.26899999999999996,2.747,0.794,0.147,0.06,-1.089,1.192,-0.401,0.18899999999999997,0.617,1.91,3.31,0.0,2.24,0.0,0.0,0.01,0.02,0.34,0.0,0.0,0.0,0.0,0.0,1.88,1.7,0.0,1.0,1.0,0.0,1.0,0.0,0.0,0.0,0.0,0.0,0.0,0.0,0.0,0.0,0.0,1.0,1.0,0.0,0.0
70,2.302,0.98,0.049412,0.180238,-0.982381,-0.023887000000000002,0.175334,-0.9842190000000001,0.013000000000000001,0.179,541.6,545.5,555.9,566.5,571.3,568.2,557.0,546.4,530.1,534.4,543.3,556.0,569.1,578.1,584.0,577.2,566.8,555.2,544.9,536.0,552.5,557.0,561.2,562.9,560.9,556.5,552.2,550.6,687.4,690.8,701.4,713.1,718.9,715.5,704.9,692.3,677.1,683.6,693.2,705.8,717.6,725.9,731.0,726.2,718.6,708.8,697.0,685.6,698.2,703.3,708.0,709.5,706.9,701.8,697.1,695.6,345.6,335.1,330.7,335.0,345.4,356.5,360.3,356.0,350.3,342.9,338.8,336.1,337.6,342.5,350.2,354.1,356.5,357.8,357.2,354.7,349.4,351.2,349.4,345.1,340.7,339.0,340.8,345.1,343.4,331.3,325.7,329.8,341.2,353.3,359.0,355.9,351.2,342.7,336.8,334.2,336.2,340.5,347.5,351.3,353.4,354.4,354.4,353.8,348.2,350.1,347.6,342.2,337.2,335.4,337.9,343.2,-38.0,-36.4,-32.4,-28.3,-26.5,-27.7,-32.0,-36.1,-42.6,-40.8,-37.3,-32.3,-27.3,-23.9,-21.6,-24.3,-28.2,-32.7,-36.8,-40.3,-33.8,-32.1,-30.4,-29.7,-30.5,-32.2,-33.9,-34.5,17.3,18.5,22.5,26.7,28.9,27.6,23.7,19.1,13.5,15.9,19.4,24.0,28.4,31.5,33.4,31.6,28.7,25.1,20.8,16.6,21.3,23.1,24.9,25.4,24.5,22.6,20.9,20.3,-5.6,-9.6,-11.3,-9.6,-5.6,-1.4,0.1,-1.5,-3.8,-6.6,-8.2,-9.2,-8.6,-6.8,-3.8,-2.3,-1.3,-0.9,-1.1,-2.0,-4.1,-3.4,-4.1,-5.8,-7.4,-8.1,-7.4,-5.8,-6.0,-10.5,-12.5,-11.1,-6.9,-2.4,-0.4,-1.5,-3.2,-6.3,-8.4,-9.4,-8.7,-7.1,-4.6,-3.2,-2.4,-2.0,-2.1,-2.3,-4.3,-3.6,-4.5,-6.5,-8.3,-9.0,-8.1,-6.1,1157.5,1156.4,1155.4,1155.3,1156.1,1157.5,1158.2,1158.3,1163.1,1159.5,1156.2,1154.3,1154.9,1156.8,1159.3,1158.3,1157.3,1157.5,1159.0,1161.2,1158.2,1158.1,1157.8,1157.3,1157.0,1157.0,1157.4,1157.9,1094.0,1095.0,1096.4,1097.4,1097.4,1096.3,1094.9,1094.1,1094.5,1093.9,1093.8,1094.5,1096.8,1099.8,1102.4,1099.5,1096.4,1094.1,1093.3,1093.7,1095.7,1096.1,1096.8,1097.2,1097.2,1096.8,1096.2,1095.7,-2.5,33.3,1283.6,0.11599999999999999,-0.053,-0.022000000000000002,459.0,461.5,469.4,481.3,499.7,527.7,561.7,599.8,640.2,677.8,709.2,737.4,759.9,774.6,783.0,788.0,789.3,492.7,511.1,536.8,564.4,590.1,673.6,698.2,721.8,743.7,760.0,634.8,637.1,639.5,641.7,608.3,624.1,639.9,655.4,669.0,527.1,545.0,567.9,586.2,567.2,544.7,676.6,693.4,715.9,732.3,718.3,696.7,584.1,603.5,624.0,640.1,656.1,676.1,690.8,677.0,658.1,640.4,623.1,602.8,594.3,623.8,640.1,656.3,681.7,656.2,639.6,623.0,355.5,402.3,447.4,491.2,530.8,564.6,590.7,609.7,614.3,608.6,587.8,561.2,527.2,486.5,441.6,394.5,348.4,301.7,282.3,275.1,278.2,287.1,285.0,275.3,272.1,276.4,290.9,340.3,372.2,403.3,434.8,454.1,459.6,464.1,459.2,453.4,350.0,337.9,338.2,351.2,357.8,357.9,349.8,336.2,335.5,345.4,354.3,355.5,517.9,499.7,491.1,495.3,491.3,499.8,514.9,537.3,546.7,548.6,546.8,537.8,517.2,508.6,509.5,508.2,516.0,523.2,525.1,523.5,-79.7,-78.8,-75.6,-70.5,-62.2,-49.4,-34.1,-17.4,0.1,16.4,30.4,43.2,53.3,59.8,63.3,65.4,65.8,-63.2,-55.2,-44.0,-32.1,-21.1,14.3,24.8,34.9,44.4,51.6,-2.2,-1.2,-0.2,0.7,-13.5,-6.8,-0.0,6.5,12.3,-48.4,-40.6,-30.8,-23.0,-31.1,-40.8,15.7,22.9,32.5,39.7,33.6,24.3,-24.0,-15.5,-6.8,0.1,6.8,15.4,21.8,15.8,7.7,0.2,-7.2,-15.9,-19.6,-6.9,0.0,6.9,17.9,6.9,-0.2,-7.2,-2.0,18.7,38.8,58.3,75.6,90.1,100.6,108.1,110.1,108.2,100.1,89.2,74.3,56.2,36.1,15.3,-5.1,-25.0,-33.2,-36.2,-34.7,-30.9,-31.8,-36.1,-37.6,-35.8,-29.7,-8.4,5.2,18.3,31.5,40.0,42.3,44.2,42.1,39.7,-4.3,-9.4,-9.3,-3.7,-0.9,-0.9,-4.4,-10.2,-10.5,-6.3,-2.4,-1.9,67.6,59.5,55.7,57.4,55.8,59.6,66.5,75.8,79.6,80.3,79.6,75.8,67.3,63.2,63.6,63.1,66.9,69.6,70.4,69.7,1321.3,1325.3,1330.1,1332.5,1328.6,1320.3,1308.5,1299.0,1298.2,1305.5,1319.0,1329.9,1334.0,1332.7,1328.5,1324.8,1322.5,1287.5,1284.0,1279.5,1274.5,1270.7,1272.7,1277.1,1281.4,1285.3,1289.4,1275.5,1271.3,1267.2,1263.2,1275.9,1274.6,1273.5,1273.8,1275.1,1286.0,1282.1,1280.9,1281.3,1281.8,1282.9,1284.2,1284.4,1286.0,1290.8,1286.8,1284.9,1285.4,1277.0,1273.8,1273.2,1274.1,1280.0,1288.5,1282.6,1279.2,1277.8,1277.8,1279.2,1283.3,1276.6,1275.9,1276.8,1285.7,1279.9,1278.7,1279.0,2.326,0.15,-0.051,-0.022000000000000002,634.175,437.591,-40.404,3.5669999999999997,-28.894000000000002,7.4110000000000005,5.1339999999999995,-3.053,7.242000000000001,13.753,-8.832,-0.5,-9.193,-5.982,10.193,-1.107,5.074,-2.206,1.0090000000000001,-4.406000000000001,-6.695,-2.17,-1.6540000000000001,1.7009999999999998,-0.7829999999999999,-0.486,-0.20800000000000002,2.802,0.21,0.48,0.012,-1.126,1.3030000000000002,-0.588,0.11699999999999999,0.6890000000000001,1.94,3.36,0.0,2.16,0.0,0.0,0.01,0.04,0.34,0.0,0.0,0.0,0.0,0.0,2.0,1.69,0.0,1.0,1.0,0.0,1.0,0.0,0.0,0.0,0.0,0.0,0.0,0.0,0.0,0.0,0.0,1.0,1.0,0.0,0.0
71,2.336,0.98,0.051102,0.160778,-0.985667,-0.02341,0.171485,-0.984909,0.013999999999999999,0.16699999999999998,541.5,545.4,555.8,566.5,571.3,568.2,557.0,546.3,529.8,534.3,543.2,555.7,568.6,577.8,583.9,577.2,567.1,555.9,545.4,536.2,552.4,556.9,561.2,562.8,560.9,556.4,552.1,550.4,687.3,690.7,701.3,713.0,718.8,715.5,704.8,692.3,677.1,683.5,693.0,705.5,717.3,725.7,730.9,726.2,718.6,708.8,697.0,685.6,698.1,703.3,708.0,709.5,706.9,701.7,697.0,695.5,344.8,334.4,330.0,334.2,344.6,355.5,359.3,355.1,349.8,342.5,338.2,335.4,336.5,341.2,349.0,353.6,356.8,358.5,357.8,354.9,348.5,350.3,348.5,344.1,339.8,338.1,339.9,344.2,342.5,330.5,325.0,329.0,340.4,352.4,357.9,354.9,350.1,341.7,335.8,333.2,335.2,339.4,346.5,350.4,352.6,353.7,353.6,353.0,347.4,349.2,346.8,341.4,336.4,334.6,337.0,342.4,-37.7,-36.1,-32.1,-28.1,-26.2,-27.5,-31.8,-35.9,-42.4,-40.5,-37.0,-32.1,-27.2,-23.8,-21.5,-24.0,-27.9,-32.2,-36.2,-39.9,-33.5,-31.8,-30.2,-29.5,-30.3,-32.0,-33.6,-34.3,17.3,18.6,22.5,26.8,28.9,27.7,23.7,19.1,13.6,15.9,19.4,24.0,28.4,31.5,33.5,31.7,28.8,25.2,20.8,16.7,21.3,23.2,25.0,25.5,24.6,22.7,20.9,20.3,-5.8,-9.8,-11.5,-9.8,-5.9,-1.7,-0.3,-1.9,-3.9,-6.7,-8.3,-9.4,-9.0,-7.2,-4.2,-2.4,-1.2,-0.6,-0.8,-1.9,-4.4,-3.7,-4.4,-6.1,-7.7,-8.4,-7.7,-6.1,-6.4,-10.8,-12.9,-11.4,-7.2,-2.8,-0.8,-1.9,-3.6,-6.7,-8.8,-9.8,-9.1,-7.6,-5.0,-3.5,-2.7,-2.3,-2.4,-2.6,-4.6,-3.9,-4.9,-6.8,-8.7,-9.3,-8.4,-6.5,1147.8,1146.5,1145.6,1145.7,1146.6,1148.2,1148.8,1148.7,1153.2,1149.5,1146.2,1144.3,1145.1,1147.2,1149.9,1149.1,1148.1,1148.2,1149.5,1151.5,1148.6,1148.6,1148.3,1147.7,1147.3,1147.3,1147.7,1148.2,1098.1,1099.2,1100.6,1101.5,1101.3,1100.2,1098.8,1098.1,1098.7,1098.1,1097.9,1098.6,1100.8,1103.7,1106.3,1103.4,1100.3,1098.1,1097.3,1097.8,1099.7,1100.1,1100.7,1101.2,1101.3,1100.9,1100.3,1099.8,-2.5,32.9,1286.2,0.107,-0.055999999999999994,-0.023,458.7,461.5,469.6,481.5,499.9,527.9,561.6,599.9,640.4,677.8,709.2,737.2,759.8,774.6,782.9,788.0,789.2,492.4,510.9,536.6,564.3,589.9,673.3,698.0,721.8,744.0,760.6,634.7,637.1,639.5,641.8,608.0,624.0,640.0,655.8,669.6,526.9,544.9,568.0,586.2,567.2,544.5,676.5,693.2,715.8,732.3,718.3,696.7,583.8,603.5,624.1,640.3,656.3,676.5,691.6,677.5,658.4,640.7,623.2,602.8,594.1,623.8,640.2,656.6,682.5,656.4,639.8,623.0,355.0,401.8,447.0,490.8,530.2,563.7,589.6,608.3,612.8,607.2,587.0,560.9,526.9,486.1,440.9,393.5,347.0,300.9,281.5,274.3,277.3,286.1,283.9,273.9,270.6,274.9,289.7,339.5,371.1,402.0,433.2,452.7,458.2,462.7,457.8,451.9,349.6,337.4,337.6,350.7,357.4,357.6,349.0,335.2,334.4,344.4,353.4,354.6,517.0,498.3,489.5,493.7,489.7,498.3,513.7,536.0,545.2,547.0,545.2,536.4,516.2,507.2,508.0,506.7,514.7,521.7,523.6,522.0,-80.0,-79.0,-75.7,-70.5,-62.1,-49.4,-34.3,-17.4,0.2,16.5,30.5,43.2,53.4,59.9,63.4,65.5,65.9,-63.5,-55.4,-44.2,-32.3,-21.3,14.2,24.8,35.0,44.7,52.0,-2.2,-1.2,-0.2,0.8,-13.6,-6.8,0.0,6.7,12.6,-48.6,-40.7,-30.8,-23.0,-31.2,-40.9,15.7,22.8,32.6,39.8,33.7,24.3,-24.1,-15.6,-6.8,0.1,7.0,15.6,22.2,16.1,7.9,0.3,-7.2,-15.9,-19.7,-6.9,0.1,7.1,18.2,7.0,-0.1,-7.2,-2.2,18.5,38.6,58.2,75.5,89.8,100.3,107.7,109.5,107.7,99.9,89.2,74.4,56.1,35.9,14.8,-5.7,-25.4,-33.7,-36.6,-35.2,-31.4,-32.4,-36.7,-38.3,-36.6,-30.3,-8.7,4.7,17.8,30.9,39.5,41.8,43.7,41.6,39.1,-4.5,-9.7,-9.6,-4.0,-1.1,-1.0,-4.7,-10.7,-11.0,-6.7,-2.9,-2.3,67.4,59.0,55.1,56.9,55.2,59.1,66.2,75.4,79.1,79.8,79.0,75.4,67.0,62.8,63.1,62.5,66.5,69.1,69.8,69.2,1323.9,1327.5,1331.9,1334.2,1330.3,1322.2,1310.8,1301.1,1300.0,1307.1,1320.6,1332.0,1336.3,1335.0,1331.1,1327.5,1325.6,1290.1,1286.8,1282.4,1277.6,1273.9,1275.8,1280.5,1284.8,1288.9,1293.2,1278.5,1274.5,1270.4,1266.5,1278.8,1277.5,1276.4,1276.8,1278.1,1288.9,1285.0,1284.0,1284.3,1284.7,1285.7,1287.2,1287.5,1289.2,1294.0,1289.9,1287.9,1288.2,1279.6,1276.5,1275.8,1276.6,1282.7,1291.4,1284.9,1281.0,1279.6,1279.8,1281.6,1286.1,1279.0,1278.3,1279.1,1288.6,1281.9,1280.8,1281.2,2.3209999999999997,0.141,-0.055,-0.023,634.231,436.51099999999997,-41.192,2.8480000000000003,-28.901999999999997,6.619,5.257000000000001,-3.284,6.0729999999999995,13.745,-9.05,-0.59,-9.958,-5.296,9.231,-0.6,5.0760000000000005,-1.0759999999999998,1.6219999999999999,-4.7669999999999995,-6.487,-2.1719999999999997,-2.0269999999999997,1.756,-0.598,-0.878,-0.198,3.156,0.19399999999999998,0.38,0.057,-1.2590000000000001,1.171,-0.479,0.073,0.7170000000000001,2.04,3.38,0.0,2.0,0.0,0.0,0.0,0.13,0.38,0.0,0.0,0.0,0.0,0.0,2.0,1.54,0.0,1.0,1.0,0.0,1.0,0.0,0.0,0.0,0.0,0.0,0.0,0.0,0.0,0.0,0.0,1.0,1.0,0.0,0.0
72,2.369,0.98,0.05385,0.163156,-0.98513,-0.024935,0.174843,-0.984281,0.015,0.17,541.5,545.5,555.8,566.5,571.2,568.1,556.9,546.2,529.7,534.2,543.2,555.8,568.7,577.9,583.9,577.2,566.9,555.5,545.0,535.9,552.4,556.8,561.0,562.7,560.8,556.4,552.1,550.5,687.2,690.5,701.1,712.8,718.7,715.4,704.8,692.2,677.1,683.5,692.9,705.5,717.2,725.7,730.9,726.2,718.7,708.8,697.0,685.6,698.0,703.2,707.9,709.4,706.7,701.6,696.9,695.4,344.7,334.3,329.9,334.2,344.6,355.7,359.5,355.2,350.0,342.6,338.3,335.4,336.6,341.4,349.0,353.5,356.3,357.9,357.3,354.8,348.5,350.3,348.5,344.2,340.0,338.2,340.0,344.3,342.5,330.5,324.9,328.9,340.2,352.2,357.8,354.8,350.0,341.7,335.9,333.1,335.0,339.1,346.1,350.1,352.3,353.4,353.4,352.9,347.3,349.1,346.6,341.3,336.3,334.5,337.0,342.3,-37.8,-36.3,-32.3,-28.2,-26.4,-27.6,-32.0,-36.1,-42.6,-40.7,-37.1,-32.3,-27.3,-23.8,-21.6,-24.1,-28.1,-32.5,-36.5,-40.1,-33.7,-32.0,-30.3,-29.7,-30.4,-32.1,-33.8,-34.4,17.3,18.5,22.4,26.7,28.9,27.6,23.7,19.1,13.6,15.9,19.4,24.0,28.3,31.5,33.5,31.7,28.8,25.2,20.8,16.7,21.2,23.2,24.9,25.4,24.5,22.6,20.8,20.3,-5.9,-9.9,-11.5,-9.9,-5.9,-1.7,-0.2,-1.9,-3.8,-6.7,-8.3,-9.4,-9.0,-7.2,-4.2,-2.5,-1.4,-0.8,-1.0,-2.0,-4.4,-3.7,-4.4,-6.0,-7.7,-8.4,-7.7,-6.1,-6.4,-10.8,-12.9,-11.4,-7.3,-2.9,-0.8,-1.9,-3.6,-6.7,-8.8,-9.8,-9.2,-7.7,-5.1,-3.7,-2.8,-2.4,-2.4,-2.6,-4.6,-4.0,-4.9,-6.9,-8.7,-9.4,-8.4,-6.5,1152.2,1151.1,1150.3,1150.2,1151.0,1152.4,1153.0,1153.0,1157.7,1154.1,1150.9,1149.0,1149.7,1151.7,1154.2,1153.3,1152.2,1152.4,1153.7,1155.8,1153.0,1152.9,1152.6,1152.1,1151.8,1151.8,1152.2,1152.6,1097.5,1098.6,1100.0,1100.8,1100.7,1099.6,1098.3,1097.5,1098.1,1097.5,1097.3,1098.1,1100.2,1103.2,1105.8,1102.9,1099.8,1097.5,1096.7,1097.2,1099.1,1099.5,1100.1,1100.6,1100.7,1100.3,1099.7,1099.2,-2.5,32.7,1286.1,0.107,-0.06,-0.023,458.8,461.5,469.3,481.0,498.9,526.7,560.6,599.4,640.2,677.8,709.1,737.0,759.7,774.4,782.7,787.7,788.9,492.3,510.7,536.5,564.2,590.0,672.9,697.7,721.6,743.9,760.6,634.6,637.1,639.6,642.0,607.9,624.0,640.2,656.0,669.9,526.8,544.8,567.8,586.2,567.1,544.5,676.4,693.2,715.7,732.3,718.3,696.7,583.1,603.2,624.1,640.5,656.7,677.1,692.4,678.2,658.9,641.0,623.4,602.6,593.4,623.8,640.4,656.9,683.3,656.8,640.0,623.1,355.3,401.7,446.5,489.9,529.0,562.5,588.5,607.4,612.0,606.6,586.7,560.7,526.8,486.0,440.7,393.3,346.7,301.0,281.6,274.3,277.3,286.1,283.9,273.8,270.5,274.8,289.6,339.4,371.1,401.9,433.2,452.4,458.0,462.5,457.5,451.5,349.6,337.4,337.6,350.6,357.3,357.5,348.9,335.1,334.3,344.2,353.1,354.4,516.3,497.8,489.1,493.2,489.2,497.6,512.9,535.3,544.6,546.4,544.7,535.9,515.6,506.7,507.4,506.1,513.9,521.3,523.1,521.6,-79.9,-79.0,-75.7,-70.7,-62.6,-49.9,-34.7,-17.6,0.1,16.5,30.4,43.1,53.3,59.8,63.4,65.4,65.8,-63.5,-55.5,-44.3,-32.3,-21.2,14.0,24.6,34.9,44.6,52.0,-2.3,-1.2,-0.2,0.8,-13.7,-6.8,0.1,6.8,12.8,-48.6,-40.8,-30.9,-23.0,-31.2,-40.9,15.6,22.8,32.5,39.8,33.7,24.3,-24.5,-15.7,-6.8,0.2,7.1,15.9,22.6,16.4,8.1,0.4,-7.1,-16.0,-20.0,-6.9,0.2,7.2,18.6,7.2,-0.0,-7.2,-2.1,18.5,38.4,57.7,74.9,89.3,99.8,107.3,109.2,107.4,99.8,89.1,74.3,56.1,35.8,14.7,-5.9,-25.4,-33.6,-36.6,-35.2,-31.4,-32.4,-36.8,-38.3,-36.6,-30.3,-8.8,4.7,17.8,30.9,39.4,41.7,43.6,41.5,39.0,-4.5,-9.7,-9.6,-4.0,-1.2,-1.1,-4.8,-10.7,-11.1,-6.8,-3.0,-2.4,67.1,58.8,54.9,56.6,55.0,58.8,65.8,75.1,78.8,79.5,78.8,75.1,66.7,62.5,62.8,62.3,66.1,68.9,69.6,69.0,1323.5,1327.0,1331.3,1333.6,1330.1,1322.2,1310.7,1300.8,1299.7,1306.9,1320.8,1332.4,1336.9,1335.8,1331.8,1328.2,1326.2,1290.1,1286.7,1282.3,1277.4,1273.6,1275.6,1280.3,1284.7,1288.9,1293.3,1278.3,1274.3,1270.2,1266.3,1278.6,1277.3,1276.2,1276.7,1278.0,1288.8,1285.0,1283.9,1284.2,1284.6,1285.6,1287.1,1287.6,1289.3,1294.1,1289.9,1287.9,1288.3,1279.5,1276.3,1275.6,1276.4,1282.6,1291.7,1284.9,1280.7,1279.3,1279.5,1281.5,1286.2,1278.8,1278.1,1278.9,1288.8,1281.7,1280.5,1281.0,2.3209999999999997,0.141,-0.06,-0.023,634.1759999999999,436.163,-39.905,1.557,-28.115,6.207000000000001,4.74,-3.077,5.537999999999999,14.173,-9.21,-0.031,-9.964,-5.565,9.105,-0.583,4.918,-0.934,1.87,-4.846,-6.557,-2.05,-1.946,1.821,-0.612,-0.975,-0.408,3.105,0.14,0.462,0.003,-1.24,1.268,-0.48200000000000004,0.068,0.6709999999999999,2.1,3.37,0.0,1.96,0.0,0.0,0.0,0.21,0.41,0.0,0.0,0.0,0.0,0.0,1.94,1.37,0.0,1.0,1.0,0.0,1.0,0.0,0.0,0.0,0.0,0.0,0.0,0.0,0.0,0.0,0.0,1.0,1.0,0.0,0.0
73,2.4019999999999997,0.98,0.058045000000000006,0.173122,-0.983188,-0.021351,0.178958,-0.983625,0.019,0.177,541.5,545.6,556.1,566.7,571.3,568.0,556.7,546.1,529.7,534.3,543.1,555.7,568.7,578.1,584.4,577.3,566.6,554.9,544.5,535.6,552.3,556.8,561.3,563.0,561.1,556.6,552.1,550.4,687.5,690.8,701.4,713.0,718.8,715.5,704.9,692.4,677.0,683.5,693.0,705.7,717.6,725.9,731.0,726.3,718.8,708.9,697.0,685.5,698.2,703.3,708.0,709.5,706.9,701.8,697.1,695.6,345.1,334.4,330.1,334.6,345.3,356.6,360.3,355.8,350.0,342.9,338.7,336.1,337.7,342.5,349.7,354.0,356.3,357.6,357.1,354.7,349.4,351.3,349.5,344.9,340.4,338.5,340.3,344.8,343.1,331.0,325.3,329.3,340.6,352.7,358.5,355.5,350.7,342.3,336.5,333.7,335.6,339.7,346.6,350.6,352.9,354.0,354.0,353.5,347.8,349.6,347.0,341.7,336.6,334.9,337.4,342.8,-37.7,-36.0,-32.0,-28.0,-26.2,-27.5,-31.8,-35.9,-42.4,-40.5,-37.0,-32.1,-27.2,-23.7,-21.3,-24.0,-28.0,-32.5,-36.6,-40.0,-33.5,-31.8,-30.1,-29.4,-30.2,-31.9,-33.6,-34.3,17.3,18.5,22.4,26.6,28.8,27.5,23.6,19.1,13.5,15.8,19.3,23.9,28.3,31.4,33.4,31.6,28.7,25.1,20.7,16.5,21.2,23.1,24.8,25.3,24.4,22.5,20.8,20.2,-5.7,-9.8,-11.4,-9.7,-5.6,-1.3,0.1,-1.6,-3.8,-6.6,-8.2,-9.1,-8.5,-6.7,-3.9,-2.3,-1.4,-0.9,-1.1,-2.0,-4.1,-3.3,-4.0,-5.8,-7.5,-8.2,-7.5,-5.8,-6.1,-10.5,-12.6,-11.2,-7.1,-2.7,-0.6,-1.6,-3.4,-6.4,-8.6,-9.6,-8.9,-7.4,-4.9,-3.4,-2.6,-2.2,-2.2,-2.4,-4.4,-3.8,-4.7,-6.7,-8.5,-9.2,-8.2,-6.3,1146.8,1145.9,1145.0,1144.7,1145.1,1146.3,1147.0,1147.3,1152.5,1149.1,1145.8,1143.8,1144.2,1145.9,1148.0,1147.0,1146.0,1146.3,1147.9,1150.3,1147.3,1147.2,1146.8,1146.4,1146.2,1146.4,1146.7,1147.1,1091.1,1092.0,1093.3,1094.3,1094.4,1093.5,1092.2,1091.3,1091.8,1091.1,1090.9,1091.6,1093.9,1097.0,1099.8,1096.8,1093.7,1091.4,1090.5,1091.0,1092.9,1093.3,1093.9,1094.3,1094.3,1093.8,1093.2,1092.8,-2.5,32.9,1285.2,0.11599999999999999,-0.062,-0.021,459.0,461.5,469.1,480.7,498.5,526.2,560.2,598.8,639.6,677.2,708.4,736.4,759.2,774.2,782.7,787.7,788.8,492.7,511.1,536.8,564.5,590.2,672.9,697.4,721.1,743.3,760.2,634.6,637.1,639.7,642.1,607.8,624.0,640.3,656.1,670.1,526.7,544.8,567.7,586.2,567.0,544.5,676.5,693.4,715.8,732.5,718.4,696.8,582.8,603.3,624.3,640.5,656.5,676.9,692.4,678.0,658.6,640.9,623.5,602.7,593.2,624.0,640.4,656.7,683.4,656.6,639.9,623.2,355.2,401.4,446.1,489.2,528.2,561.6,587.5,606.5,611.4,606.3,586.6,560.8,527.0,486.1,440.8,393.3,346.7,301.6,282.4,275.3,278.4,287.2,285.0,274.9,271.4,275.5,290.1,340.0,371.8,402.9,434.3,453.1,458.7,463.3,458.2,452.2,349.8,337.9,338.2,351.1,357.6,357.8,349.5,335.7,334.9,344.6,353.5,354.9,516.1,498.4,490.0,494.2,490.2,498.4,512.9,535.1,544.3,546.0,544.3,535.5,515.6,507.2,508.1,506.8,514.0,521.3,523.0,521.5,-79.8,-78.9,-75.8,-70.8,-62.7,-50.1,-34.9,-17.9,-0.2,16.2,30.1,42.8,53.1,59.8,63.4,65.4,65.8,-63.3,-55.2,-44.1,-32.1,-21.1,14.0,24.5,34.7,44.3,51.7,-2.3,-1.2,-0.1,0.9,-13.7,-6.8,0.1,6.9,12.8,-48.6,-40.8,-30.9,-23.0,-31.2,-40.9,15.6,22.9,32.6,39.8,33.7,24.4,-24.5,-15.6,-6.7,0.2,7.0,15.8,22.6,16.2,7.9,0.4,-7.0,-15.9,-20.1,-6.8,0.2,7.1,18.6,7.1,-0.0,-7.2,-2.1,18.3,38.2,57.4,74.6,88.9,99.4,106.9,108.9,107.3,99.8,89.2,74.4,56.2,35.9,14.7,-5.9,-25.1,-33.3,-36.2,-34.7,-30.9,-31.8,-36.3,-37.9,-36.3,-30.1,-8.5,5.0,18.1,31.3,39.7,42.0,43.9,41.8,39.3,-4.4,-9.5,-9.3,-3.8,-1.0,-1.0,-4.5,-10.4,-10.8,-6.6,-2.8,-2.2,67.0,59.0,55.3,57.0,55.4,59.1,65.8,75.0,78.6,79.3,78.5,74.9,66.7,62.7,63.0,62.5,66.2,68.9,69.5,68.9,1322.6,1326.0,1330.4,1332.9,1329.8,1322.1,1310.6,1300.7,1299.5,1306.8,1320.8,1332.6,1337.3,1336.2,1332.1,1328.3,1326.2,1288.9,1285.5,1281.0,1276.0,1272.1,1274.0,1278.6,1283.1,1287.3,1291.5,1276.9,1272.8,1268.6,1264.6,1277.4,1276.0,1274.8,1275.4,1276.8,1287.9,1283.9,1282.8,1283.0,1283.5,1284.5,1285.8,1286.2,1287.9,1292.7,1288.6,1286.6,1287.7,1278.8,1275.4,1274.7,1275.6,1281.9,1291.2,1284.1,1279.8,1278.4,1278.6,1280.8,1285.6,1277.9,1277.2,1278.1,1288.3,1280.8,1279.6,1280.1,2.323,0.149,-0.062,-0.021,634.095,436.46,-36.972,0.313,-27.52,6.531000000000001,4.551,-2.055,5.996,14.355,-9.683,0.145,-9.469,-5.106,9.453,-1.255,4.373,-1.3159999999999998,1.974,-4.718,-6.855,-1.912,-1.771,1.9669999999999999,-0.48,-0.8909999999999999,-0.32,2.8539999999999996,-0.066,0.64,-0.055999999999999994,-1.088,1.3090000000000002,-0.603,0.044000000000000004,0.6709999999999999,2.09,3.35,0.0,1.87,0.0,0.0,0.0,0.28,0.47,0.0,0.0,0.0,0.0,0.0,1.85,1.19,0.0,1.0,1.0,0.0,1.0,0.0,0.0,0.0,0.0,0.0,0.0,0.0,0.0,0.0,0.0,1.0,1.0,0.0,0.0
74,2.436,0.98,0.052641999999999994,0.178289,-0.982569,-0.025695999999999997,0.175205,-0.984197,0.013999999999999999,0.17800000000000002,541.5,545.6,555.9,566.5,571.1,567.9,556.7,546.1,529.7,534.3,543.2,555.9,568.9,578.1,584.1,577.2,566.7,555.1,544.7,535.8,552.3,556.7,561.1,562.8,560.9,556.4,552.1,550.4,687.3,690.6,701.1,712.8,718.7,715.4,704.9,692.4,676.9,683.4,692.9,705.6,717.5,725.9,730.9,726.2,718.6,708.7,696.9,685.4,698.1,703.2,707.9,709.3,706.7,701.6,696.9,695.5,345.6,335.2,330.9,335.3,345.8,356.9,360.6,356.1,350.5,343.3,339.1,336.5,338.0,342.7,350.1,354.4,357.0,358.3,357.7,355.2,349.7,351.5,349.8,345.4,341.0,339.2,340.9,345.3,343.5,331.4,325.6,329.5,340.8,353.0,358.8,355.9,351.4,342.9,336.9,334.1,336.0,340.1,347.0,350.9,353.1,354.3,354.4,354.0,348.2,349.9,347.3,341.9,336.9,335.2,337.8,343.1,-37.8,-36.3,-32.3,-28.2,-26.4,-27.7,-32.0,-36.1,-42.6,-40.7,-37.2,-32.2,-27.3,-23.8,-21.5,-24.2,-28.2,-32.6,-36.7,-40.2,-33.7,-32.0,-30.3,-29.7,-30.4,-32.1,-33.8,-34.4,17.2,18.4,22.2,26.5,28.7,27.5,23.6,19.0,13.4,15.7,19.2,23.8,28.2,31.4,33.3,31.5,28.6,25.0,20.7,16.5,21.1,23.0,24.7,25.3,24.3,22.4,20.7,20.2,-5.5,-9.5,-11.2,-9.5,-5.4,-1.2,0.2,-1.5,-3.7,-6.4,-8.0,-9.0,-8.4,-6.6,-3.8,-2.2,-1.2,-0.7,-0.9,-1.8,-4.0,-3.2,-3.9,-5.6,-7.3,-8.0,-7.3,-5.7,-6.0,-10.4,-12.5,-11.1,-7.0,-2.6,-0.4,-1.5,-3.1,-6.2,-8.4,-9.4,-8.8,-7.3,-4.8,-3.3,-2.5,-2.1,-2.0,-2.2,-4.3,-3.7,-4.6,-6.6,-8.4,-9.0,-8.1,-6.1,1153.1,1152.0,1151.1,1150.9,1151.6,1153.0,1153.6,1153.7,1158.7,1155.1,1151.8,1149.8,1150.4,1152.3,1154.7,1153.7,1152.6,1152.9,1154.4,1156.6,1153.7,1153.6,1153.2,1152.8,1152.5,1152.6,1152.9,1153.4,1089.9,1090.8,1092.1,1093.1,1093.2,1092.3,1090.9,1090.1,1090.4,1089.8,1089.5,1090.3,1092.6,1095.7,1098.4,1095.5,1092.4,1090.1,1089.2,1089.7,1091.6,1092.1,1092.7,1093.1,1093.0,1092.6,1092.0,1091.6,-2.6,33.0,1288.9,0.122,-0.06,-0.02,458.9,461.6,469.3,480.6,498.2,525.6,559.4,598.0,639.0,677.0,708.6,736.8,759.6,774.5,782.8,787.7,788.8,492.6,511.3,537.0,564.6,590.3,672.7,697.1,720.8,743.1,760.2,634.6,637.0,639.5,641.8,607.5,623.8,640.1,656.0,670.1,526.8,544.9,567.8,586.2,567.0,544.6,676.5,693.2,715.7,732.4,718.3,696.7,581.8,602.8,624.1,640.2,656.2,676.8,692.9,677.9,658.3,640.7,623.3,602.1,592.0,623.8,640.1,656.5,683.9,656.3,639.7,623.0,355.0,401.3,446.0,489.0,527.7,560.8,586.2,604.9,609.7,604.8,585.5,560.1,526.5,485.8,440.8,393.5,347.1,301.7,282.8,276.0,279.2,288.2,286.0,275.7,272.1,275.8,290.1,340.6,372.5,403.6,435.0,453.6,459.2,463.8,458.7,452.7,350.3,338.3,338.7,351.7,358.1,358.2,350.1,336.1,335.2,345.0,353.9,355.3,515.7,498.7,490.6,494.8,490.8,498.6,512.4,534.5,543.6,545.3,543.6,535.0,515.3,507.5,508.3,507.0,513.7,521.2,522.8,521.3,-80.1,-79.1,-75.9,-71.0,-63.0,-50.5,-35.3,-18.3,-0.4,16.2,30.3,43.1,53.5,60.1,63.6,65.5,65.9,-63.5,-55.3,-44.1,-32.1,-21.1,13.9,24.4,34.6,44.3,51.9,-2.3,-1.3,-0.2,0.8,-13.9,-6.9,0.1,6.8,12.8,-48.7,-40.8,-31.0,-23.1,-31.3,-41.0,15.7,22.9,32.6,39.9,33.7,24.4,-25.1,-15.9,-6.8,0.1,6.9,15.8,22.9,16.3,7.8,0.3,-7.1,-16.2,-20.6,-6.9,0.1,7.0,18.9,7.0,-0.1,-7.3,-2.2,18.3,38.2,57.5,74.6,88.8,99.1,106.5,108.5,106.9,99.6,89.1,74.4,56.2,36.0,14.9,-5.7,-25.1,-33.2,-36.0,-34.5,-30.5,-31.5,-36.0,-37.7,-36.2,-30.1,-8.3,5.3,18.5,31.7,40.0,42.3,44.3,42.1,39.6,-4.2,-9.3,-9.1,-3.6,-0.8,-0.8,-4.3,-10.3,-10.7,-6.5,-2.6,-2.0,67.1,59.3,55.7,57.5,55.8,59.4,65.8,74.9,78.6,79.2,78.5,74.9,66.8,63.0,63.3,62.8,66.2,69.0,69.7,69.0,1326.4,1329.7,1334.0,1336.6,1333.5,1325.9,1314.3,1304.2,1302.7,1309.9,1324.3,1336.3,1341.0,1339.7,1335.5,1331.6,1329.6,1292.1,1288.6,1284.1,1279.1,1275.0,1277.1,1281.7,1286.0,1290.1,1294.4,1280.2,1276.3,1272.2,1268.4,1281.2,1279.7,1278.5,1279.0,1280.4,1291.2,1287.2,1286.1,1286.5,1286.8,1287.8,1289.1,1289.5,1291.1,1295.9,1291.8,1289.9,1292.1,1283.1,1279.5,1278.9,1279.7,1286.1,1295.5,1288.1,1283.5,1282.1,1282.4,1284.9,1290.0,1281.9,1281.2,1282.1,1292.6,1284.6,1283.4,1283.9,2.316,0.155,-0.06,-0.02,633.953,436.532,-37.325,0.026000000000000002,-27.456,4.718999999999999,5.252999999999999,-0.765,5.395,14.683,-9.732999999999999,1.307,-9.546,-4.768,8.779,-1.242,4.026,-0.825,2.7310000000000003,-4.987,-7.189,-1.6769999999999998,-1.36,2.036,-0.542,-0.938,-0.261,2.846,-0.131,0.5820000000000001,-0.064,-1.1079999999999999,1.337,-0.569,0.013000000000000001,0.718,2.1,3.35,0.0,1.89,0.0,0.0,0.0,0.22,0.49,0.0,0.0,0.0,0.0,0.0,1.76,1.13,0.0,1.0,1.0,0.0,1.0,0.0,0.0,0.0,0.0,0.0,0.0,0.0,0.0,0.0,0.0,1.0,1.0,0.0,0.0
75,2.469,0.98,0.051774,0.17999500000000002,-0.9823040000000001,-0.02963,0.178086,-0.983569,0.011000000000000001,0.18,541.4,545.5,555.8,566.4,571.1,567.9,556.7,546.1,529.8,534.3,543.2,555.8,568.8,578.0,584.0,577.1,566.6,555.1,544.7,535.8,552.3,556.7,561.0,562.7,560.8,556.4,552.0,550.4,687.3,690.6,701.2,712.9,718.8,715.5,704.9,692.3,677.0,683.5,693.1,705.8,717.6,725.8,730.8,726.2,718.8,709.0,697.1,685.6,698.0,703.2,708.0,709.4,706.8,701.6,696.8,695.3,345.9,335.4,331.1,335.5,346.0,357.1,360.8,356.4,350.5,343.3,339.2,336.6,338.0,342.7,350.1,354.6,357.3,358.6,358.0,355.4,349.9,351.7,349.9,345.6,341.2,339.4,341.1,345.5,343.7,331.4,325.5,329.5,341.0,353.3,359.1,356.2,351.4,342.9,336.9,334.1,336.0,340.0,346.9,350.9,353.2,354.5,354.6,354.1,348.4,350.2,347.6,342.1,337.0,335.2,337.8,343.3,-37.9,-36.3,-32.3,-28.2,-26.5,-27.7,-32.1,-36.1,-42.6,-40.7,-37.2,-32.3,-27.3,-23.8,-21.6,-24.2,-28.2,-32.7,-36.7,-40.2,-33.8,-32.1,-30.4,-29.7,-30.5,-32.2,-33.8,-34.5,17.1,18.3,22.1,26.4,28.5,27.3,23.4,18.9,13.3,15.7,19.1,23.8,28.1,31.2,33.0,31.3,28.5,24.9,20.6,16.5,21.0,22.9,24.6,25.1,24.2,22.3,20.5,20.0,-5.4,-9.4,-11.1,-9.4,-5.4,-1.1,0.3,-1.4,-3.7,-6.4,-8.0,-9.0,-8.4,-6.6,-3.8,-2.1,-1.0,-0.5,-0.8,-1.8,-3.9,-3.2,-3.9,-5.5,-7.2,-7.9,-7.3,-5.6,-5.9,-10.3,-12.5,-11.0,-6.9,-2.4,-0.3,-1.4,-3.1,-6.2,-8.3,-9.4,-8.7,-7.2,-4.8,-3.3,-2.4,-2.0,-2.0,-2.1,-4.2,-3.5,-4.5,-6.5,-8.3,-9.0,-8.0,-6.0,1154.0,1152.8,1151.9,1151.8,1152.5,1153.9,1154.6,1154.7,1159.5,1155.9,1152.6,1150.6,1151.2,1153.1,1155.5,1154.6,1153.5,1153.8,1155.3,1157.4,1154.6,1154.6,1154.2,1153.7,1153.4,1153.4,1153.8,1154.3,1082.8,1083.7,1085.1,1086.2,1086.3,1085.4,1084.0,1083.1,1083.3,1082.7,1082.5,1083.4,1085.8,1088.9,1091.7,1088.7,1085.6,1083.2,1082.3,1082.6,1084.6,1085.1,1085.8,1086.2,1086.1,1085.6,1085.0,1084.6,-2.6,32.9,1291.8,0.12300000000000001,-0.06,-0.02,459.2,461.8,469.4,480.4,497.6,524.9,558.7,597.8,639.1,677.2,708.9,737.1,760.0,774.8,783.0,787.8,788.9,492.6,511.2,536.9,564.8,590.6,672.5,697.2,721.1,743.6,760.7,634.6,637.0,639.5,641.8,607.3,623.7,640.1,656.1,670.2,526.8,544.8,567.7,586.1,567.0,544.5,676.7,693.3,715.7,732.5,718.4,696.8,581.4,602.7,624.0,640.2,656.2,676.8,693.2,677.9,658.3,640.6,623.3,602.1,591.6,623.7,640.1,656.4,684.2,656.3,639.7,623.0,354.8,400.9,445.3,488.1,526.6,559.5,584.7,603.5,608.3,603.4,584.3,559.1,525.7,485.1,440.2,393.1,346.8,302.2,283.2,276.4,279.5,288.5,286.3,276.0,272.4,276.2,290.7,340.9,372.7,403.7,435.1,453.5,459.2,463.9,458.7,452.6,350.4,338.4,338.8,351.8,358.3,358.4,350.2,336.1,335.2,345.0,354.0,355.4,515.3,498.7,490.8,494.9,491.0,498.5,511.9,533.5,542.4,544.1,542.4,534.0,514.9,507.4,508.3,507.0,513.2,520.3,521.9,520.4,-80.1,-79.1,-76.0,-71.2,-63.4,-51.0,-35.7,-18.4,-0.4,16.3,30.5,43.4,53.8,60.3,63.8,65.7,66.1,-63.7,-55.5,-44.2,-32.2,-21.0,13.9,24.5,34.8,44.6,52.2,-2.3,-1.3,-0.2,0.7,-14.0,-7.0,0.0,6.9,12.9,-48.8,-40.9,-31.0,-23.2,-31.4,-41.1,15.8,23.0,32.7,40.0,33.8,24.5,-25.3,-16.0,-6.9,0.1,6.9,15.8,23.0,16.3,7.8,0.3,-7.1,-16.3,-20.8,-7.0,0.0,7.0,19.1,7.0,-0.1,-7.3,-2.3,18.2,38.0,57.2,74.2,88.4,98.7,106.1,108.0,106.5,99.2,88.9,74.2,56.0,35.8,14.7,-5.9,-25.0,-33.1,-35.9,-34.4,-30.5,-31.4,-36.0,-37.6,-36.1,-30.0,-8.2,5.4,18.6,31.8,40.0,42.4,44.4,42.2,39.6,-4.1,-9.3,-9.1,-3.5,-0.7,-0.7,-4.2,-10.3,-10.7,-6.5,-2.6,-2.0,67.1,59.5,55.9,57.6,56.0,59.5,65.8,74.7,78.2,78.8,78.1,74.7,66.8,63.1,63.5,63.0,66.2,68.8,69.4,68.8,1329.4,1332.6,1336.8,1339.3,1336.4,1328.8,1317.3,1306.9,1305.3,1312.5,1327.0,1339.2,1344.0,1342.8,1338.5,1334.6,1332.6,1295.3,1291.7,1287.1,1282.0,1277.9,1279.9,1284.5,1288.9,1293.1,1297.5,1283.0,1279.2,1275.3,1271.5,1284.3,1282.8,1281.6,1282.1,1283.4,1294.2,1290.2,1289.0,1289.5,1289.8,1290.8,1292.0,1292.4,1294.0,1298.9,1294.8,1292.9,1295.2,1286.2,1282.7,1282.0,1282.8,1289.3,1298.7,1291.0,1286.2,1284.8,1285.1,1287.8,1293.1,1285.0,1284.2,1285.1,1295.8,1287.3,1286.2,1286.8,2.311,0.156,-0.06,-0.02,633.967,436.236,-36.594,-0.556,-27.954,3.59,5.358,-0.40399999999999997,4.306,14.442,-9.374,1.923,-9.82,-4.702,8.555,-1.092,3.965,-0.261,2.74,-5.041,-7.063,-1.371,-1.4169999999999998,2.18,-0.623,-0.9420000000000001,-0.341,2.91,-0.26899999999999996,0.645,-0.048,-1.105,1.31,-0.568,0.048,0.754,2.15,3.39,0.0,1.84,0.0,0.0,0.0,0.15,0.53,0.0,0.0,0.0,0.0,0.0,1.67,0.99,0.0,1.0,1.0,0.0,1.0,0.0,0.0,0.0,0.0,0.0,0.0,0.0,0.0,0.0,0.0,1.0,1.0,0.0,0.0
76,2.503,0.98,0.052253999999999995,0.17772000000000002,-0.982693,-0.028357,0.172976,-0.984518,0.012,0.17600000000000002,541.6,545.6,556.0,566.6,571.3,568.2,556.9,546.3,529.8,534.3,543.2,555.9,569.1,578.3,584.6,577.5,566.9,555.3,544.8,535.9,552.5,556.9,561.3,563.0,561.1,556.6,552.2,550.5,687.3,690.6,701.2,712.9,718.8,715.5,704.9,692.3,677.0,683.5,693.0,705.8,717.6,725.9,730.8,726.2,718.8,709.1,697.2,685.6,698.0,703.3,708.0,709.4,706.8,701.6,696.9,695.4,345.6,335.1,330.8,335.3,345.8,356.9,360.6,356.2,350.4,343.3,339.1,336.5,338.0,342.8,350.3,354.5,357.0,358.3,357.7,355.2,349.7,351.6,349.8,345.4,340.9,339.0,340.8,345.3,343.5,331.2,325.3,329.3,340.7,353.0,358.9,356.0,351.3,342.8,336.9,334.1,335.9,340.0,346.8,350.8,353.2,354.5,354.5,354.0,348.2,349.9,347.3,341.8,336.7,335.0,337.6,343.1,-37.5,-35.9,-31.9,-27.9,-26.1,-27.4,-31.7,-35.7,-42.2,-40.4,-36.8,-31.9,-27.0,-23.5,-21.1,-23.8,-27.8,-32.3,-36.3,-39.8,-33.4,-31.7,-30.0,-29.3,-30.1,-31.8,-33.5,-34.1,17.1,18.3,22.2,26.4,28.6,27.4,23.5,18.9,13.4,15.7,19.1,23.8,28.1,31.2,33.1,31.3,28.6,25.0,20.7,16.5,21.0,22.9,24.6,25.2,24.2,22.3,20.6,20.1,-5.5,-9.5,-11.1,-9.4,-5.4,-1.2,0.2,-1.4,-3.7,-6.4,-7.9,-8.9,-8.3,-6.5,-3.7,-2.1,-1.1,-0.6,-0.9,-1.9,-3.9,-3.2,-3.9,-5.6,-7.3,-8.0,-7.3,-5.6,-6.0,-10.4,-12.6,-11.1,-7.0,-2.5,-0.4,-1.5,-3.1,-6.2,-8.4,-9.4,-8.7,-7.3,-4.8,-3.3,-2.5,-2.0,-2.0,-2.2,-4.3,-3.6,-4.6,-6.6,-8.4,-9.1,-8.1,-6.1,1143.1,1141.9,1140.9,1140.8,1141.4,1142.9,1143.6,1143.8,1148.8,1145.1,1141.7,1139.7,1140.2,1142.1,1144.5,1143.5,1142.5,1142.8,1144.3,1146.6,1143.7,1143.6,1143.2,1142.7,1142.4,1142.5,1142.9,1143.4,1084.4,1085.3,1086.7,1087.8,1087.9,1087.1,1085.7,1084.7,1085.0,1084.3,1084.2,1085.0,1087.3,1090.4,1093.2,1090.3,1087.2,1084.9,1083.9,1084.3,1086.3,1086.7,1087.4,1087.8,1087.7,1087.2,1086.6,1086.2,-2.6,32.8,1291.4,0.125,-0.059000000000000004,-0.02,459.2,461.9,469.6,480.6,497.7,524.8,558.5,597.3,638.6,676.9,708.8,737.3,760.2,775.0,783.1,787.8,788.9,492.4,511.0,536.8,564.7,590.8,672.3,696.9,720.9,743.4,760.7,634.7,637.1,639.5,641.8,607.4,623.8,640.2,656.2,670.3,526.9,545.0,567.9,586.4,567.2,544.7,676.5,693.3,715.8,732.6,718.4,696.8,580.7,602.5,624.1,640.2,656.2,676.9,693.8,678.1,658.2,640.6,623.4,601.8,591.0,623.8,640.1,656.4,684.8,656.3,639.7,623.1,354.0,400.2,444.6,487.3,525.7,558.5,583.6,602.5,607.7,603.0,584.0,558.7,525.1,484.5,439.7,392.7,346.5,302.4,283.3,276.4,279.5,288.5,286.4,276.0,272.5,276.2,290.7,340.7,372.6,403.6,435.1,453.4,459.1,463.8,458.6,452.5,350.2,338.3,338.7,351.8,358.2,358.3,350.2,336.0,335.1,345.0,353.9,355.3,514.3,498.2,490.6,494.7,490.8,498.1,511.0,532.9,541.9,543.5,541.8,533.3,514.0,507.1,508.0,506.7,512.4,519.8,521.4,519.9,-80.1,-79.1,-75.9,-71.2,-63.4,-51.0,-35.8,-18.6,-0.6,16.2,30.4,43.4,53.9,60.4,63.8,65.8,66.2,-63.7,-55.5,-44.3,-32.2,-21.0,13.8,24.4,34.7,44.6,52.2,-2.3,-1.3,-0.2,0.8,-14.0,-6.9,0.1,6.9,13.0,-48.8,-40.9,-31.0,-23.1,-31.3,-41.0,15.7,22.9,32.7,40.1,33.8,24.5,-25.6,-16.1,-6.8,0.1,6.9,15.9,23.3,16.4,7.8,0.3,-7.1,-16.4,-21.1,-6.9,0.0,7.0,19.3,7.0,-0.1,-7.2,-2.6,17.9,37.7,56.8,73.8,87.9,98.2,105.7,107.8,106.3,99.1,88.7,74.0,55.7,35.5,14.6,-6.0,-24.9,-33.0,-35.9,-34.4,-30.4,-31.4,-35.9,-37.6,-36.1,-30.0,-8.2,5.4,18.5,31.8,40.0,42.4,44.3,42.1,39.6,-4.2,-9.3,-9.2,-3.5,-0.8,-0.7,-4.2,-10.3,-10.7,-6.5,-2.6,-2.0,66.6,59.2,55.8,57.5,55.9,59.3,65.4,74.4,77.9,78.6,77.9,74.4,66.4,63.0,63.3,62.8,65.8,68.5,69.1,68.5,1329.5,1332.6,1336.6,1339.1,1336.3,1328.8,1317.4,1306.9,1305.3,1312.4,1327.1,1339.3,1344.1,1342.9,1338.6,1334.8,1332.9,1295.3,1291.5,1286.9,1281.6,1277.4,1279.4,1284.1,1288.5,1292.7,1297.1,1282.6,1278.7,1274.6,1270.8,1283.9,1282.3,1281.0,1281.6,1282.9,1294.0,1289.9,1288.7,1289.1,1289.5,1290.5,1291.7,1292.1,1293.7,1298.5,1294.4,1292.5,1295.3,1286.1,1282.3,1281.6,1282.4,1289.0,1298.7,1290.6,1285.6,1284.2,1284.6,1287.5,1293.1,1284.7,1283.9,1284.7,1295.7,1286.8,1285.6,1286.2,2.312,0.157,-0.06,-0.02,633.974,435.897,-34.825,-0.9490000000000001,-27.052,3.5260000000000002,5.1610000000000005,0.024,3.923,14.41,-9.624,2.173,-10.189,-4.375,8.397,-1.177,3.596,-0.531,3.137,-5.005,-7.172999999999999,-1.392,-1.173,2.04,-0.44799999999999995,-0.608,-0.322,3.0069999999999997,-0.379,0.675,-0.004,-1.062,1.31,-0.575,0.034,0.68,2.17,3.44,0.0,1.83,0.0,0.0,0.0,0.08,0.54,0.0,0.0,0.0,0.0,0.0,1.63,0.88,0.0,1.0,1.0,0.0,1.0,0.0,0.0,0.0,0.0,0.0,0.0,0.0,0.0,0.0,0.0,1.0,1.0,0.0,0.0
77,2.536,0.98,0.05140700000000001,0.17812,-0.982665,-0.030381000000000002,0.173533,-0.984359,0.011000000000000001,0.177,541.7,545.7,556.1,566.8,571.4,568.3,557.1,546.4,529.9,534.4,543.3,555.9,569.0,578.3,584.5,577.6,567.2,555.7,545.2,536.1,552.6,557.0,561.4,563.1,561.1,556.7,552.3,550.6,687.4,690.7,701.3,712.9,718.9,715.6,705.0,692.4,677.1,683.5,693.1,705.8,717.7,725.9,730.9,726.2,718.8,709.1,697.3,685.7,698.1,703.3,708.0,709.5,706.8,701.6,696.9,695.5,345.6,335.2,330.9,335.3,345.8,356.8,360.5,356.1,350.5,343.3,339.1,336.4,337.8,342.6,350.2,354.5,357.2,358.6,357.9,355.3,349.6,351.5,349.7,345.3,340.9,339.0,340.8,345.2,343.4,331.1,325.3,329.2,340.7,352.9,358.8,355.8,351.2,342.7,336.8,334.0,335.8,339.8,346.7,350.8,353.3,354.6,354.6,353.9,348.1,349.8,347.2,341.8,336.7,334.9,337.5,343.0,-37.6,-36.0,-32.0,-27.9,-26.2,-27.4,-31.7,-35.8,-42.3,-40.4,-36.9,-32.0,-27.1,-23.6,-21.2,-23.9,-27.8,-32.2,-36.3,-39.8,-33.4,-31.7,-30.0,-29.4,-30.1,-31.8,-33.5,-34.2,17.1,18.4,22.2,26.5,28.6,27.4,23.5,19.0,13.4,15.8,19.2,23.8,28.2,31.3,33.2,31.4,28.6,25.0,20.7,16.5,21.1,23.0,24.7,25.2,24.3,22.4,20.6,20.1,-5.5,-9.5,-11.1,-9.4,-5.4,-1.2,0.2,-1.5,-3.7,-6.4,-8.0,-9.0,-8.5,-6.6,-3.7,-2.1,-1.1,-0.6,-0.8,-1.8,-4.0,-3.3,-3.9,-5.6,-7.3,-8.0,-7.3,-5.7,-6.0,-10.5,-12.6,-11.2,-7.0,-2.6,-0.4,-1.5,-3.2,-6.3,-8.4,-9.4,-8.8,-7.3,-4.8,-3.3,-2.4,-2.0,-2.0,-2.2,-4.3,-3.7,-4.6,-6.6,-8.5,-9.1,-8.2,-6.2,1146.2,1145.0,1144.1,1144.0,1144.8,1146.3,1146.9,1147.0,1151.9,1148.2,1144.8,1142.8,1143.4,1145.4,1147.9,1147.0,1145.9,1146.2,1147.6,1149.8,1146.9,1146.9,1146.5,1146.0,1145.6,1145.7,1146.1,1146.6,1085.9,1086.8,1088.2,1089.2,1089.4,1088.5,1087.1,1086.2,1086.4,1085.7,1085.6,1086.4,1088.7,1091.8,1094.6,1091.7,1088.6,1086.3,1085.3,1085.7,1087.7,1088.2,1088.8,1089.2,1089.1,1088.7,1088.1,1087.7,-2.5,32.8,1293.8,0.129,-0.057999999999999996,-0.02,459.6,462.2,469.9,481.0,498.3,525.5,558.9,597.3,638.3,676.6,708.6,737.3,760.4,775.2,783.3,787.9,789.0,492.8,511.5,537.1,564.8,590.7,672.5,697.0,720.8,743.2,760.4,634.8,637.1,639.5,641.8,607.7,623.9,640.2,656.1,670.1,527.1,545.1,568.1,586.4,567.3,544.8,676.6,693.3,715.8,732.6,718.5,696.9,581.1,602.7,624.2,640.2,656.1,676.9,693.7,678.0,658.1,640.6,623.4,602.0,591.3,623.9,640.1,656.4,684.7,656.2,639.7,623.1,353.8,399.9,444.3,487.0,525.3,558.1,583.1,602.2,607.3,602.7,583.6,558.2,524.6,484.0,439.3,392.4,346.3,302.0,283.2,276.4,279.5,288.5,286.4,275.9,272.3,276.0,290.3,340.7,372.6,403.7,435.1,453.5,459.2,463.8,458.7,452.7,350.2,338.3,338.7,351.8,358.2,358.3,350.1,336.0,335.0,344.9,353.9,355.4,514.2,498.2,490.6,494.7,490.8,498.1,510.9,532.9,541.9,543.5,541.8,533.2,514.0,507.2,508.1,506.8,512.3,519.7,521.3,519.8,-80.1,-79.1,-75.9,-71.1,-63.2,-50.8,-35.7,-18.6,-0.7,16.0,30.4,43.5,54.0,60.6,64.0,65.9,66.3,-63.6,-55.4,-44.2,-32.2,-21.0,13.9,24.4,34.8,44.5,52.1,-2.2,-1.2,-0.2,0.8,-13.8,-6.9,0.1,6.9,12.9,-48.8,-40.9,-31.0,-23.1,-31.3,-41.0,15.8,23.0,32.7,40.1,33.9,24.5,-25.5,-16.0,-6.8,0.1,6.9,15.9,23.3,16.4,7.8,0.2,-7.1,-16.3,-21.0,-6.9,0.1,7.0,19.3,7.0,-0.1,-7.2,-2.7,17.8,37.6,56.8,73.8,87.9,98.1,105.7,107.8,106.4,99.1,88.6,73.9,55.6,35.4,14.4,-6.1,-25.1,-33.1,-35.9,-34.4,-30.5,-31.5,-36.0,-37.7,-36.2,-30.2,-8.2,5.4,18.6,31.9,40.1,42.5,44.4,42.3,39.7,-4.2,-9.4,-9.2,-3.5,-0.8,-0.7,-4.3,-10.4,-10.8,-6.5,-2.6,-2.0,66.7,59.4,55.9,57.7,56.0,59.4,65.4,74.5,78.1,78.7,78.0,74.5,66.5,63.2,63.5,63.0,65.9,68.6,69.3,68.6,1331.5,1334.7,1338.9,1341.5,1338.6,1331.1,1319.7,1309.4,1307.9,1314.9,1329.5,1341.6,1346.2,1344.9,1340.5,1336.6,1334.4,1297.1,1293.5,1288.9,1283.7,1279.6,1281.6,1286.1,1290.3,1294.4,1298.6,1284.8,1281.0,1277.1,1273.3,1286.3,1284.8,1283.5,1284.0,1285.3,1296.1,1292.0,1290.8,1291.2,1291.6,1292.6,1293.8,1294.0,1295.6,1300.4,1296.4,1294.6,1297.6,1288.6,1284.9,1284.2,1285.0,1291.5,1300.9,1293.1,1288.2,1286.9,1287.2,1290.1,1295.5,1287.2,1286.5,1287.3,1298.0,1289.3,1288.2,1288.8,2.3080000000000003,0.162,-0.057999999999999996,-0.02,634.063,435.788,-36.265,-1.033,-27.701999999999998,3.307,5.317,0.057,4.14,14.460999999999999,-9.7,2.041,-10.17,-4.355,8.54,-1.254,3.502,-0.785,3.0039999999999996,-5.062,-7.081,-1.489,-1.195,2.0,-0.317,-0.324,-0.133,2.908,-0.327,0.71,0.043,-1.09,1.298,-0.534,0.067,0.698,2.13,3.42,0.0,1.73,0.0,0.0,0.01,0.13,0.54,0.0,0.0,0.0,0.0,0.0,1.61,0.93,0.0,1.0,1.0,0.0,1.0,0.0,0.0,0.0,0.0,0.0,0.0,0.0,0.0,0.0,0.0,1.0,1.0,0.0,0.0
78,2.569,0.98,0.05784299999999999,0.18015,-0.9819370000000001,-0.029412,0.182423,-0.9827799999999999,0.013999999999999999,0.182,541.9,545.9,556.3,567.0,571.7,568.5,557.3,546.6,529.9,534.5,543.5,556.1,569.1,578.2,584.3,577.4,567.0,555.6,545.2,536.1,552.7,557.2,561.6,563.3,561.3,556.8,552.4,550.7,687.4,690.7,701.3,713.0,718.9,715.6,705.0,692.4,677.0,683.6,693.1,705.9,717.7,725.9,730.8,726.3,718.9,709.1,697.3,685.7,698.1,703.3,708.1,709.6,706.9,701.7,696.9,695.4,346.0,335.5,331.2,335.5,346.0,357.0,360.8,356.4,350.6,343.5,339.4,336.7,338.1,342.8,350.4,354.8,357.6,359.0,358.3,355.6,349.9,351.8,350.0,345.5,341.1,339.3,341.1,345.5,343.6,331.4,325.6,329.6,341.1,353.3,359.1,356.1,351.6,343.0,337.0,334.1,335.9,340.0,347.0,351.0,353.4,354.6,354.7,354.2,348.4,350.2,347.6,342.1,337.0,335.2,337.8,343.3,-37.6,-36.0,-32.0,-27.9,-26.2,-27.4,-31.7,-35.8,-42.4,-40.5,-36.9,-32.0,-27.1,-23.7,-21.4,-24.0,-27.9,-32.3,-36.4,-39.9,-33.5,-31.7,-30.0,-29.4,-30.1,-31.9,-33.5,-34.2,17.1,18.3,22.1,26.4,28.5,27.3,23.4,18.9,13.3,15.7,19.1,23.7,28.0,31.1,33.0,31.2,28.5,24.9,20.6,16.4,21.0,22.9,24.6,25.1,24.2,22.3,20.5,20.0,-5.4,-9.4,-11.0,-9.4,-5.4,-1.1,0.3,-1.4,-3.6,-6.3,-7.9,-8.9,-8.4,-6.6,-3.7,-2.0,-0.9,-0.4,-0.7,-1.7,-3.9,-3.2,-3.8,-5.5,-7.2,-7.9,-7.2,-5.6,-5.9,-10.3,-12.4,-11.0,-6.8,-2.4,-0.3,-1.4,-3.0,-6.1,-8.3,-9.3,-8.7,-7.2,-4.7,-3.3,-2.4,-1.9,-1.9,-2.1,-4.2,-3.5,-4.5,-6.5,-8.3,-9.0,-8.0,-6.0,1149.4,1148.2,1147.3,1147.2,1148.1,1149.6,1150.2,1150.2,1154.9,1151.3,1148.0,1146.1,1146.7,1148.6,1151.1,1150.2,1149.2,1149.4,1150.8,1152.9,1150.1,1150.1,1149.7,1149.2,1148.9,1148.9,1149.3,1149.8,1080.5,1081.4,1082.8,1083.9,1084.0,1083.1,1081.7,1080.7,1081.0,1080.3,1080.2,1081.1,1083.5,1086.6,1089.4,1086.5,1083.3,1080.9,1079.9,1080.3,1082.3,1082.8,1083.4,1083.8,1083.8,1083.3,1082.7,1082.2,-2.5,33.0,1294.2,0.135,-0.057,-0.02,459.7,462.3,469.8,480.9,498.2,525.6,559.3,598.0,639.0,677.0,708.8,737.4,760.5,775.3,783.2,787.9,789.0,492.9,511.5,537.0,564.7,590.5,673.1,697.7,721.5,743.8,760.7,634.8,637.2,639.6,641.9,608.0,624.1,640.2,656.0,669.9,527.2,545.1,568.1,586.4,567.3,544.8,676.7,693.3,715.8,732.5,718.5,696.9,581.4,603.0,624.4,640.3,656.0,676.7,693.4,677.8,658.1,640.7,623.6,602.2,591.6,624.1,640.2,656.3,684.4,656.1,639.8,623.3,353.7,399.7,444.1,486.9,525.4,558.4,583.7,602.8,607.9,602.9,583.4,557.8,524.3,483.8,439.1,392.2,346.1,302.5,283.7,276.9,280.0,288.9,286.6,276.3,272.8,276.6,290.9,341.2,373.1,404.2,435.7,454.0,459.6,464.2,459.1,453.1,350.6,338.6,338.9,352.1,358.6,358.7,350.3,336.1,335.1,345.0,354.1,355.6,514.6,498.6,491.1,495.1,491.2,498.4,511.1,533.3,542.4,544.1,542.4,533.8,514.4,507.7,508.5,507.1,512.6,520.2,521.8,520.3,-80.0,-79.1,-76.0,-71.2,-63.3,-50.8,-35.5,-18.4,-0.4,16.2,30.5,43.6,54.1,60.6,64.0,65.9,66.2,-63.6,-55.4,-44.2,-32.2,-21.1,14.1,24.7,35.0,44.8,52.2,-2.2,-1.2,-0.2,0.8,-13.7,-6.8,0.1,6.9,12.8,-48.7,-40.9,-30.9,-23.1,-31.3,-41.0,15.8,23.0,32.7,40.1,33.9,24.6,-25.3,-15.9,-6.7,0.1,6.9,15.8,23.2,16.3,7.8,0.3,-7.0,-16.2,-20.9,-6.8,0.1,7.0,19.2,6.9,-0.1,-7.2,-2.8,17.7,37.6,56.8,73.8,88.1,98.4,106.0,108.1,106.5,99.0,88.5,73.7,55.5,35.3,14.4,-6.2,-24.9,-32.9,-35.7,-34.2,-30.3,-31.3,-35.9,-37.5,-36.0,-29.9,-8.1,5.6,18.8,32.2,40.3,42.7,44.6,42.4,39.9,-4.1,-9.2,-9.1,-3.4,-0.6,-0.6,-4.2,-10.3,-10.7,-6.5,-2.5,-1.9,66.9,59.6,56.1,57.9,56.2,59.6,65.5,74.7,78.4,79.0,78.3,74.8,66.7,63.4,63.7,63.2,66.0,68.9,69.5,68.9,1331.4,1334.9,1339.3,1342.0,1339.1,1331.6,1320.2,1310.1,1308.6,1315.7,1330.0,1342.0,1346.5,1345.0,1340.5,1336.3,1333.8,1297.0,1293.3,1288.8,1283.7,1279.6,1281.5,1286.0,1290.2,1294.3,1298.7,1284.8,1281.1,1277.3,1273.7,1286.6,1285.1,1283.9,1284.4,1285.7,1296.1,1291.9,1290.8,1291.3,1291.7,1292.7,1293.8,1294.0,1295.6,1300.4,1296.4,1294.6,1298.1,1289.1,1285.4,1284.7,1285.5,1291.9,1301.4,1293.7,1289.0,1287.7,1288.0,1290.7,1296.0,1287.8,1287.1,1287.9,1298.5,1290.0,1288.8,1289.4,2.307,0.168,-0.057,-0.02,634.165,436.089,-37.128,-0.435,-27.838,3.1919999999999997,5.529,0.025,4.125,14.328,-9.323,1.656,-10.21,-4.586,8.74,-1.569,3.9560000000000004,-0.535,2.76,-4.8919999999999995,-7.001,-1.275,-1.273,1.986,-0.456,-0.23600000000000002,-0.304,2.8089999999999997,-0.207,0.657,0.039,-1.0859999999999999,1.325,-0.5820000000000001,0.057,0.733,2.08,3.41,0.0,1.74,0.0,0.0,0.01,0.14,0.53,0.0,0.0,0.0,0.0,0.0,1.62,0.95,0.0,1.0,1.0,0.0,1.0,0.0,0.0,0.0,0.0,0.0,0.0,0.0,0.0,0.0,0.0,1.0,1.0,0.0,0.0
79,2.603,0.98,0.056463,0.186564,-0.980819,-0.032338,0.185251,-0.982159,0.012,0.187,542.3,546.3,556.6,567.2,571.9,568.8,557.6,547.0,530.7,535.1,543.9,556.4,569.3,578.5,584.5,577.6,567.4,556.0,545.6,536.7,553.1,557.6,561.9,563.6,561.6,557.2,552.8,551.1,687.7,690.8,701.3,712.9,718.9,715.8,705.3,692.8,677.6,684.0,693.4,705.9,717.7,725.9,731.0,726.4,719.0,709.3,697.6,686.1,698.4,703.6,708.2,709.6,706.9,701.8,697.2,695.8,346.6,336.2,331.8,336.2,346.6,357.6,361.4,357.0,351.6,344.4,340.1,337.4,338.7,343.5,351.2,355.3,357.8,359.2,358.6,356.1,350.5,352.4,350.6,346.2,341.8,340.0,341.8,346.2,344.3,332.2,326.4,330.2,341.5,353.6,359.4,356.5,352.0,343.5,337.6,334.8,336.7,340.8,347.7,351.7,354.0,355.2,355.2,354.7,348.9,350.6,348.0,342.7,337.7,336.0,338.6,343.9,-37.8,-36.2,-32.2,-28.1,-26.3,-27.5,-31.9,-36.0,-42.4,-40.6,-37.1,-32.2,-27.2,-23.8,-21.5,-24.1,-28.1,-32.5,-36.5,-40.0,-33.6,-31.9,-30.2,-29.5,-30.3,-32.0,-33.7,-34.3,17.4,18.6,22.4,26.7,28.9,27.7,23.9,19.3,13.7,16.1,19.5,24.1,28.5,31.6,33.5,31.7,28.9,25.3,21.0,16.9,21.4,23.3,25.0,25.5,24.5,22.6,20.9,20.4,-5.2,-9.2,-10.9,-9.2,-5.2,-0.9,0.5,-1.1,-3.3,-6.1,-7.7,-8.7,-8.2,-6.4,-3.4,-1.8,-0.8,-0.3,-0.5,-1.5,-3.7,-2.9,-3.6,-5.3,-7.0,-7.7,-7.0,-5.4,-5.7,-10.2,-12.3,-10.9,-6.8,-2.3,-0.2,-1.3,-2.9,-6.0,-8.2,-9.2,-8.5,-7.1,-4.5,-3.1,-2.2,-1.7,-1.7,-1.9,-4.1,-3.4,-4.4,-6.3,-8.2,-8.8,-7.8,-5.9,1159.1,1157.9,1157.0,1156.9,1157.6,1159.1,1159.7,1159.8,1164.5,1161.0,1157.7,1155.7,1156.3,1158.2,1160.7,1159.8,1158.7,1159.0,1160.4,1162.6,1159.7,1159.7,1159.3,1158.8,1158.5,1158.5,1158.9,1159.4,1096.2,1097.2,1098.6,1099.6,1099.6,1098.6,1097.1,1096.3,1096.6,1096.0,1095.9,1096.7,1098.9,1102.0,1104.7,1101.8,1098.7,1096.3,1095.4,1095.9,1097.9,1098.3,1099.0,1099.4,1099.4,1099.0,1098.4,1097.9,-2.4,33.3,1296.5,0.14300000000000002,-0.057999999999999996,-0.02,460.0,462.5,470.0,481.0,498.5,526.0,559.8,598.3,639.1,677.1,709.0,737.5,760.5,775.3,783.2,787.8,788.8,493.4,511.9,537.5,565.1,591.0,673.5,698.0,721.6,743.8,760.6,635.2,637.6,640.0,642.3,608.5,624.5,640.6,656.3,670.1,527.7,545.6,568.4,586.6,567.6,545.3,677.1,693.6,716.0,732.6,718.6,697.2,581.9,603.3,624.6,640.6,656.4,677.0,693.5,678.0,658.3,640.9,623.7,602.5,592.1,624.3,640.5,656.7,684.5,656.4,640.0,623.5,353.5,399.6,444.0,486.8,525.6,558.7,584.1,603.3,608.4,603.3,583.4,557.6,524.0,483.4,438.8,392.0,345.9,303.3,284.5,277.7,281.0,289.9,287.6,277.3,273.7,277.4,291.5,341.9,374.0,405.3,437.0,454.7,460.5,465.1,460.0,454.0,351.1,339.3,339.7,352.6,359.1,359.2,350.8,336.9,335.9,345.6,354.7,356.1,515.0,499.3,491.8,496.0,492.1,499.1,511.6,533.8,542.9,544.6,542.8,534.2,514.8,508.4,509.3,507.9,513.2,520.6,522.3,520.8,-80.0,-79.1,-76.0,-71.2,-63.3,-50.7,-35.3,-18.2,-0.4,16.3,30.6,43.7,54.2,60.8,64.1,65.9,66.2,-63.4,-55.3,-44.1,-32.1,-20.9,14.3,24.9,35.2,44.8,52.3,-2.0,-1.0,0.0,1.0,-13.6,-6.7,0.2,7.0,12.9,-48.6,-40.7,-30.8,-23.0,-31.2,-40.9,16.0,23.2,32.9,40.2,34.0,24.7,-25.2,-15.8,-6.6,0.3,7.1,16.0,23.2,16.4,7.9,0.4,-7.0,-16.2,-20.7,-6.8,0.2,7.2,19.3,7.1,-0.0,-7.1,-2.9,17.6,37.6,56.8,74.0,88.4,98.8,106.4,108.6,106.9,99.2,88.6,73.7,55.4,35.3,14.3,-6.3,-24.6,-32.6,-35.4,-33.8,-29.9,-31.0,-35.5,-37.2,-35.7,-29.7,-7.7,6.0,19.3,32.7,40.7,43.1,45.1,42.9,40.3,-3.8,-8.9,-8.8,-3.2,-0.4,-0.4,-4.0,-10.0,-10.4,-6.2,-2.3,-1.7,67.2,59.9,56.6,58.3,56.7,60.0,65.9,75.1,78.7,79.4,78.6,75.1,67.0,63.8,64.2,63.6,66.4,69.2,69.9,69.2,1332.8,1336.7,1341.5,1344.4,1341.5,1333.9,1322.4,1312.4,1311.1,1318.4,1332.7,1344.6,1348.9,1347.2,1342.4,1337.9,1335.1,1298.6,1294.9,1290.5,1285.5,1281.4,1283.6,1287.9,1292.0,1295.8,1300.1,1286.8,1283.2,1279.6,1276.1,1288.9,1287.5,1286.3,1286.7,1288.0,1297.6,1293.6,1292.4,1293.0,1293.4,1294.4,1295.7,1295.9,1297.4,1302.2,1298.3,1296.6,1300.2,1291.5,1287.9,1287.2,1288.0,1294.5,1303.7,1296.3,1291.7,1290.3,1290.6,1293.1,1298.1,1290.3,1289.6,1290.5,1300.8,1292.6,1291.4,1292.0,2.303,0.175,-0.057999999999999996,-0.02,634.424,436.62300000000005,-38.309,0.018000000000000002,-28.458000000000002,2.752,5.153,0.524,4.311,14.174000000000001,-9.081,1.393,-10.19,-4.8580000000000005,9.283999999999999,-1.422,3.842,-0.727,2.333,-4.975,-7.107,-1.3130000000000002,-1.329,1.975,-0.396,-0.111,-0.20600000000000002,2.8739999999999997,-0.24600000000000002,0.6729999999999999,0.09,-1.157,1.385,-0.56,0.069,0.735,2.04,3.37,0.0,1.72,0.0,0.0,0.01,0.12,0.52,0.0,0.0,0.0,0.0,0.0,1.63,1.03,0.0,1.0,1.0,0.0,1.0,0.0,0.0,0.0,0.0,0.0,0.0,0.0,0.0,0.0,0.0,1.0,1.0,0.0,0.0
80,2.636,0.98,0.049073,0.183846,-0.9817290000000001,-0.029896,0.17623699999999998,-0.983894,0.01,0.18100000000000002,542.4,546.5,556.8,567.5,572.2,569.0,557.8,547.1,530.9,535.5,544.3,556.9,569.8,578.9,584.9,578.0,567.8,556.5,546.2,537.2,553.3,557.7,562.1,563.8,561.8,557.4,553.0,551.4,687.9,691.0,701.5,713.1,719.2,716.0,705.6,693.0,677.5,683.9,693.5,706.2,717.9,726.0,730.9,726.5,719.3,709.7,697.9,686.2,698.6,703.7,708.3,709.7,707.0,701.9,697.3,696.0,347.3,336.9,332.8,337.1,347.6,358.4,362.1,357.7,351.7,344.7,340.8,338.2,339.5,344.1,351.8,356.7,359.9,361.4,360.4,357.2,351.1,353.0,351.2,346.9,342.6,340.8,342.5,346.8,344.7,332.5,326.6,330.6,342.0,354.3,360.1,357.2,352.7,344.3,338.3,335.5,337.3,341.3,348.2,352.2,354.6,355.8,355.9,355.4,349.4,351.1,348.6,343.2,338.2,336.4,339.0,344.4,-37.3,-35.7,-31.7,-27.7,-25.9,-27.2,-31.5,-35.6,-41.9,-40.0,-36.5,-31.7,-26.8,-23.4,-21.1,-23.7,-27.6,-31.9,-35.9,-39.5,-33.2,-31.5,-29.8,-29.2,-29.9,-31.6,-33.3,-33.9,17.3,18.4,22.2,26.5,28.7,27.5,23.7,19.1,13.5,15.8,19.3,23.9,28.2,31.2,33.1,31.4,28.7,25.2,20.9,16.7,21.2,23.0,24.7,25.2,24.3,22.4,20.7,20.2,-4.9,-8.8,-10.4,-8.7,-4.8,-0.6,0.8,-0.9,-3.2,-5.9,-7.3,-8.3,-7.8,-6.1,-3.2,-1.3,-0.0,0.5,0.1,-1.1,-3.4,-2.7,-3.4,-5.0,-6.7,-7.4,-6.7,-5.1,-5.5,-9.9,-12.1,-10.7,-6.5,-2.1,0.0,-1.0,-2.6,-5.7,-7.8,-8.9,-8.2,-6.8,-4.3,-2.8,-2.0,-1.5,-1.5,-1.7,-3.8,-3.2,-4.1,-6.1,-7.9,-8.5,-7.6,-5.6,1147.8,1146.4,1145.4,1145.4,1146.4,1148.1,1148.8,1148.8,1153.0,1149.2,1145.9,1143.9,1144.6,1146.7,1149.5,1148.7,1147.8,1148.0,1149.4,1151.3,1148.6,1148.6,1148.2,1147.6,1147.2,1147.1,1147.6,1148.1,1082.5,1083.6,1085.1,1086.2,1086.3,1085.3,1083.7,1082.7,1082.9,1082.3,1082.2,1083.2,1085.6,1088.7,1091.6,1088.6,1085.4,1083.0,1081.9,1082.2,1084.4,1084.9,1085.6,1086.0,1086.0,1085.5,1084.8,1084.4,-2.3,33.6,1298.9,0.145,-0.057999999999999996,-0.02,459.9,462.6,470.4,481.7,499.7,527.4,560.8,598.4,638.7,676.6,708.6,737.4,760.6,775.5,783.3,787.9,788.8,493.6,512.2,537.8,565.5,591.3,673.6,698.1,721.9,744.1,760.8,635.6,637.9,640.2,642.5,608.6,624.7,640.7,656.5,670.4,528.1,546.0,568.9,587.0,568.0,545.5,677.2,693.6,716.2,732.8,718.8,697.2,581.9,603.5,624.7,640.7,656.7,677.2,693.8,678.2,658.4,640.9,623.7,602.6,592.0,624.4,640.6,656.9,684.8,656.6,640.1,623.6,353.0,399.4,444.3,487.4,526.2,559.1,584.2,603.3,608.3,603.5,583.7,557.8,524.1,483.7,439.0,392.2,346.0,304.4,285.5,278.7,282.0,290.9,288.6,278.1,274.6,278.4,292.9,342.7,374.8,406.1,437.8,455.6,461.3,466.0,460.9,454.9,351.9,340.0,340.4,353.6,360.1,360.1,351.7,337.5,336.5,346.3,355.5,357.0,515.3,499.8,492.5,496.7,492.7,499.6,511.9,533.9,543.0,544.7,542.9,534.2,515.2,509.1,510.0,508.5,513.5,520.9,522.5,521.0,-80.2,-79.2,-76.0,-71.1,-62.9,-50.1,-35.0,-18.2,-0.6,16.1,30.5,43.7,54.3,60.9,64.2,66.1,66.4,-63.5,-55.3,-44.0,-32.0,-20.8,14.4,25.0,35.3,45.1,52.4,-1.9,-0.9,0.1,1.1,-13.5,-6.6,0.3,7.1,13.1,-48.5,-40.6,-30.7,-22.9,-31.1,-40.8,16.1,23.2,33.0,40.3,34.2,24.8,-25.2,-15.8,-6.6,0.3,7.2,16.1,23.4,16.5,7.9,0.4,-7.0,-16.2,-20.8,-6.7,0.3,7.3,19.5,7.2,0.0,-7.1,-3.1,17.6,37.8,57.2,74.4,88.7,99.0,106.6,108.7,107.2,99.6,88.8,73.9,55.6,35.4,14.4,-6.3,-24.1,-32.2,-35.0,-33.5,-29.6,-30.6,-35.2,-36.9,-35.3,-29.1,-7.4,6.3,19.7,33.2,41.1,43.5,45.5,43.4,40.8,-3.5,-8.6,-8.4,-2.7,0.1,0.1,-3.6,-9.7,-10.2,-5.9,-2.0,-1.3,67.4,60.3,57.0,58.8,57.1,60.4,66.1,75.3,78.9,79.6,78.8,75.2,67.3,64.2,64.6,64.0,66.7,69.4,70.1,69.4,1335.5,1339.4,1344.1,1346.9,1343.9,1336.3,1325.0,1315.1,1313.7,1320.8,1335.1,1346.9,1351.1,1349.3,1344.7,1340.3,1337.7,1300.7,1297.0,1292.6,1287.7,1283.8,1285.9,1290.2,1294.3,1298.2,1302.4,1289.2,1285.7,1282.0,1278.6,1291.4,1289.9,1288.7,1289.2,1290.4,1299.8,1295.7,1294.6,1295.3,1295.6,1296.6,1298.1,1298.1,1299.7,1304.5,1300.6,1298.9,1302.9,1294.1,1290.5,1289.9,1290.7,1297.2,1306.4,1298.8,1293.9,1292.6,1292.8,1295.6,1300.8,1292.9,1292.2,1293.1,1303.5,1294.9,1293.7,1294.2,2.299,0.17800000000000002,-0.057,-0.02,634.634,437.175,-38.214,0.442,-28.391,2.388,5.596,1.145,4.051,13.788,-9.272,1.15,-10.849,-4.1,9.023,-1.044,3.446,-0.573,2.657,-5.233,-6.73,-1.516,-1.37,1.9809999999999999,-0.182,0.115,0.23399999999999999,2.9339999999999997,-0.021,0.512,0.191,-1.014,1.175,-0.539,0.052000000000000005,0.672,2.01,3.34,0.0,1.78,0.0,0.0,0.0,0.16,0.52,0.0,0.0,0.0,0.0,0.0,1.61,0.92,0.01,1.0,1.0,0.0,1.0,0.0,0.0,0.0,0.0,0.0,0.0,0.0,0.0,0.0,0.0,1.0,1.0,0.0,0.0
81,2.6689999999999996,0.98,0.054426,0.184094,-0.981401,-0.033047,0.18125,-0.9828819999999999,0.011000000000000001,0.184,543.0,547.0,557.4,567.9,572.6,569.3,558.2,547.6,531.4,536.0,545.0,557.4,570.2,579.2,585.0,578.2,568.0,556.7,546.4,537.4,553.7,558.2,562.6,564.3,562.3,557.8,553.4,551.7,688.2,691.4,701.9,713.5,719.4,716.3,705.8,693.3,678.1,684.4,693.8,706.4,718.2,726.4,731.4,727.0,719.7,710.1,698.3,686.7,698.9,704.0,708.7,710.1,707.4,702.3,697.7,696.3,347.6,337.2,332.9,337.2,347.7,358.7,362.4,358.1,352.6,345.3,341.1,338.4,339.9,344.8,352.6,356.7,359.2,360.4,359.8,357.3,351.7,353.6,351.7,347.3,342.8,341.0,342.8,347.3,345.2,333.1,327.5,331.5,342.8,354.9,360.5,357.5,353.2,344.8,338.9,336.0,337.9,342.1,349.0,352.9,355.1,356.3,356.3,355.9,350.0,351.8,349.3,343.9,338.9,337.2,339.7,345.0,-37.7,-36.1,-32.0,-27.9,-26.2,-27.5,-31.8,-35.9,-42.4,-40.4,-36.9,-32.0,-27.1,-23.6,-21.4,-24.0,-28.0,-32.3,-36.4,-39.9,-33.6,-31.8,-30.1,-29.4,-30.2,-31.9,-33.6,-34.3,17.5,18.7,22.6,26.8,29.0,27.8,23.9,19.4,13.8,16.1,19.6,24.2,28.5,31.6,33.5,31.8,29.0,25.5,21.2,17.0,21.5,23.3,25.0,25.6,24.6,22.7,21.0,20.5,-4.8,-8.9,-10.5,-8.8,-4.8,-0.5,0.9,-0.7,-2.9,-5.7,-7.3,-8.4,-7.8,-5.9,-2.9,-1.3,-0.3,0.2,-0.1,-1.1,-3.2,-2.5,-3.2,-4.9,-6.7,-7.4,-6.7,-5.0,-5.4,-9.8,-11.9,-10.4,-6.3,-1.9,0.2,-0.9,-2.5,-5.5,-7.7,-8.7,-8.1,-6.6,-4.0,-2.6,-1.8,-1.4,-1.3,-1.5,-3.6,-3.0,-3.9,-5.9,-7.7,-8.3,-7.4,-5.5,1165.2,1164.2,1163.4,1163.3,1163.9,1165.3,1165.8,1165.9,1170.6,1167.1,1163.9,1162.1,1162.8,1164.7,1167.1,1166.2,1165.1,1165.2,1166.6,1168.6,1165.9,1165.9,1165.5,1165.1,1164.8,1164.9,1165.2,1165.7,1090.9,1092.0,1093.5,1094.5,1094.4,1093.3,1091.8,1090.9,1091.2,1090.7,1090.6,1091.5,1093.9,1096.9,1099.6,1096.6,1093.5,1091.1,1090.1,1090.5,1092.6,1093.1,1093.7,1094.2,1094.3,1093.8,1093.1,1092.7,-2.2,33.8,1299.5,0.14800000000000002,-0.06,-0.018000000000000002,459.9,462.7,470.4,481.6,499.4,527.0,560.3,598.0,638.5,676.5,708.6,737.3,760.5,775.3,783.0,787.7,788.8,493.9,512.4,538.2,566.0,592.1,674.3,699.0,722.9,745.2,761.6,636.0,638.3,640.7,642.9,608.9,624.9,641.0,656.8,670.7,528.5,546.4,569.2,587.3,568.4,546.0,677.7,694.1,716.6,733.1,719.1,697.7,582.0,603.6,625.0,641.0,657.0,677.5,694.1,678.5,658.7,641.1,623.9,602.8,592.1,624.6,640.8,657.2,685.1,656.9,640.3,623.8,353.1,399.7,444.6,487.6,526.2,559.0,584.0,603.1,608.3,603.6,584.0,558.1,524.4,483.8,439.3,392.6,346.4,305.4,286.4,279.4,282.6,291.6,289.3,278.9,275.5,279.6,294.3,343.2,375.4,406.9,438.7,456.0,461.8,466.5,461.4,455.4,352.3,340.4,340.8,353.8,360.3,360.3,352.1,338.1,337.1,346.9,355.9,357.3,515.5,500.1,493.0,497.2,493.3,500.0,512.3,534.2,543.3,544.9,543.1,534.4,515.5,509.4,510.4,508.9,513.8,521.2,522.8,521.2,-80.2,-79.2,-76.0,-71.1,-63.0,-50.4,-35.2,-18.4,-0.7,16.1,30.5,43.7,54.3,60.9,64.2,66.0,66.4,-63.4,-55.2,-43.9,-31.8,-20.5,14.7,25.4,35.8,45.6,52.8,-1.7,-0.7,0.3,1.2,-13.4,-6.5,0.4,7.2,13.2,-48.3,-40.4,-30.5,-22.8,-30.9,-40.6,16.3,23.4,33.2,40.5,34.3,25.0,-25.2,-15.7,-6.5,0.4,7.3,16.2,23.6,16.7,8.1,0.5,-6.9,-16.1,-20.8,-6.6,0.4,7.4,19.6,7.3,0.2,-7.0,-3.1,17.7,37.9,57.3,74.5,88.7,98.9,106.6,108.8,107.3,99.7,89.0,74.1,55.7,35.6,14.6,-6.1,-23.7,-31.8,-34.7,-33.2,-29.3,-30.3,-34.9,-36.5,-34.8,-28.5,-7.2,6.6,20.0,33.6,41.3,43.8,45.8,43.6,41.0,-3.4,-8.5,-8.3,-2.7,0.1,0.1,-3.4,-9.5,-9.9,-5.7,-1.8,-1.2,67.6,60.5,57.2,59.0,57.4,60.6,66.3,75.5,79.1,79.7,79.0,75.4,67.4,64.4,64.8,64.2,66.9,69.6,70.3,69.6,1335.8,1339.7,1344.5,1347.3,1344.4,1336.7,1325.3,1315.4,1314.2,1321.5,1336.1,1348.0,1352.2,1350.3,1345.5,1340.9,1338.2,1301.2,1297.4,1293.0,1288.0,1283.9,1286.2,1290.5,1294.7,1298.7,1303.2,1289.5,1286.1,1282.5,1279.1,1291.9,1290.4,1289.2,1289.7,1291.0,1300.1,1296.1,1295.0,1295.7,1296.0,1296.9,1298.5,1298.6,1300.1,1304.9,1301.1,1299.3,1303.6,1294.8,1291.1,1290.5,1291.3,1297.9,1307.2,1299.6,1294.7,1293.3,1293.6,1296.3,1301.5,1293.5,1292.9,1293.7,1304.3,1295.6,1294.4,1295.0,2.298,0.18,-0.06,-0.018000000000000002,634.875,437.588,-37.824,0.297,-28.087,2.0380000000000003,5.755,1.5830000000000002,3.785,13.597000000000001,-8.767000000000001,1.181,-10.865,-4.789,9.41,-1.123,3.627,-0.38799999999999996,2.907,-5.43,-6.801,-1.419,-0.9990000000000001,2.221,0.002,0.11199999999999999,0.212,2.753,-0.28300000000000003,0.599,0.122,-1.121,1.371,-0.594,0.077,0.71,1.96,3.25,0.0,1.74,0.0,0.0,0.04,0.14,0.45,0.0,0.0,0.0,0.0,0.0,1.59,0.81,0.01,1.0,1.0,0.0,1.0,0.0,0.0,0.0,0.0,0.0,0.0,0.0,0.0,0.0,0.0,1.0,1.0,0.0,0.0
82,2.7030000000000003,0.98,0.055108000000000004,0.18754200000000001,-0.980709,-0.027332,0.183857,-0.9825729999999999,0.013999999999999999,0.187,543.3,547.3,557.7,568.3,573.0,569.8,558.6,548.0,531.6,536.2,545.3,557.8,570.6,579.5,585.3,578.6,568.6,557.3,546.9,537.8,554.0,558.5,563.0,564.7,562.7,558.1,553.7,552.0,688.7,691.8,702.3,713.9,719.8,716.7,706.2,693.8,678.3,684.9,694.4,707.0,718.6,726.7,731.5,727.1,719.9,710.3,698.5,686.9,699.3,704.5,709.1,710.5,707.8,702.7,698.1,696.7,348.1,337.7,333.4,337.6,348.0,358.9,362.6,358.4,352.8,345.6,341.5,338.8,340.0,344.8,352.5,356.8,359.7,361.2,360.5,357.7,352.0,353.8,351.9,347.5,343.1,341.3,343.1,347.5,345.6,333.5,327.7,331.7,343.0,355.2,360.9,358.0,353.5,345.2,339.2,336.4,338.2,342.3,349.1,353.2,355.4,356.6,356.7,356.2,350.3,352.1,349.5,344.2,339.2,337.4,340.0,345.3,-37.4,-35.8,-31.8,-27.7,-25.9,-27.1,-31.5,-35.6,-42.1,-40.2,-36.6,-31.7,-26.8,-23.4,-21.2,-23.8,-27.6,-32.0,-36.0,-39.6,-33.3,-31.5,-29.8,-29.1,-29.9,-31.6,-33.4,-34.0,17.7,18.8,22.6,26.9,29.1,27.9,24.1,19.5,13.9,16.3,19.7,24.3,28.6,31.6,33.5,31.8,29.1,25.5,21.2,17.0,21.6,23.4,25.1,25.6,24.7,22.8,21.1,20.6,-4.6,-8.6,-10.3,-8.6,-4.6,-0.4,1.0,-0.6,-2.8,-5.6,-7.1,-8.2,-7.7,-5.9,-2.9,-1.2,-0.1,0.5,0.2,-0.9,-3.1,-2.4,-3.1,-4.8,-6.5,-7.2,-6.5,-4.8,-5.2,-9.6,-11.7,-10.3,-6.2,-1.8,0.3,-0.7,-2.3,-5.4,-7.5,-8.6,-7.9,-6.5,-4.0,-2.5,-1.7,-1.2,-1.2,-1.4,-3.5,-2.9,-3.8,-5.8,-7.6,-8.2,-7.3,-5.3,1159.4,1158.2,1157.4,1157.5,1158.4,1159.9,1160.4,1160.4,1164.7,1161.1,1157.9,1156.2,1157.0,1159.1,1161.8,1160.9,1159.8,1159.9,1161.1,1163.0,1160.3,1160.3,1160.0,1159.5,1159.1,1159.0,1159.4,1159.9,1088.0,1089.0,1090.6,1091.7,1091.7,1090.7,1089.1,1088.2,1088.4,1087.9,1087.8,1088.7,1091.2,1094.3,1097.1,1094.1,1090.9,1088.5,1087.4,1087.8,1089.8,1090.3,1091.0,1091.5,1091.4,1091.0,1090.3,1089.8,-2.1,33.9,1301.7,0.151,-0.063,-0.017,460.6,463.2,470.8,481.9,499.6,527.2,560.6,598.2,638.5,676.2,708.1,736.7,760.1,775.1,782.9,787.6,788.7,494.5,513.2,538.8,566.4,592.3,675.0,699.5,723.1,745.1,761.6,636.5,638.8,641.2,643.4,609.4,625.5,641.5,657.2,671.1,528.8,546.8,569.6,587.7,568.7,546.4,678.1,694.4,716.8,733.4,719.4,698.0,582.0,603.9,625.3,641.4,657.4,677.9,694.5,678.8,659.0,641.4,624.2,602.9,592.1,624.9,641.2,657.6,685.6,657.3,640.6,624.1,352.7,399.5,444.6,487.7,526.4,559.1,583.9,602.8,608.1,603.6,584.3,558.6,525.0,484.3,439.5,392.5,346.1,305.3,286.7,280.1,283.3,292.0,289.6,279.5,276.0,279.8,294.0,343.4,375.7,407.3,439.1,456.3,462.1,466.9,461.8,455.8,352.6,340.7,341.1,354.2,360.6,360.6,352.5,338.4,337.4,347.2,356.2,357.6,515.3,500.3,493.4,497.6,493.7,500.3,512.1,534.2,543.2,544.9,543.0,534.3,515.4,509.6,510.6,509.2,513.8,521.3,522.9,521.2,-80.0,-79.1,-75.9,-71.1,-63.0,-50.3,-35.1,-18.4,-0.7,16.0,30.4,43.5,54.2,60.9,64.2,66.1,66.4,-63.2,-54.9,-43.7,-31.7,-20.5,15.0,25.6,35.9,45.6,52.9,-1.5,-0.5,0.5,1.5,-13.2,-6.3,0.6,7.4,13.4,-48.2,-40.3,-30.4,-22.6,-30.8,-40.5,16.5,23.6,33.4,40.7,34.5,25.2,-25.2,-15.6,-6.3,0.6,7.5,16.4,23.8,16.8,8.2,0.6,-6.8,-16.0,-20.8,-6.5,0.5,7.6,19.9,7.5,0.3,-6.9,-3.3,17.7,38.0,57.4,74.7,88.8,99.0,106.6,108.8,107.5,100.1,89.4,74.5,56.0,35.7,14.6,-6.2,-23.7,-31.7,-34.5,-33.0,-29.2,-30.2,-34.7,-36.3,-34.7,-28.7,-7.1,6.7,20.2,33.8,41.6,44.0,46.0,43.8,41.3,-3.2,-8.3,-8.2,-2.5,0.3,0.3,-3.3,-9.4,-9.8,-5.6,-1.6,-1.0,67.6,60.7,57.5,59.3,57.6,60.8,66.4,75.6,79.2,79.8,79.1,75.4,67.5,64.6,65.0,64.5,67.0,69.8,70.4,69.7,1337.2,1341.2,1346.1,1349.1,1346.3,1338.7,1327.3,1317.4,1316.3,1323.7,1338.4,1350.5,1354.7,1352.7,1347.7,1343.0,1340.0,1302.8,1299.1,1294.8,1289.9,1285.8,1288.2,1292.5,1296.6,1300.4,1304.8,1291.5,1288.1,1284.6,1281.3,1294.0,1292.5,1291.3,1291.8,1293.0,1301.8,1297.8,1296.8,1297.5,1297.8,1298.7,1300.5,1300.5,1302.0,1306.8,1303.0,1301.3,1305.8,1297.1,1293.5,1292.9,1293.7,1300.3,1309.4,1301.9,1297.0,1295.6,1295.8,1298.6,1303.7,1295.8,1295.2,1296.1,1306.5,1297.9,1296.7,1297.2,2.295,0.184,-0.063,-0.017,635.149,437.78,-38.73,-0.218,-28.178,1.791,5.666,2.4290000000000003,3.77,13.821,-8.916,0.863,-10.834000000000001,-4.56,9.635,-1.197,3.284,-0.327,2.8339999999999996,-5.478,-7.245,-1.557,-0.953,2.259,-0.201,0.41700000000000004,0.16699999999999998,2.648,-0.348,0.66,0.122,-1.126,1.369,-0.609,0.085,0.745,1.95,3.17,0.0,1.76,0.0,0.0,0.07,0.2,0.46,0.0,0.0,0.0,0.0,0.0,1.61,0.73,0.01,1.0,1.0,0.0,1.0,0.0,0.0,0.0,0.0,0.0,0.0,0.0,0.0,0.0,0.0,1.0,1.0,0.0,0.0
83,2.736,0.98,0.059996,0.18699000000000002,-0.9805280000000001,-0.023236,0.185357,-0.982397,0.019,0.187,543.8,547.8,558.2,568.8,573.5,570.2,559.1,548.4,531.9,536.6,545.6,558.2,571.1,580.0,585.7,578.9,568.8,557.6,547.2,538.2,554.5,559.0,563.4,565.2,563.2,558.6,554.2,552.5,688.8,692.0,702.4,714.1,720.1,717.0,706.5,694.0,678.5,684.8,694.3,707.0,718.8,726.9,731.8,727.2,720.0,710.5,698.7,687.2,699.5,704.7,709.3,710.7,708.0,702.9,698.3,696.9,348.0,337.7,333.4,337.7,348.0,358.9,362.6,358.3,352.6,345.5,341.5,338.9,340.2,344.9,352.7,357.0,359.8,361.2,360.4,357.5,351.9,353.8,351.9,347.5,343.1,341.3,343.1,347.5,346.0,333.7,327.8,331.6,343.1,355.4,361.3,358.5,354.0,345.4,339.5,336.7,338.5,342.5,349.3,353.2,355.6,356.9,357.0,356.5,350.6,352.3,349.7,344.3,339.2,337.5,340.1,345.6,-37.1,-35.5,-31.5,-27.4,-25.6,-26.9,-31.3,-35.4,-41.9,-40.0,-36.4,-31.5,-26.5,-23.2,-21.0,-23.6,-27.5,-31.8,-35.9,-39.4,-33.0,-31.3,-29.6,-28.9,-29.6,-31.4,-33.1,-33.8,17.7,18.9,22.7,27.0,29.2,28.0,24.2,19.6,14.0,16.3,19.7,24.3,28.7,31.7,33.5,31.8,29.1,25.6,21.3,17.1,21.6,23.5,25.2,25.7,24.7,22.9,21.2,20.7,-4.6,-8.6,-10.3,-8.6,-4.6,-0.4,1.0,-0.6,-2.9,-5.6,-7.1,-8.1,-7.6,-5.8,-2.8,-1.2,-0.1,0.5,0.1,-0.9,-3.1,-2.4,-3.1,-4.8,-6.5,-7.2,-6.5,-4.8,-5.1,-9.5,-11.7,-10.3,-6.2,-1.7,0.5,-0.6,-2.2,-5.3,-7.4,-8.5,-7.8,-6.4,-3.9,-2.5,-1.6,-1.1,-1.1,-1.3,-3.4,-2.8,-3.7,-5.7,-7.6,-8.2,-7.2,-5.2,1157.6,1156.4,1155.5,1155.6,1156.5,1158.1,1158.6,1158.6,1162.9,1159.3,1156.1,1154.3,1155.1,1157.1,1159.8,1158.9,1157.8,1157.9,1159.2,1161.2,1158.5,1158.5,1158.2,1157.6,1157.2,1157.2,1157.6,1158.1,1087.7,1088.7,1090.2,1091.3,1091.5,1090.5,1089.0,1088.0,1088.1,1087.5,1087.3,1088.2,1090.6,1093.7,1096.5,1093.7,1090.6,1088.2,1087.1,1087.5,1089.6,1090.1,1090.8,1091.2,1091.1,1090.6,1090.0,1089.5,-2.0,33.9,1302.3,0.156,-0.066,-0.015,460.7,463.2,470.6,481.4,498.8,526.2,559.9,598.1,638.8,676.7,708.4,736.9,760.1,774.9,782.8,787.5,788.7,494.9,513.6,539.3,567.0,593.0,675.3,699.9,723.5,745.5,761.9,636.8,639.1,641.6,643.8,609.8,625.8,641.8,657.5,671.3,529.2,547.2,570.0,588.0,569.1,546.8,678.2,694.6,717.0,733.5,719.6,698.2,582.3,604.1,625.5,641.6,657.8,678.2,694.6,679.1,659.4,641.7,624.4,603.2,592.4,625.1,641.5,657.9,685.8,657.6,640.9,624.2,352.5,398.9,443.7,486.5,525.0,557.8,582.9,602.3,607.6,603.1,583.7,558.1,524.5,483.9,439.3,392.6,346.3,305.4,286.8,280.2,283.4,292.1,289.9,279.7,276.3,280.2,294.4,343.7,376.0,407.6,439.5,456.5,462.3,467.1,462.0,455.9,352.5,340.7,341.2,354.3,360.7,360.7,352.7,338.6,337.6,347.4,356.5,357.9,515.1,500.2,493.3,497.5,493.6,500.2,512.0,533.9,543.0,544.7,542.8,534.1,515.2,509.5,510.5,509.1,513.7,521.1,522.7,521.1,-79.9,-79.1,-76.0,-71.3,-63.4,-50.8,-35.5,-18.4,-0.5,16.2,30.5,43.6,54.3,60.9,64.2,66.1,66.5,-63.0,-54.7,-43.5,-31.4,-20.2,15.2,25.8,36.1,45.7,53.0,-1.4,-0.4,0.7,1.6,-13.0,-6.1,0.8,7.5,13.5,-48.1,-40.2,-30.3,-22.5,-30.7,-40.4,16.6,23.7,33.4,40.7,34.6,25.3,-25.1,-15.5,-6.3,0.7,7.7,16.6,23.9,17.0,8.4,0.7,-6.7,-15.9,-20.7,-6.4,0.6,7.7,19.9,7.6,0.4,-6.8,-3.4,17.4,37.5,56.9,74.1,88.3,98.7,106.4,108.7,107.3,99.9,89.2,74.3,55.9,35.7,14.6,-6.1,-23.7,-31.7,-34.4,-32.9,-29.1,-30.1,-34.6,-36.2,-34.6,-28.5,-7.0,6.9,20.4,34.0,41.6,44.1,46.1,43.9,41.4,-3.2,-8.3,-8.1,-2.5,0.3,0.3,-3.1,-9.3,-9.7,-5.5,-1.5,-0.9,67.5,60.6,57.5,59.3,57.6,60.8,66.4,75.5,79.2,79.8,79.0,75.4,67.5,64.6,65.0,64.4,67.0,69.7,70.4,69.7,1337.4,1341.4,1346.4,1349.5,1346.8,1339.4,1328.1,1318.1,1317.0,1324.6,1339.5,1351.5,1355.8,1353.9,1348.8,1344.0,1340.9,1303.0,1299.2,1295.0,1290.0,1285.8,1288.3,1292.7,1296.8,1300.8,1305.3,1291.9,1288.6,1285.1,1281.9,1294.7,1293.2,1292.0,1292.4,1293.7,1302.1,1298.1,1297.1,1297.9,1298.2,1299.0,1301.0,1301.0,1302.5,1307.4,1303.6,1301.8,1306.1,1297.5,1294.0,1293.4,1294.2,1300.8,1309.9,1302.5,1297.7,1296.3,1296.5,1299.1,1304.1,1296.4,1295.8,1296.6,1307.0,1298.6,1297.3,1297.9,2.294,0.188,-0.067,-0.015,635.351,437.67699999999996,-37.774,-0.6829999999999999,-28.419,1.449,5.316,2.0909999999999997,3.915,14.165,-8.939,1.268,-10.927,-5.0680000000000005,9.599,-0.912,3.6689999999999996,-0.324,2.7760000000000002,-5.22,-7.274,-1.463,-0.987,2.454,-0.375,0.43,-0.019,2.559,-0.465,0.765,0.064,-1.0759999999999998,1.3219999999999998,-0.66,0.051,0.757,1.9,3.14,0.0,1.7,0.0,0.0,0.07,0.11,0.48,0.0,0.0,0.0,0.0,0.0,1.62,0.72,0.01,1.0,1.0,0.0,1.0,0.0,0.0,0.0,0.0,0.0,0.0,0.0,0.0,0.0,0.0,1.0,1.0,0.0,0.0
84,2.7689999999999997,0.98,0.054480999999999995,0.183329,-0.981541,-0.024384,0.18249200000000002,-0.9829049999999999,0.015,0.184,543.8,547.8,558.2,568.9,573.6,570.4,559.1,548.5,532.2,536.8,545.8,558.4,571.2,580.1,585.9,579.2,569.1,557.9,547.5,538.4,554.5,559.1,563.6,565.3,563.3,558.7,554.2,552.5,688.9,692.1,702.6,714.2,720.2,717.0,706.5,694.0,678.7,685.1,694.5,707.2,718.8,726.9,731.8,727.2,720.0,710.5,698.8,687.3,699.6,704.8,709.4,710.7,708.1,703.0,698.4,697.0,347.9,337.6,333.3,337.6,348.0,358.8,362.5,358.2,352.4,345.4,341.4,338.8,340.1,344.8,352.6,357.1,360.1,361.6,360.7,357.6,351.8,353.7,351.9,347.4,343.0,341.1,342.9,347.4,345.9,333.7,327.8,331.8,343.2,355.4,361.2,358.3,353.8,345.3,339.4,336.7,338.6,342.6,349.4,353.4,355.8,357.0,357.0,356.5,350.5,352.2,349.7,344.3,339.3,337.6,340.1,345.5,-37.0,-35.4,-31.4,-27.3,-25.5,-26.8,-31.1,-35.2,-41.7,-39.8,-36.2,-31.3,-26.4,-23.0,-20.9,-23.4,-27.3,-31.6,-35.6,-39.2,-32.9,-31.2,-29.4,-28.7,-29.5,-31.3,-33.0,-33.7,17.8,19.0,22.9,27.1,29.3,28.1,24.3,19.7,14.1,16.4,19.9,24.5,28.8,31.8,33.7,32.0,29.2,25.7,21.4,17.2,21.8,23.7,25.4,25.9,24.9,23.0,21.3,20.8,-4.7,-8.6,-10.2,-8.6,-4.6,-0.5,1.0,-0.7,-2.9,-5.6,-7.1,-8.1,-7.6,-5.8,-2.9,-1.1,0.0,0.6,0.3,-0.9,-3.1,-2.4,-3.1,-4.8,-6.6,-7.3,-6.6,-4.9,-5.1,-9.6,-11.8,-10.3,-6.2,-1.7,0.4,-0.6,-2.3,-5.4,-7.5,-8.5,-7.8,-6.4,-3.9,-2.4,-1.5,-1.1,-1.1,-1.3,-3.5,-2.8,-3.8,-5.7,-7.6,-8.2,-7.3,-5.3,1154.1,1152.8,1151.9,1152.0,1153.0,1154.6,1155.2,1155.1,1159.4,1155.8,1152.5,1150.7,1151.5,1153.6,1156.4,1155.6,1154.5,1154.6,1155.9,1157.8,1155.0,1155.0,1154.7,1154.1,1153.7,1153.6,1154.0,1154.6,1093.6,1094.6,1096.0,1097.2,1097.3,1096.3,1094.8,1093.8,1093.9,1093.3,1093.2,1094.1,1096.4,1099.5,1102.3,1099.4,1096.3,1093.9,1092.9,1093.3,1095.4,1095.9,1096.6,1097.0,1097.0,1096.5,1095.8,1095.4,-2.0,33.9,1304.5,0.155,-0.066,-0.013999999999999999,460.6,463.2,470.6,481.4,498.9,526.5,560.3,598.5,639.0,676.6,708.1,736.4,759.6,774.6,782.5,787.4,788.7,494.9,513.8,539.6,567.4,593.5,675.3,700.0,723.7,745.9,762.4,637.0,639.3,641.6,643.9,609.8,625.8,641.8,657.5,671.3,529.5,547.4,570.3,588.2,569.3,547.0,678.3,694.7,717.1,733.6,719.7,698.3,582.1,604.2,625.6,641.5,657.4,677.8,694.5,678.7,659.0,641.5,624.5,603.2,592.3,625.2,641.3,657.5,685.6,657.2,640.7,624.3,351.8,398.5,443.5,486.5,525.1,557.9,582.8,602.0,607.3,602.8,583.6,558.3,524.9,484.4,439.7,392.8,346.3,305.9,287.1,280.4,283.6,292.5,290.3,280.0,276.6,280.5,294.9,343.7,376.0,407.6,439.5,456.3,462.1,467.0,461.8,455.7,352.5,340.7,341.2,354.3,360.7,360.7,352.8,338.6,337.6,347.5,356.5,357.9,514.6,499.9,493.2,497.4,493.5,500.1,511.7,533.8,542.7,544.3,542.5,533.8,514.7,509.2,510.3,508.9,513.4,520.8,522.4,520.8,-80.1,-79.2,-76.2,-71.4,-63.4,-50.7,-35.4,-18.3,-0.5,16.2,30.4,43.5,54.1,60.8,64.2,66.1,66.6,-63.1,-54.8,-43.4,-31.3,-19.9,15.2,25.9,36.3,46.0,53.4,-1.3,-0.3,0.7,1.7,-13.1,-6.2,0.8,7.6,13.5,-48.1,-40.1,-30.2,-22.4,-30.6,-40.4,16.7,23.8,33.5,40.9,34.7,25.3,-25.2,-15.5,-6.2,0.7,7.5,16.4,23.8,16.8,8.2,0.7,-6.7,-16.0,-20.8,-6.4,0.6,7.6,19.9,7.4,0.3,-6.8,-3.7,17.2,37.5,57.0,74.2,88.5,98.8,106.5,108.7,107.4,100.0,89.5,74.6,56.2,35.9,14.7,-6.1,-23.5,-31.6,-34.4,-32.9,-29.0,-30.0,-34.5,-36.1,-34.5,-28.4,-7.0,6.9,20.4,34.0,41.6,44.1,46.1,43.9,41.4,-3.3,-8.3,-8.1,-2.5,0.3,0.3,-3.1,-9.3,-9.7,-5.5,-1.5,-0.9,67.5,60.6,57.6,59.3,57.7,60.9,66.4,75.6,79.2,79.8,79.0,75.4,67.4,64.6,65.0,64.5,67.0,69.7,70.4,69.7,1339.7,1343.7,1348.7,1351.7,1349.0,1341.6,1330.3,1320.3,1319.2,1326.7,1341.6,1353.6,1357.9,1356.0,1351.0,1346.1,1343.0,1305.4,1301.6,1297.4,1292.4,1288.3,1290.7,1295.1,1299.3,1303.3,1307.9,1294.2,1290.9,1287.5,1284.4,1296.9,1295.5,1294.3,1294.8,1296.0,1304.4,1300.5,1299.5,1300.2,1300.4,1301.3,1303.3,1303.3,1304.9,1309.7,1305.9,1304.2,1308.6,1300.0,1296.4,1295.8,1296.7,1303.2,1312.4,1304.8,1299.9,1298.5,1298.8,1301.5,1306.6,1298.7,1298.1,1299.0,1309.5,1300.9,1299.6,1300.2,2.289,0.187,-0.067,-0.013999999999999999,635.359,437.62699999999995,-38.162,-0.44299999999999995,-28.234,1.185,5.7010000000000005,2.4419999999999997,3.827,13.885,-8.692,0.826,-11.161,-4.891,9.344,-0.9129999999999999,3.516,0.213,2.7880000000000003,-5.092,-7.257000000000001,-1.035,-1.0290000000000001,2.278,-0.217,0.514,-0.114,2.741,-0.5479999999999999,0.6579999999999999,0.11199999999999999,-1.103,1.226,-0.672,0.025,0.7609999999999999,1.98,3.17,0.0,1.72,0.0,0.0,0.02,0.12,0.55,0.0,0.0,0.0,0.0,0.0,1.59,0.71,0.01,1.0,1.0,0.0,1.0,0.0,0.0,0.0,0.0,0.0,0.0,0.0,0.0,0.0,0.0,1.0,1.0,0.0,0.0
85,2.803,0.98,0.051181,0.18485,-0.981433,-0.022207,0.18243,-0.9829680000000001,0.015,0.185,543.7,547.7,558.1,568.8,573.5,570.3,559.1,548.4,532.2,536.8,545.8,558.4,571.2,580.1,585.9,579.2,569.2,557.9,547.6,538.5,554.5,559.0,563.4,565.1,563.1,558.6,554.2,552.5,688.9,692.1,702.7,714.3,720.2,716.9,706.4,693.9,678.7,685.0,694.5,707.2,718.9,727.0,731.9,727.2,719.9,710.2,698.6,687.2,699.6,704.7,709.4,710.8,708.2,703.1,698.4,697.0,347.8,337.5,333.3,337.5,347.8,358.6,362.3,358.1,352.3,345.2,341.3,338.6,339.9,344.6,352.4,356.9,359.9,361.4,360.5,357.4,351.6,353.4,351.6,347.2,342.9,341.1,342.9,347.2,345.8,333.6,327.8,331.7,343.1,355.3,361.1,358.2,354.0,345.4,339.4,336.6,338.5,342.5,349.4,353.2,355.5,356.8,356.9,356.4,350.4,352.2,349.6,344.2,339.2,337.5,340.0,345.4,-37.1,-35.5,-31.5,-27.4,-25.6,-26.9,-31.2,-35.3,-41.8,-39.9,-36.3,-31.4,-26.5,-23.1,-20.9,-23.5,-27.3,-31.7,-35.7,-39.3,-33.0,-31.3,-29.6,-28.9,-29.7,-31.4,-33.1,-33.8,17.8,19.1,22.9,27.2,29.4,28.2,24.3,19.7,14.1,16.4,19.9,24.5,28.9,31.9,33.8,32.0,29.2,25.7,21.4,17.2,21.8,23.7,25.4,25.9,25.0,23.1,21.4,20.8,-4.7,-8.7,-10.3,-8.7,-4.7,-0.6,0.9,-0.8,-3.0,-5.7,-7.2,-8.2,-7.7,-5.9,-2.9,-1.2,-0.0,0.5,0.2,-1.0,-3.3,-2.6,-3.3,-4.9,-6.6,-7.3,-6.6,-4.9,-5.2,-9.6,-11.8,-10.4,-6.2,-1.7,0.4,-0.7,-2.2,-5.3,-7.5,-8.5,-7.9,-6.4,-3.9,-2.5,-1.6,-1.2,-1.1,-1.3,-3.5,-2.9,-3.8,-5.8,-7.6,-8.3,-7.3,-5.3,1157.1,1155.7,1154.8,1154.9,1155.9,1157.6,1158.2,1158.1,1162.3,1158.6,1155.4,1153.6,1154.4,1156.5,1159.3,1158.5,1157.5,1157.6,1158.8,1160.7,1157.9,1158.0,1157.6,1157.0,1156.6,1156.5,1156.9,1157.5,1095.4,1096.3,1097.8,1098.9,1099.0,1098.1,1096.6,1095.7,1095.9,1095.2,1095.1,1095.8,1098.2,1101.3,1104.1,1101.2,1098.2,1095.8,1094.9,1095.3,1097.3,1097.7,1098.4,1098.8,1098.7,1098.2,1097.6,1097.2,-2.0,33.8,1304.6,0.154,-0.067,-0.013000000000000001,460.8,463.2,470.6,481.3,498.5,525.9,559.5,597.8,638.4,676.2,708.0,736.4,759.6,774.4,782.3,787.1,788.5,495.0,513.9,539.8,567.7,593.8,675.1,699.7,723.4,745.6,762.1,636.9,639.2,641.6,643.8,609.7,625.7,641.7,657.4,671.1,529.4,547.4,570.3,588.2,569.3,547.0,678.3,694.7,717.1,733.5,719.6,698.3,582.1,604.2,625.5,641.4,657.4,677.7,694.3,678.5,658.9,641.4,624.4,603.2,592.3,625.1,641.2,657.5,685.4,657.1,640.7,624.2,351.5,398.0,442.8,485.6,524.3,557.2,582.4,601.8,607.2,602.7,583.4,557.8,524.3,483.8,439.3,392.7,346.4,305.7,287.0,280.4,283.7,292.6,290.5,280.2,276.7,280.5,294.8,343.7,375.9,407.5,439.4,456.2,462.1,466.9,461.8,455.7,352.3,340.5,341.0,354.2,360.6,360.5,352.7,338.5,337.5,347.4,356.4,357.9,514.3,499.7,493.0,497.2,493.3,499.8,511.4,533.0,541.9,543.5,541.7,533.2,514.4,509.1,510.1,508.7,513.1,520.1,521.7,520.1,-80.1,-79.2,-76.2,-71.5,-63.6,-51.1,-35.7,-18.6,-0.7,16.0,30.4,43.5,54.1,60.8,64.1,66.1,66.5,-63.1,-54.7,-43.3,-31.2,-19.8,15.1,25.8,36.1,45.9,53.2,-1.3,-0.4,0.7,1.6,-13.1,-6.2,0.7,7.5,13.5,-48.1,-40.1,-30.2,-22.4,-30.6,-40.4,16.6,23.8,33.5,40.8,34.7,25.3,-25.2,-15.5,-6.3,0.6,7.5,16.4,23.7,16.8,8.2,0.6,-6.8,-16.0,-20.8,-6.5,0.5,7.6,19.8,7.4,0.3,-6.8,-3.8,17.0,37.2,56.6,73.9,88.2,98.6,106.5,108.7,107.4,99.9,89.3,74.4,56.0,35.7,14.7,-6.1,-23.6,-31.7,-34.4,-32.9,-28.9,-29.9,-34.4,-36.1,-34.5,-28.4,-7.1,6.9,20.4,34.0,41.6,44.1,46.1,43.9,41.4,-3.3,-8.4,-8.2,-2.5,0.2,0.2,-3.2,-9.3,-9.8,-5.5,-1.5,-0.9,67.3,60.5,57.5,59.3,57.6,60.7,66.2,75.3,78.8,79.4,78.7,75.1,67.2,64.5,65.0,64.4,66.8,69.4,70.1,69.4,1340.0,1344.0,1348.8,1351.8,1349.2,1341.9,1330.6,1320.6,1319.5,1327.0,1341.9,1353.9,1358.3,1356.5,1351.5,1346.7,1343.7,1305.7,1301.8,1297.5,1292.5,1288.4,1290.8,1295.1,1299.3,1303.4,1308.0,1294.3,1291.0,1287.5,1284.3,1297.0,1295.5,1294.3,1294.8,1296.1,1304.6,1300.6,1299.6,1300.4,1300.6,1301.5,1303.5,1303.5,1305.1,1309.9,1306.1,1304.4,1308.5,1299.9,1296.4,1295.8,1296.7,1303.2,1312.4,1304.7,1299.8,1298.4,1298.6,1301.2,1306.5,1298.7,1298.2,1299.0,1309.4,1300.8,1299.5,1300.0,2.289,0.187,-0.068,-0.013000000000000001,635.251,437.375,-36.652,-0.705,-28.463,1.2919999999999998,5.065,2.504,3.807,13.793,-8.879,0.968,-11.037,-4.763,9.08,-0.716,3.676,-0.35,2.6260000000000003,-4.928999999999999,-7.1979999999999995,-1.052,-0.9640000000000001,2.335,-0.249,0.5,-0.031,2.641,-0.415,0.72,0.09300000000000001,-1.1179999999999999,1.28,-0.6459999999999999,0.046,0.75,2.0,3.16,0.0,1.76,0.0,0.0,0.0,0.05,0.55,0.0,0.0,0.0,0.0,0.0,1.55,0.67,0.01,1.0,1.0,0.0,1.0,0.0,0.0,0.0,0.0,0.0,0.0,0.0,0.0,0.0,0.0,1.0,1.0,0.0,0.0
86,2.8360000000000003,0.98,0.050916,0.165121,-0.984958,-0.024409,0.172018,-0.984791,0.013000000000000001,0.17,543.6,547.5,558.0,568.7,573.5,570.4,559.1,548.4,532.1,536.9,545.8,558.4,571.1,579.8,585.6,578.9,569.1,558.2,548.0,538.8,554.4,559.0,563.4,565.1,563.1,558.5,554.0,552.3,688.8,692.0,702.5,714.1,720.0,716.7,706.3,693.8,678.5,684.9,694.4,707.0,718.7,726.9,731.8,727.2,719.8,710.2,698.5,687.1,699.4,704.6,709.2,710.6,708.0,702.9,698.2,696.8,347.8,337.6,333.4,337.6,347.7,358.3,362.1,357.9,352.0,345.0,341.3,338.7,339.6,344.1,352.2,357.9,362.1,364.0,362.5,358.4,351.4,353.1,351.3,347.0,342.7,340.9,342.7,347.0,345.6,333.5,327.8,331.7,343.0,355.1,360.9,357.9,353.8,345.2,339.2,336.5,338.4,342.5,349.5,353.3,355.6,356.7,356.7,356.3,350.3,352.1,349.5,344.1,339.1,337.4,339.9,345.3,-36.7,-35.1,-31.1,-27.1,-25.3,-26.5,-30.8,-34.9,-41.2,-39.3,-35.7,-30.9,-26.2,-22.9,-20.7,-23.3,-27.0,-31.1,-35.1,-38.6,-32.6,-30.9,-29.2,-28.5,-29.3,-31.0,-32.7,-33.4,17.8,19.0,22.8,27.1,29.3,28.0,24.2,19.6,14.0,16.4,19.8,24.4,28.8,31.9,33.7,32.0,29.2,25.6,21.3,17.2,21.7,23.6,25.3,25.8,24.9,23.0,21.3,20.7,-4.7,-8.5,-10.1,-8.5,-4.7,-0.6,0.8,-0.8,-3.1,-5.7,-7.1,-8.1,-7.8,-6.0,-3.0,-0.8,0.8,1.5,0.9,-0.6,-3.3,-2.6,-3.3,-4.9,-6.6,-7.3,-6.6,-4.9,-5.3,-9.7,-11.8,-10.3,-6.2,-1.8,0.3,-0.8,-2.3,-5.4,-7.6,-8.6,-7.9,-6.4,-3.9,-2.4,-1.6,-1.2,-1.2,-1.4,-3.5,-2.9,-3.8,-5.8,-7.6,-8.3,-7.3,-5.4,1141.3,1139.6,1138.6,1138.9,1140.3,1142.4,1143.0,1142.7,1146.0,1142.2,1138.9,1137.1,1138.1,1140.3,1143.4,1143.0,1142.2,1142.3,1143.4,1144.9,1142.4,1142.5,1142.1,1141.4,1140.8,1140.6,1141.1,1141.8,1093.9,1094.9,1096.3,1097.4,1097.4,1096.4,1095.0,1094.1,1094.4,1093.7,1093.5,1094.3,1096.7,1099.8,1102.6,1099.7,1096.6,1094.3,1093.3,1093.7,1095.7,1096.1,1096.8,1097.2,1097.2,1096.7,1096.1,1095.6,-2.1,33.9,1310.2,0.153,-0.067,-0.013000000000000001,460.7,463.3,470.7,481.2,498.4,525.8,559.5,598.2,638.7,676.3,707.9,736.2,759.4,774.3,782.1,787.0,788.5,494.8,513.9,539.8,567.6,593.7,674.9,699.7,723.3,745.6,762.4,636.8,639.0,641.4,643.6,609.7,625.6,641.5,657.1,670.9,529.4,547.4,570.4,588.2,569.3,546.8,678.2,694.4,716.9,733.4,719.6,698.2,582.0,604.1,625.3,641.3,657.2,677.4,694.2,678.4,658.8,641.3,624.2,603.1,592.1,624.9,641.1,657.3,685.3,656.9,640.5,624.0,351.7,398.1,442.8,485.6,524.0,556.8,581.8,601.0,606.3,601.8,582.9,557.6,524.4,483.9,439.3,392.4,345.8,305.9,287.2,280.7,283.9,292.4,290.3,280.1,276.8,280.6,294.8,343.8,375.8,407.3,439.0,456.1,461.9,466.7,461.6,455.6,352.7,340.7,341.2,354.6,361.2,361.1,352.8,338.4,337.3,347.4,356.7,358.2,514.3,499.6,492.9,497.0,493.1,499.6,511.2,532.8,541.6,543.2,541.4,533.0,514.3,508.9,509.9,508.4,512.8,520.0,521.6,520.0,-80.4,-79.5,-76.4,-71.8,-63.9,-51.3,-35.8,-18.5,-0.6,16.1,30.5,43.6,54.2,60.9,64.2,66.2,66.7,-63.4,-54.9,-43.5,-31.3,-20.0,15.1,25.9,36.3,46.1,53.6,-1.4,-0.4,0.6,1.5,-13.2,-6.3,0.6,7.4,13.4,-48.3,-40.3,-30.3,-22.5,-30.8,-40.6,16.7,23.8,33.6,40.9,34.8,25.4,-25.4,-15.6,-6.4,0.6,7.5,16.3,23.8,16.8,8.2,0.6,-6.8,-16.1,-20.9,-6.6,0.5,7.5,19.9,7.4,0.2,-7.0,-3.7,17.2,37.4,56.8,74.0,88.3,98.7,106.5,108.7,107.4,100.0,89.5,74.7,56.2,35.8,14.6,-6.4,-23.6,-31.7,-34.4,-32.9,-29.1,-30.1,-34.6,-36.2,-34.6,-28.5,-7.0,6.8,20.4,34.0,41.7,44.2,46.3,44.1,41.5,-3.2,-8.4,-8.2,-2.3,0.5,0.5,-3.1,-9.4,-9.9,-5.5,-1.5,-0.8,67.6,60.8,57.7,59.4,57.8,60.9,66.4,75.5,79.0,79.6,78.9,75.4,67.5,64.7,65.2,64.6,67.0,69.7,70.3,69.6,1345.0,1348.9,1353.7,1356.6,1354.0,1346.7,1335.7,1325.7,1324.5,1332.0,1346.7,1358.6,1363.0,1361.2,1356.4,1351.6,1348.6,1310.8,1307.1,1302.9,1298.0,1294.0,1296.6,1301.0,1305.0,1308.9,1313.5,1300.0,1296.9,1293.6,1290.6,1302.9,1301.5,1300.4,1300.8,1302.0,1309.9,1306.0,1305.1,1305.9,1306.1,1307.0,1309.1,1309.1,1310.7,1315.6,1311.8,1310.0,1314.1,1305.7,1302.3,1301.8,1302.6,1309.0,1317.9,1310.3,1305.3,1303.9,1304.2,1306.9,1312.2,1304.5,1303.9,1304.7,1314.9,1306.3,1305.1,1305.7,2.28,0.185,-0.068,-0.013000000000000001,635.16,437.276,-39.291,-1.025,-29.454,-0.013000000000000001,5.6579999999999995,2.228,3.074,13.591,-8.495,1.052,-11.612,-4.543,8.63,-0.322,3.492,0.267,2.826,-4.905,-6.99,-0.836,-1.287,2.475,-0.645,0.618,-0.24,2.909,-0.402,0.48,0.239,-1.073,0.934,-0.626,0.04,0.733,2.06,3.12,0.0,1.73,0.0,0.0,0.0,0.03,0.56,0.0,0.0,0.0,0.0,0.0,1.54,0.65,0.01,1.0,1.0,0.0,1.0,0.0,0.0,0.0,0.0,0.0,0.0,0.0,0.0,0.0,0.0,1.0,1.0,0.0,0.0
87,2.87,0.98,0.046172000000000005,0.164959,-0.9852190000000001,-0.021208,0.172481,-0.984785,0.013000000000000001,0.17,543.3,547.3,557.8,568.6,573.4,570.2,558.9,548.1,532.0,536.7,545.7,558.2,570.8,579.6,585.5,578.8,569.0,558.2,548.0,538.7,554.2,558.7,563.2,564.9,562.9,558.3,553.9,552.2,688.7,691.9,702.4,713.9,719.7,716.5,706.0,693.6,678.4,684.6,693.9,706.6,718.4,726.6,731.5,726.8,719.4,709.8,698.1,686.8,699.3,704.4,709.0,710.5,707.9,702.8,698.1,696.7,347.8,337.7,333.6,337.8,347.9,358.4,362.1,357.9,351.9,345.0,341.4,338.8,339.7,344.2,352.3,358.2,362.6,364.5,362.9,358.6,351.3,353.1,351.4,347.1,342.8,341.0,342.8,347.1,345.8,333.8,328.1,332.0,343.2,355.2,360.9,358.0,353.8,345.4,339.5,336.7,338.6,342.7,349.7,353.5,355.7,356.8,356.8,356.3,350.4,352.2,349.6,344.3,339.3,337.6,340.1,345.4,-36.7,-35.1,-31.1,-27.0,-25.2,-26.5,-30.8,-34.9,-41.1,-39.2,-35.7,-30.9,-26.2,-22.9,-20.7,-23.3,-27.0,-31.1,-35.0,-38.5,-32.6,-30.8,-29.2,-28.5,-29.2,-31.0,-32.7,-33.3,17.9,19.1,23.0,27.3,29.4,28.2,24.3,19.7,14.1,16.4,19.8,24.5,28.9,32.0,33.9,32.1,29.3,25.7,21.4,17.2,21.8,23.7,25.5,26.0,25.1,23.2,21.4,20.9,-4.6,-8.4,-10.0,-8.4,-4.6,-0.6,0.8,-0.8,-3.1,-5.7,-7.0,-8.0,-7.7,-6.0,-2.9,-0.7,1.0,1.7,1.1,-0.6,-3.3,-2.6,-3.3,-4.9,-6.5,-7.2,-6.5,-4.9,-5.2,-9.7,-11.8,-10.3,-6.2,-1.8,0.3,-0.7,-2.3,-5.4,-7.6,-8.6,-7.9,-6.4,-3.8,-2.4,-1.6,-1.2,-1.2,-1.4,-3.5,-2.9,-3.8,-5.8,-7.6,-8.3,-7.3,-5.4,1137.6,1135.9,1134.9,1135.2,1136.6,1138.7,1139.4,1139.1,1142.3,1138.4,1135.1,1133.3,1134.2,1136.6,1139.7,1139.4,1138.6,1138.8,1139.8,1141.3,1138.7,1138.8,1138.4,1137.7,1137.0,1136.9,1137.3,1138.1,1103.9,1104.9,1106.3,1107.3,1107.3,1106.4,1105.0,1104.1,1104.5,1103.8,1103.6,1104.3,1106.6,1109.7,1112.4,1109.6,1106.6,1104.3,1103.3,1103.8,1105.7,1106.1,1106.7,1107.2,1107.1,1106.7,1106.1,1105.7,-2.2,33.9,1311.1,0.155,-0.064,-0.013000000000000001,460.6,463.2,470.7,481.3,498.4,525.7,559.3,597.7,638.3,676.2,708.0,736.6,759.6,774.3,782.0,786.8,788.2,494.9,514.0,539.7,567.2,593.2,674.8,699.4,722.9,745.1,761.8,636.6,638.8,641.0,643.2,609.3,625.2,641.1,656.8,670.6,529.4,547.3,570.3,588.0,569.2,546.6,677.9,694.1,716.6,733.1,719.2,697.8,581.4,603.6,625.0,640.8,656.6,677.0,694.0,677.9,658.1,640.8,623.9,602.6,591.4,624.6,640.7,656.8,685.1,656.4,640.1,623.7,351.5,397.9,442.7,485.6,524.0,556.7,581.5,600.7,605.9,601.5,582.4,557.0,523.7,483.4,439.1,392.4,346.1,305.8,287.3,280.9,284.0,292.6,290.5,280.4,277.1,280.8,294.9,343.9,376.1,407.6,439.4,456.3,462.2,467.0,461.9,455.9,352.8,340.8,341.3,354.8,361.4,361.2,353.0,338.5,337.5,347.7,356.9,358.3,514.2,499.7,493.0,497.2,493.3,499.7,511.1,532.8,541.7,543.2,541.4,533.0,514.3,509.1,510.1,508.6,512.8,520.0,521.5,520.0,-80.5,-79.6,-76.5,-71.9,-64.0,-51.4,-36.0,-18.7,-0.7,16.1,30.6,43.8,54.4,61.0,64.2,66.2,66.6,-63.5,-54.9,-43.6,-31.5,-20.2,15.0,25.8,36.1,45.9,53.4,-1.5,-0.5,0.4,1.4,-13.3,-6.4,0.5,7.3,13.3,-48.3,-40.4,-30.4,-22.6,-30.9,-40.7,16.6,23.6,33.5,40.8,34.7,25.3,-25.7,-15.8,-6.5,0.4,7.2,16.1,23.7,16.6,7.9,0.4,-7.0,-16.3,-21.3,-6.7,0.3,7.3,19.8,7.1,0.0,-7.1,-3.8,17.1,37.3,56.8,74.1,88.4,98.7,106.5,108.7,107.3,99.9,89.3,74.4,56.0,35.8,14.6,-6.3,-23.7,-31.7,-34.4,-32.9,-29.1,-30.1,-34.6,-36.1,-34.6,-28.5,-7.0,7.0,20.5,34.2,41.9,44.4,46.4,44.2,41.7,-3.1,-8.4,-8.1,-2.3,0.6,0.5,-3.1,-9.4,-9.8,-5.4,-1.4,-0.7,67.6,60.8,57.8,59.6,57.9,61.0,66.4,75.5,79.1,79.7,78.9,75.4,67.6,64.9,65.3,64.7,67.0,69.7,70.3,69.7,1346.3,1350.3,1355.1,1358.0,1355.4,1348.1,1337.0,1326.8,1325.5,1332.8,1347.5,1359.5,1363.8,1361.8,1356.9,1352.1,1349.1,1311.6,1307.9,1303.8,1299.0,1295.0,1297.5,1301.9,1305.9,1309.6,1313.9,1300.9,1297.8,1294.5,1291.5,1303.9,1302.5,1301.3,1301.7,1302.9,1310.8,1306.9,1305.9,1306.7,1306.9,1307.8,1309.9,1309.9,1311.4,1316.3,1312.5,1310.8,1315.4,1306.9,1303.4,1302.8,1303.5,1310.0,1319.1,1311.1,1306.0,1304.7,1305.0,1307.9,1313.4,1305.5,1304.9,1305.7,1316.1,1307.1,1305.9,1306.5,2.278,0.187,-0.064,-0.013000000000000001,634.885,437.32099999999997,-39.29,-0.324,-29.584,-0.389,5.444,2.46,2.748,13.59,-8.843,1.4080000000000001,-11.627,-3.952,8.658,-0.48,3.398,0.377,3.2560000000000002,-4.913,-6.919,-0.8290000000000001,-1.1640000000000001,2.421,-0.503,0.693,-0.217,3.0860000000000003,-0.377,0.375,0.305,-1.069,0.9159999999999999,-0.64,0.039,0.727,1.97,3.05,0.0,1.69,0.0,0.0,0.0,0.0,0.54,0.0,0.0,0.0,0.0,0.0,1.53,0.66,0.02,1.0,1.0,0.0,1.0,0.0,0.0,0.0,0.0,0.0,0.0,0.0,0.0,0.0,0.0,1.0,1.0,0.0,0.0
88,2.903,0.98,0.045417,0.180127,-0.9825940000000001,-0.023094999999999997,0.18388800000000002,-0.982676,0.011000000000000001,0.183,543.3,547.3,557.7,568.3,573.0,569.8,558.6,548.0,531.9,536.5,545.4,557.9,570.7,579.6,585.4,578.7,568.6,557.5,547.3,538.3,554.0,558.5,563.0,564.7,562.7,558.2,553.7,552.0,688.3,691.7,702.2,713.6,719.4,716.0,705.5,693.2,678.1,684.2,693.4,706.1,718.0,726.3,731.3,726.6,719.1,709.5,697.8,686.5,698.9,704.0,708.7,710.2,707.6,702.5,697.9,696.4,348.1,337.9,333.8,338.1,348.4,359.0,362.7,358.4,352.4,345.5,341.8,339.3,340.4,345.0,352.7,358.0,361.5,363.2,361.9,358.3,351.9,353.8,352.0,347.7,343.3,341.5,343.2,347.6,346.3,334.4,328.8,332.7,343.9,355.8,361.4,358.4,354.0,345.8,340.0,337.3,339.2,343.2,350.1,354.0,356.2,357.4,357.4,356.8,351.0,352.7,350.2,344.9,340.0,338.2,340.7,346.0,-37.1,-35.5,-31.5,-27.4,-25.7,-26.9,-31.2,-35.3,-41.6,-39.7,-36.2,-31.4,-26.5,-23.1,-21.0,-23.5,-27.4,-31.6,-35.6,-39.1,-33.0,-31.3,-29.5,-28.9,-29.6,-31.4,-33.1,-33.7,17.9,19.2,23.1,27.4,29.5,28.2,24.3,19.7,14.1,16.4,19.8,24.5,28.9,32.1,34.1,32.2,29.4,25.8,21.4,17.2,21.9,23.8,25.5,26.1,25.1,23.2,21.5,20.9,-4.6,-8.4,-10.0,-8.4,-4.5,-0.4,1.0,-0.6,-2.9,-5.6,-7.0,-7.9,-7.5,-5.7,-2.8,-0.8,0.6,1.2,0.7,-0.6,-3.1,-2.4,-3.1,-4.7,-6.4,-7.1,-6.4,-4.8,-5.1,-9.5,-11.6,-10.1,-6.0,-1.6,0.5,-0.6,-2.2,-5.3,-7.4,-8.4,-7.7,-6.3,-3.7,-2.2,-1.4,-1.0,-1.0,-1.2,-3.4,-2.7,-3.6,-5.6,-7.4,-8.1,-7.2,-5.2,1150.1,1148.6,1147.6,1147.7,1148.8,1150.6,1151.3,1151.2,1155.2,1151.4,1148.1,1146.2,1147.0,1149.1,1152.0,1151.4,1150.5,1150.7,1151.9,1153.7,1150.9,1151.0,1150.6,1149.9,1149.5,1149.4,1149.8,1150.5,1111.3,1112.2,1113.5,1114.4,1114.4,1113.5,1112.2,1111.4,1111.9,1111.2,1110.9,1111.5,1113.7,1116.7,1119.5,1116.7,1113.7,1111.5,1110.6,1111.1,1112.9,1113.3,1113.9,1114.3,1114.3,1113.9,1113.3,1112.9,-2.3,34.0,1308.7,0.16,-0.061,-0.013000000000000001,460.8,463.2,470.5,481.1,498.1,525.3,559.0,597.5,638.4,676.4,708.2,736.7,759.6,774.1,781.8,786.6,788.0,495.0,514.1,539.8,567.4,593.4,674.3,699.0,722.7,744.9,761.6,636.3,638.4,640.7,642.8,608.9,624.8,640.7,656.4,670.2,529.2,547.1,569.9,587.7,568.9,546.5,677.5,693.9,716.3,732.8,718.8,697.5,581.0,603.3,624.6,640.4,656.2,676.6,693.6,677.5,657.7,640.4,623.4,602.3,591.1,624.2,640.2,656.3,684.7,656.0,639.7,623.3,351.2,397.6,442.5,485.4,523.9,556.7,581.6,600.8,606.1,601.5,582.4,556.9,523.6,483.3,439.0,392.5,346.2,306.0,287.8,281.4,284.7,293.5,291.3,281.2,277.8,281.5,295.7,344.3,376.6,408.4,440.4,456.9,462.8,467.7,462.6,456.5,352.9,341.1,341.7,354.9,361.3,361.2,353.3,339.1,338.2,348.0,357.2,358.6,514.4,500.2,493.7,497.9,494.0,500.4,511.6,533.2,541.9,543.5,541.7,533.2,514.6,509.7,510.7,509.3,513.3,520.1,521.7,520.0,-80.3,-79.5,-76.5,-71.9,-64.1,-51.5,-36.0,-18.8,-0.7,16.1,30.6,43.8,54.3,60.8,64.0,66.0,66.4,-63.3,-54.8,-43.5,-31.4,-20.1,14.8,25.5,35.9,45.7,53.2,-1.6,-0.7,0.3,1.2,-13.5,-6.6,0.3,7.1,13.1,-48.3,-40.4,-30.5,-22.7,-30.9,-40.7,16.3,23.5,33.3,40.6,34.4,25.1,-25.8,-16.0,-6.7,0.2,7.0,15.9,23.5,16.3,7.7,0.2,-7.2,-16.4,-21.4,-6.9,0.1,7.1,19.6,6.9,-0.2,-7.2,-4.0,16.9,37.2,56.7,74.0,88.3,98.6,106.3,108.6,107.2,99.8,89.1,74.3,55.9,35.7,14.6,-6.2,-23.6,-31.4,-34.1,-32.5,-28.6,-29.6,-34.1,-35.7,-34.2,-28.1,-6.8,7.2,20.8,34.5,42.0,44.5,46.6,44.4,41.8,-3.1,-8.2,-8.0,-2.2,0.6,0.5,-2.9,-9.1,-9.5,-5.2,-1.2,-0.6,67.6,60.9,58.0,59.7,58.1,61.2,66.5,75.5,79.1,79.6,78.9,75.4,67.5,65.0,65.4,64.9,67.1,69.6,70.2,69.6,1344.4,1348.4,1353.4,1356.5,1353.9,1346.6,1335.0,1324.7,1323.4,1331.0,1345.9,1357.9,1362.2,1360.2,1355.0,1350.0,1346.8,1309.5,1305.7,1301.5,1296.4,1292.2,1294.5,1298.9,1302.9,1306.9,1311.4,1298.2,1295.0,1291.7,1288.6,1301.3,1299.8,1298.6,1299.1,1300.3,1308.6,1304.6,1303.5,1304.3,1304.6,1305.5,1307.3,1307.2,1308.7,1313.5,1309.8,1308.1,1313.1,1304.4,1300.8,1300.2,1301.0,1307.4,1316.5,1308.6,1303.7,1302.4,1302.7,1305.6,1311.0,1303.1,1302.5,1303.3,1313.6,1304.7,1303.5,1304.1,2.282,0.192,-0.061,-0.013000000000000001,634.63,437.656,-36.777,-0.171,-29.294,0.321,4.922,2.9739999999999998,3.2239999999999998,13.574000000000002,-9.093,1.4269999999999998,-10.989,-4.743,9.001,-0.7240000000000001,3.4010000000000002,0.5720000000000001,3.092,-4.769,-7.152,-0.976,-0.902,2.539,-0.406,0.764,-0.332,2.989,-0.516,0.451,0.21600000000000003,-1.125,1.095,-0.703,0.034,0.784,1.98,3.07,0.0,1.58,0.0,0.0,0.0,0.01,0.54,0.0,0.0,0.0,0.0,0.0,1.51,0.71,0.01,1.0,1.0,0.0,1.0,0.0,0.0,0.0,0.0,0.0,0.0,0.0,0.0,0.0,0.0,1.0,1.0,0.0,0.0
89,2.9360000000000004,0.98,0.048361,0.197647,-0.97908,-0.019494,0.195838,-0.9804430000000001,0.015,0.198,543.2,547.3,557.6,568.2,572.8,569.6,558.4,547.8,531.5,536.3,545.4,557.8,570.5,579.3,585.0,578.3,568.4,557.3,546.9,537.8,553.9,558.4,562.7,564.5,562.5,558.0,553.7,551.9,688.3,691.8,702.3,713.7,719.3,715.8,705.3,693.1,678.1,684.1,693.3,705.9,717.8,726.1,731.1,726.3,718.8,709.2,697.5,686.3,698.9,703.9,708.5,710.1,707.6,702.6,698.0,696.5,348.8,338.6,334.3,338.6,348.9,359.7,363.4,359.1,353.1,346.1,342.1,339.7,341.1,346.0,353.8,358.0,360.7,362.0,361.1,358.1,352.7,354.5,352.7,348.4,344.0,342.2,344.0,348.3,347.1,335.2,329.6,333.5,344.7,356.6,362.2,359.2,354.7,346.5,340.8,338.1,340.0,343.8,350.6,354.5,356.9,358.1,358.1,357.4,351.6,353.3,350.8,345.6,340.7,339.0,341.5,346.7,-37.7,-36.0,-32.0,-27.9,-26.1,-27.4,-31.8,-35.9,-42.4,-40.4,-36.7,-31.9,-27.0,-23.6,-21.4,-24.0,-27.9,-32.2,-36.3,-39.9,-33.5,-31.8,-30.1,-29.4,-30.1,-31.9,-33.6,-34.3,18.0,19.3,23.3,27.6,29.7,28.4,24.4,19.8,14.2,16.4,19.9,24.6,29.1,32.3,34.2,32.4,29.5,25.8,21.4,17.3,22.0,23.9,25.6,26.2,25.3,23.4,21.7,21.1,-4.3,-8.3,-10.0,-8.3,-4.3,-0.1,1.3,-0.3,-2.7,-5.4,-6.9,-7.9,-7.3,-5.5,-2.4,-0.8,0.3,0.8,0.4,-0.7,-2.8,-2.1,-2.8,-4.5,-6.2,-6.9,-6.2,-4.5,-4.8,-9.3,-11.4,-9.9,-5.7,-1.3,0.8,-0.3,-2.0,-5.0,-7.2,-8.2,-7.5,-6.1,-3.5,-2.1,-1.2,-0.7,-0.7,-1.0,-3.1,-2.5,-3.4,-5.4,-7.2,-7.9,-6.9,-5.0,1167.2,1165.9,1165.1,1165.1,1166.1,1167.7,1168.3,1168.2,1172.3,1168.8,1165.5,1163.8,1164.7,1166.8,1169.5,1168.6,1167.5,1167.5,1168.7,1170.6,1168.1,1168.1,1167.7,1167.2,1166.8,1166.7,1167.1,1167.7,1119.4,1120.2,1121.4,1122.4,1122.5,1121.8,1120.5,1119.8,1120.3,1119.4,1119.0,1119.6,1121.7,1124.7,1127.5,1124.8,1121.9,1119.7,1118.9,1119.5,1121.2,1121.6,1122.1,1122.4,1122.4,1122.0,1121.4,1121.1,-2.4,34.3,1307.9,0.16899999999999998,-0.057999999999999996,-0.012,460.9,463.1,470.3,480.9,498.2,525.7,559.2,597.1,637.6,675.6,707.5,736.1,759.3,774.2,782.0,786.7,788.1,495.2,514.2,539.8,567.3,593.1,674.2,698.9,722.6,744.8,761.2,636.0,638.1,640.3,642.4,608.6,624.5,640.4,656.1,669.9,529.0,546.9,569.5,587.4,568.6,546.4,677.4,693.8,716.1,732.5,718.5,697.3,580.5,602.8,624.3,640.1,656.0,676.5,693.5,677.3,657.5,640.1,623.1,601.8,590.6,623.9,639.9,656.1,684.6,655.8,639.4,623.0,351.4,397.7,442.5,485.3,524.0,556.9,582.1,601.6,607.0,602.4,582.8,557.1,523.6,483.3,439.1,392.7,346.7,306.6,288.4,282.1,285.6,294.5,292.4,282.2,278.8,282.7,296.9,344.9,377.5,409.3,441.5,457.6,463.5,468.4,463.4,457.3,353.1,341.5,342.1,355.2,361.5,361.3,353.9,339.9,339.0,348.7,357.7,359.0,514.5,500.7,494.4,498.6,494.8,501.0,511.8,533.6,542.5,544.1,542.2,533.6,514.9,510.4,511.5,510.0,513.6,520.7,522.2,520.5,-80.2,-79.5,-76.5,-71.9,-64.0,-51.3,-35.9,-18.9,-1.0,15.8,30.3,43.5,54.2,60.8,64.1,66.0,66.4,-63.2,-54.7,-43.4,-31.4,-20.2,14.7,25.5,35.8,45.6,52.9,-1.7,-0.8,0.1,1.0,-13.6,-6.7,0.2,7.0,12.9,-48.4,-40.5,-30.6,-22.9,-31.0,-40.7,16.3,23.4,33.1,40.5,34.3,24.9,-26.0,-16.1,-6.8,0.0,6.9,15.9,23.5,16.3,7.6,0.0,-7.3,-16.6,-21.6,-7.0,-0.0,7.0,19.5,6.9,-0.3,-7.4,-3.9,16.9,37.2,56.7,74.0,88.4,98.8,106.7,109.0,107.5,99.9,89.2,74.3,55.9,35.7,14.7,-6.0,-23.3,-31.1,-33.8,-32.1,-28.2,-29.2,-33.6,-35.2,-33.6,-27.5,-6.5,7.5,21.2,35.0,42.3,44.8,46.9,44.7,42.1,-3.0,-8.0,-7.8,-2.1,0.6,0.6,-2.7,-8.8,-9.2,-5.0,-1.0,-0.4,67.6,61.2,58.2,60.0,58.4,61.4,66.6,75.7,79.3,79.9,79.1,75.5,67.7,65.3,65.7,65.2,67.2,69.8,70.4,69.8,1343.5,1347.8,1353.0,1356.3,1353.7,1346.2,1334.7,1324.5,1323.4,1331.0,1345.8,1357.6,1361.6,1359.5,1354.1,1348.8,1345.4,1308.5,1304.5,1300.3,1295.2,1291.0,1293.1,1297.3,1301.4,1305.2,1309.7,1296.9,1293.7,1290.4,1287.3,1300.3,1298.8,1297.6,1298.0,1299.3,1307.6,1303.5,1302.4,1303.2,1303.5,1304.5,1305.9,1305.8,1307.2,1312.0,1308.3,1306.7,1312.7,1303.8,1300.1,1299.5,1300.3,1306.8,1316.0,1308.4,1303.4,1302.0,1302.3,1305.2,1310.6,1302.5,1301.9,1302.7,1313.1,1304.3,1303.0,1303.6,2.2840000000000003,0.201,-0.057999999999999996,-0.012,634.4169999999999,438.204,-36.605,-0.10300000000000001,-28.366999999999997,0.49,4.942,3.677,3.7110000000000003,13.472999999999999,-9.066,1.141,-10.663,-4.84,9.384,-1.3230000000000002,3.287,0.10099999999999999,2.675,-4.93,-6.8020000000000005,-1.189,-0.7829999999999999,2.3890000000000002,-0.19699999999999998,0.818,-0.187,2.6180000000000003,-0.585,0.688,0.16899999999999998,-1.094,1.307,-0.7859999999999999,0.065,0.782,1.94,3.07,0.0,1.59,0.0,0.0,0.0,0.01,0.57,0.0,0.0,0.0,0.0,0.0,1.48,0.76,0.01,1.0,1.0,0.0,1.0,0.0,0.0,0.0,0.0,0.0,0.0,0.0,0.0,0.0,0.0,1.0,1.0,0.0,0.0
90,2.97,0.98,0.046622000000000004,0.177288,-0.9830540000000001,-0.028727999999999997,0.176451,-0.9838899999999999,0.009000000000000001,0.17800000000000002,543.1,547.1,557.6,568.3,573.0,569.8,558.5,547.8,531.5,536.4,545.3,557.9,570.7,579.4,585.2,578.3,568.4,557.5,547.4,538.3,554.0,558.5,562.8,564.5,562.6,558.1,553.7,552.0,688.1,691.2,701.7,713.3,719.2,716.0,705.6,693.2,678.0,683.9,693.1,705.8,717.8,726.1,731.2,726.6,719.2,709.7,697.9,686.5,698.8,703.9,708.5,709.9,707.3,702.2,697.6,696.2,349.4,339.3,335.3,339.6,349.7,360.2,363.8,359.5,353.2,346.5,343.1,340.7,341.7,346.2,354.2,359.9,364.0,365.7,364.0,359.7,352.9,354.7,353.1,348.9,344.6,342.8,344.5,348.7,347.5,335.6,329.8,333.7,344.9,356.8,362.6,359.7,355.4,347.2,341.4,338.7,340.5,344.4,351.4,355.3,357.5,358.7,358.7,358.2,352.2,353.9,351.3,346.0,341.1,339.4,341.9,347.2,-36.8,-35.2,-31.2,-27.1,-25.4,-26.7,-31.0,-35.0,-41.3,-39.4,-35.9,-31.0,-26.2,-23.0,-20.8,-23.5,-27.2,-31.3,-35.2,-38.7,-32.7,-31.0,-29.3,-28.6,-29.4,-31.1,-32.7,-33.4,17.7,18.9,22.8,27.1,29.3,28.1,24.2,19.6,14.0,16.2,19.6,24.2,28.7,31.9,33.8,32.0,29.2,25.7,21.3,17.1,21.7,23.6,25.3,25.8,24.9,23.0,21.2,20.7,-4.0,-7.8,-9.4,-7.7,-3.9,0.1,1.4,-0.2,-2.6,-5.1,-6.4,-7.3,-6.9,-5.2,-2.2,-0.0,1.5,2.2,1.5,-0.1,-2.7,-2.0,-2.6,-4.2,-5.8,-6.5,-5.9,-4.3,-4.6,-9.0,-11.1,-9.7,-5.6,-1.2,0.9,-0.1,-1.7,-4.7,-6.8,-7.9,-7.2,-5.8,-3.2,-1.8,-0.9,-0.5,-0.5,-0.7,-2.9,-2.3,-3.2,-5.2,-7.0,-7.6,-6.7,-4.7,1138.6,1136.7,1135.6,1135.9,1137.4,1139.6,1140.4,1140.1,1143.2,1139.2,1135.9,1133.9,1134.8,1137.1,1140.3,1140.0,1139.2,1139.4,1140.5,1142.1,1139.6,1139.7,1139.3,1138.5,1137.9,1137.7,1138.2,1139.0,1104.7,1105.8,1107.1,1108.1,1108.0,1107.0,1105.6,1104.8,1105.2,1104.6,1104.4,1105.1,1107.3,1110.2,1112.9,1110.1,1107.1,1104.8,1103.9,1104.5,1106.4,1106.8,1107.4,1107.9,1107.9,1107.5,1106.9,1106.4,-2.4,34.7,1312.4,0.168,-0.059000000000000004,-0.012,461.0,463.4,470.6,481.2,498.4,525.7,559.0,597.0,637.4,675.2,707.2,735.9,759.2,774.0,781.8,786.6,788.0,495.2,514.6,540.1,567.3,592.9,674.5,699.1,722.6,744.7,761.5,636.1,638.1,640.3,642.3,608.6,624.5,640.3,656.0,669.7,529.0,546.9,569.8,587.6,568.7,546.3,677.4,693.7,716.2,732.7,718.8,697.4,580.3,602.8,624.2,640.0,655.8,676.3,693.4,677.1,657.2,639.8,622.9,601.7,590.4,623.7,639.8,656.0,684.6,655.5,639.2,622.8,352.0,398.3,443.1,486.0,524.5,557.4,582.5,601.9,607.3,602.7,583.4,557.6,524.1,483.7,439.4,392.9,346.5,307.2,289.4,283.4,286.7,295.2,293.1,283.0,279.7,283.4,297.3,345.8,378.2,410.1,442.2,458.4,464.4,469.3,464.2,458.2,354.2,342.4,343.1,356.5,363.0,362.8,354.8,340.4,339.4,349.4,358.7,360.1,515.2,501.4,495.1,499.2,495.4,501.5,512.3,534.1,543.0,544.6,542.7,534.1,515.5,511.0,512.1,510.6,514.2,521.2,522.7,521.1,-80.4,-79.6,-76.6,-72.0,-64.1,-51.5,-36.1,-19.0,-1.1,15.7,30.2,43.5,54.2,60.9,64.2,66.1,66.6,-63.3,-54.7,-43.4,-31.5,-20.3,14.9,25.7,35.9,45.7,53.2,-1.7,-0.8,0.1,1.0,-13.6,-6.7,0.1,6.9,12.9,-48.5,-40.6,-30.6,-22.8,-31.1,-40.9,16.3,23.5,33.3,40.7,34.5,25.1,-26.2,-16.2,-6.9,-0.0,6.9,15.9,23.5,16.2,7.5,-0.1,-7.5,-16.7,-21.7,-7.1,-0.1,7.0,19.6,6.8,-0.4,-7.5,-3.6,17.3,37.6,57.1,74.4,88.8,99.3,107.2,109.4,108.0,100.5,89.7,74.7,56.2,35.9,14.8,-6.1,-23.1,-30.8,-33.3,-31.8,-28.0,-29.0,-33.4,-34.9,-33.5,-27.5,-6.2,7.9,21.6,35.4,42.8,45.3,47.4,45.3,42.7,-2.5,-7.7,-7.4,-1.5,1.3,1.2,-2.3,-8.5,-9.0,-4.7,-0.6,0.0,68.1,61.7,58.7,60.5,58.9,61.9,67.0,76.2,79.8,80.4,79.6,76.0,68.2,65.8,66.3,65.6,67.7,70.3,70.9,70.2,1347.3,1351.6,1356.7,1359.9,1357.5,1350.4,1339.2,1329.0,1327.8,1335.1,1349.7,1361.4,1365.4,1363.2,1358.0,1352.8,1349.5,1312.3,1308.6,1304.5,1299.7,1295.6,1297.8,1302.0,1305.9,1309.6,1313.9,1301.6,1298.6,1295.4,1292.5,1305.1,1303.6,1302.4,1302.9,1304.0,1311.9,1307.8,1306.8,1307.6,1307.8,1308.8,1310.5,1310.3,1311.7,1316.5,1312.9,1311.2,1317.2,1308.6,1304.9,1304.3,1305.0,1311.5,1320.5,1312.7,1307.6,1306.3,1306.7,1309.7,1315.2,1307.2,1306.6,1307.3,1317.6,1308.6,1307.4,1308.0,2.276,0.201,-0.059000000000000004,-0.012,634.384,438.884,-38.655,-0.61,-29.256,-0.314,5.041,3.41,2.7310000000000003,13.015,-9.282,0.894,-11.02,-3.97,8.807,-0.831,3.241,0.361,3.051,-4.75,-6.649,-1.138,-1.103,2.549,-0.479,1.061,-0.215,3.029,-0.409,0.43200000000000005,0.294,-0.9890000000000001,0.9309999999999999,-0.693,0.027000000000000003,0.711,2.0,3.1,0.0,1.66,0.0,0.0,0.0,0.04,0.59,0.0,0.0,0.0,0.0,0.0,1.46,0.68,0.0,1.0,1.0,0.0,1.0,0.0,0.0,0.0,0.0,0.0,0.0,0.0,0.0,0.0,0.0,1.0,1.0,0.0,0.0
91,3.003,0.98,0.044427,0.19613699999999998,-0.97957,-0.03057,0.190052,-0.981298,0.006999999999999999,0.19399999999999998,543.3,547.2,557.6,568.2,572.9,569.7,558.6,548.0,531.8,536.5,545.5,557.9,570.7,579.5,585.2,578.3,568.4,557.4,547.2,538.2,554.0,558.5,562.9,564.6,562.6,558.1,553.7,552.0,688.1,691.4,701.9,713.3,719.1,715.8,705.3,693.0,678.1,684.1,693.3,705.8,717.7,726.1,731.2,726.5,719.0,709.4,697.7,686.5,698.8,703.8,708.5,709.9,707.4,702.3,697.7,696.2,350.0,339.9,335.7,340.0,350.2,360.9,364.5,360.3,353.9,347.1,343.4,341.0,342.3,347.1,355.1,359.6,362.8,364.1,362.9,359.4,353.8,355.6,353.8,349.5,345.2,343.4,345.1,349.4,348.1,336.3,330.7,334.6,345.7,357.5,363.1,360.2,355.8,347.7,342.0,339.2,341.0,344.9,351.8,355.8,358.1,359.3,359.3,358.7,352.7,354.5,352.0,346.8,341.9,340.1,342.6,347.8,-37.4,-35.8,-31.8,-27.7,-25.9,-27.1,-31.5,-35.6,-42.0,-40.0,-36.4,-31.6,-26.7,-23.4,-21.2,-23.9,-27.7,-31.9,-35.9,-39.4,-33.2,-31.5,-29.8,-29.1,-29.9,-31.6,-33.3,-34.0,17.9,19.2,23.1,27.4,29.5,28.3,24.3,19.7,14.2,16.4,19.8,24.5,29.0,32.2,34.2,32.3,29.5,25.8,21.5,17.3,21.9,23.8,25.5,26.1,25.2,23.3,21.5,21.0,-3.8,-7.8,-9.4,-7.7,-3.8,0.3,1.8,0.1,-2.4,-5.0,-6.4,-7.3,-6.8,-5.0,-1.9,-0.1,1.1,1.6,1.1,-0.2,-2.4,-1.7,-2.4,-4.0,-5.7,-6.4,-5.7,-4.1,-4.4,-8.8,-10.9,-9.5,-5.3,-0.9,1.2,0.1,-1.6,-4.6,-6.7,-7.7,-7.1,-5.6,-3.1,-1.6,-0.7,-0.2,-0.3,-0.5,-2.7,-2.1,-3.0,-4.9,-6.8,-7.4,-6.5,-4.5,1158.4,1156.8,1155.8,1156.0,1157.1,1159.0,1159.7,1159.6,1163.4,1159.5,1156.2,1154.3,1155.1,1157.3,1160.3,1159.6,1158.6,1158.8,1160.0,1161.8,1159.3,1159.3,1158.9,1158.3,1157.8,1157.7,1158.1,1158.8,1116.8,1117.7,1119.0,1119.8,1119.7,1118.8,1117.5,1116.8,1117.5,1116.7,1116.3,1116.9,1119.1,1122.0,1124.8,1122.0,1119.0,1116.8,1116.0,1116.6,1118.4,1118.7,1119.3,1119.7,1119.7,1119.4,1118.8,1118.4,-2.4,34.8,1310.5,0.172,-0.057999999999999996,-0.012,461.2,463.5,470.7,481.3,498.5,525.8,559.3,597.3,637.7,675.4,707.2,735.9,759.3,774.2,782.0,786.8,788.2,495.2,514.3,540.0,567.5,593.3,674.3,699.2,723.0,745.3,761.8,636.1,638.2,640.4,642.5,608.7,624.5,640.4,656.1,669.9,529.2,547.0,569.8,587.6,568.8,546.4,677.4,693.8,716.1,732.6,718.7,697.3,580.7,603.1,624.5,640.1,655.9,676.3,693.4,677.1,657.4,640.1,623.3,602.1,590.8,624.0,639.9,656.0,684.5,655.6,639.4,623.2,352.2,398.4,443.1,485.8,524.2,557.2,582.4,602.1,607.6,603.0,583.6,557.9,524.5,484.2,439.8,393.3,347.0,308.0,290.0,283.8,287.3,296.2,294.1,283.9,280.6,284.5,298.8,346.5,379.0,410.9,443.1,458.9,464.9,469.8,464.7,458.7,354.3,342.7,343.4,356.6,362.9,362.8,355.2,341.0,340.1,349.8,359.0,360.4,515.6,502.0,495.7,499.9,496.1,502.2,512.7,534.5,543.2,544.7,542.8,534.3,515.9,511.6,512.7,511.2,514.6,521.5,523.0,521.3,-80.2,-79.4,-76.5,-71.9,-64.0,-51.3,-36.0,-18.9,-1.0,15.7,30.2,43.5,54.2,60.9,64.2,66.1,66.6,-63.3,-54.7,-43.4,-31.4,-20.1,14.8,25.6,36.1,45.9,53.3,-1.7,-0.8,0.2,1.1,-13.6,-6.7,0.2,7.0,13.0,-48.4,-40.5,-30.6,-22.8,-31.0,-40.8,16.3,23.5,33.2,40.6,34.4,25.0,-26.0,-16.1,-6.7,0.1,6.9,15.8,23.5,16.2,7.6,0.1,-7.3,-16.5,-21.5,-7.0,-0.0,7.0,19.5,6.8,-0.3,-7.3,-3.5,17.3,37.5,57.0,74.2,88.7,99.2,107.1,109.4,108.0,100.5,89.7,74.8,56.4,36.1,15.0,-5.8,-22.7,-30.5,-33.1,-31.4,-27.5,-28.5,-32.9,-34.5,-32.9,-26.8,-5.9,8.2,21.9,35.7,43.0,45.5,47.6,45.4,42.8,-2.5,-7.5,-7.2,-1.5,1.3,1.2,-2.1,-8.3,-8.7,-4.4,-0.4,0.2,68.2,61.8,59.0,60.7,59.1,62.1,67.1,76.2,79.8,80.3,79.5,76.0,68.3,65.9,66.4,65.8,67.8,70.3,70.9,70.2,1345.8,1350.2,1355.4,1358.7,1356.2,1348.9,1337.5,1327.3,1326.1,1333.6,1348.4,1360.3,1364.4,1362.1,1356.7,1351.3,1347.6,1310.8,1306.8,1302.6,1297.5,1293.3,1295.4,1299.6,1303.7,1307.5,1312.2,1299.4,1296.3,1293.0,1290.1,1302.9,1301.4,1300.3,1300.7,1301.9,1310.0,1306.0,1304.9,1305.7,1306.0,1307.0,1308.4,1308.2,1309.6,1314.4,1310.8,1309.2,1315.5,1306.7,1302.9,1302.3,1303.1,1309.6,1318.8,1310.9,1305.9,1304.6,1304.9,1307.9,1313.4,1305.3,1304.7,1305.5,1315.8,1306.8,1305.6,1306.2,2.279,0.204,-0.057999999999999996,-0.012,634.515,439.319,-36.474000000000004,-0.522,-28.784000000000002,0.152,5.124,4.082,3.201,13.296,-8.738,0.789,-10.887,-4.776,9.103,-1.3359999999999999,3.3930000000000002,0.391,2.949,-5.083,-6.644,-1.0070000000000001,-1.02,2.469,-0.261,0.941,-0.326,2.787,-0.488,0.568,0.26,-1.008,1.198,-0.7959999999999999,0.055999999999999994,0.741,1.99,3.11,0.0,1.61,0.0,0.0,0.0,0.03,0.62,0.0,0.0,0.0,0.0,0.0,1.47,0.64,0.0,1.0,1.0,0.0,1.0,0.0,0.0,0.0,0.0,0.0,0.0,0.0,0.0,0.0,0.0,1.0,1.0,0.0,0.0
92,3.036,0.98,0.048179,0.167155,-0.9847530000000001,-0.029910000000000003,0.176022,-0.9839319999999999,0.009000000000000001,0.17300000000000001,543.4,547.5,558.0,568.8,573.6,570.4,559.0,548.2,532.0,537.0,545.9,558.4,571.0,579.6,585.2,578.4,568.7,558.1,548.0,538.9,554.2,558.9,563.5,565.2,563.1,558.5,553.9,552.1,688.4,691.7,702.1,713.6,719.5,716.2,705.7,693.3,678.4,684.3,693.4,706.1,718.1,726.4,731.5,726.8,719.4,709.8,698.1,686.8,699.1,704.2,708.8,710.2,707.7,702.6,698.0,696.5,350.5,340.4,336.2,340.4,350.5,361.0,364.8,360.6,354.3,347.6,344.1,341.6,342.4,347.0,355.2,361.3,365.9,367.8,365.9,361.3,354.1,355.9,354.1,349.7,345.4,343.5,345.3,349.7,348.5,336.6,331.0,334.9,346.1,358.0,363.6,360.6,356.5,348.2,342.5,339.7,341.6,345.6,352.5,356.4,358.6,359.8,359.8,359.2,353.2,354.9,352.4,347.2,342.2,340.5,343.0,348.2,-36.6,-35.0,-31.0,-26.9,-25.1,-26.4,-30.7,-34.8,-41.1,-39.0,-35.6,-30.8,-26.1,-22.9,-20.8,-23.4,-27.0,-31.1,-34.9,-38.4,-32.5,-30.8,-29.0,-28.3,-29.1,-30.9,-32.6,-33.3,17.9,19.2,23.1,27.4,29.5,28.3,24.4,19.8,14.2,16.4,19.8,24.5,29.0,32.2,34.2,32.3,29.5,25.9,21.5,17.3,21.9,23.8,25.5,26.1,25.1,23.2,21.5,21.0,-3.6,-7.4,-9.0,-7.4,-3.6,0.4,1.8,0.2,-2.2,-4.7,-6.0,-7.0,-6.6,-4.9,-1.8,0.5,2.2,3.0,2.2,0.5,-2.2,-1.6,-2.2,-3.9,-5.5,-6.2,-5.6,-3.9,-4.3,-8.7,-10.8,-9.3,-5.2,-0.8,1.3,0.2,-1.3,-4.4,-6.5,-7.5,-6.8,-5.4,-2.8,-1.4,-0.5,-0.1,-0.1,-0.3,-2.5,-1.9,-2.8,-4.8,-6.6,-7.2,-6.3,-4.4,1136.7,1134.8,1133.8,1134.2,1135.8,1137.9,1138.6,1138.3,1141.0,1137.1,1133.9,1132.1,1133.1,1135.4,1138.6,1138.4,1137.7,1137.9,1138.8,1140.1,1137.8,1138.0,1137.5,1136.7,1136.1,1135.9,1136.3,1137.1,1111.6,1112.6,1113.9,1114.8,1114.7,1113.7,1112.4,1111.7,1112.1,1111.4,1111.1,1111.8,1113.9,1116.8,1119.5,1116.7,1113.8,1111.6,1110.7,1111.3,1113.2,1113.6,1114.2,1114.6,1114.7,1114.3,1113.7,1113.3,-2.3,35.2,1316.9,0.171,-0.06,-0.011000000000000001,461.3,463.7,471.0,481.4,498.2,525.3,558.6,597.1,637.8,675.6,707.5,736.1,759.3,774.1,781.8,786.8,788.4,495.6,515.0,540.5,567.6,593.3,675.0,699.8,723.3,745.4,762.2,636.3,638.4,640.6,642.6,609.0,624.8,640.5,656.1,669.9,529.6,547.4,570.3,587.9,569.2,546.7,677.8,694.0,716.5,732.9,719.1,697.7,581.0,603.4,624.6,640.3,656.0,676.4,693.5,677.3,657.5,640.3,623.4,602.3,591.0,624.1,640.1,656.1,684.6,655.7,639.5,623.3,353.1,399.1,443.5,486.0,524.3,557.3,582.6,602.3,607.7,603.2,583.9,558.2,524.8,484.6,440.3,393.8,347.4,308.7,290.9,284.9,288.2,296.6,294.5,284.4,281.2,284.9,298.8,347.2,379.6,411.4,443.4,459.5,465.4,470.3,465.2,459.2,355.5,343.6,344.2,357.7,364.3,364.1,355.9,341.5,340.4,350.5,359.8,361.3,516.2,502.3,496.0,500.1,496.3,502.3,513.1,534.7,543.4,544.9,543.1,534.7,516.4,511.9,513.0,511.5,514.9,521.8,523.3,521.6,-80.5,-79.6,-76.7,-72.1,-64.3,-51.8,-36.4,-19.1,-1.0,15.9,30.5,43.8,54.5,61.1,64.4,66.4,66.9,-63.4,-54.7,-43.4,-31.5,-20.3,15.2,26.0,36.4,46.2,53.7,-1.6,-0.7,0.2,1.1,-13.5,-6.6,0.2,7.0,13.0,-48.5,-40.5,-30.4,-22.8,-31.0,-40.9,16.6,23.7,33.5,40.9,34.7,25.3,-26.0,-16.0,-6.7,0.1,7.0,16.0,23.6,16.4,7.6,0.1,-7.3,-16.5,-21.5,-6.9,0.0,7.0,19.7,6.9,-0.2,-7.3,-3.1,17.7,37.9,57.3,74.6,89.1,99.7,107.7,110.0,108.6,101.0,90.2,75.3,56.8,36.5,15.3,-5.7,-22.5,-30.2,-32.8,-31.2,-27.5,-28.4,-32.9,-34.4,-32.9,-26.9,-5.6,8.5,22.3,36.1,43.4,46.0,48.1,45.9,43.3,-2.0,-7.2,-6.9,-1.0,1.9,1.8,-1.8,-8.1,-8.6,-4.2,-0.1,0.6,68.8,62.3,59.4,61.1,59.5,62.4,67.6,76.7,80.2,80.8,80.0,76.5,68.8,66.4,66.9,66.2,68.3,70.8,71.4,70.7,1351.2,1355.6,1360.6,1363.8,1361.5,1354.5,1343.5,1333.4,1332.1,1339.4,1354.0,1365.7,1369.8,1367.5,1362.2,1356.8,1353.3,1316.3,1312.6,1308.6,1303.8,1299.8,1302.1,1306.4,1310.2,1313.8,1318.1,1305.9,1303.1,1300.2,1297.5,1309.8,1308.4,1307.3,1307.7,1308.8,1316.0,1312.1,1311.0,1311.9,1312.1,1313.1,1314.9,1314.6,1316.1,1320.9,1317.3,1315.6,1321.7,1313.2,1309.7,1309.0,1309.7,1316.2,1325.0,1317.2,1312.2,1310.9,1311.3,1314.2,1319.8,1311.9,1311.3,1311.9,1322.1,1313.1,1312.0,1312.6,2.269,0.203,-0.06,-0.011000000000000001,634.688,439.80699999999996,-39.884,-1.0959999999999999,-30.23,-1.475,5.122999999999999,3.365,2.215,13.089,-8.663,0.841,-11.475999999999999,-4.09,8.415,-0.6709999999999999,3.765,0.613,3.27,-4.66,-6.367000000000001,-0.789,-1.234,2.6489999999999996,-0.564,0.9420000000000001,-0.401,3.076,-0.498,0.304,0.32799999999999996,-1.043,0.8290000000000001,-0.7090000000000001,0.02,0.754,1.99,3.1,0.0,1.6,0.0,0.0,0.0,0.08,0.62,0.0,0.0,0.0,0.0,0.0,1.46,0.56,0.0,1.0,1.0,0.0,1.0,0.0,0.0,0.0,0.0,0.0,0.0,0.0,0.0,0.0,0.0,1.0,1.0,0.0,0.0
93,3.07,0.98,0.043701,0.16412100000000002,-0.9854719999999999,-0.022489,0.17604,-0.9841260000000001,0.011000000000000001,0.171,544.1,548.2,558.7,569.4,574.0,570.8,559.5,548.8,532.9,537.7,546.6,559.1,571.8,580.4,586.1,579.2,569.3,558.5,548.5,539.5,554.9,559.5,563.9,565.6,563.7,559.1,554.7,552.9,689.1,692.4,702.8,714.2,720.0,716.7,706.3,694.0,678.9,684.8,693.9,706.6,718.5,726.8,731.9,727.2,719.8,710.3,698.6,687.3,699.7,704.8,709.4,710.8,708.3,703.2,698.6,697.2,350.4,340.4,336.4,340.8,350.9,361.3,364.9,360.5,354.2,347.6,344.3,342.0,343.0,347.5,355.6,361.5,365.8,367.6,365.6,361.0,354.0,355.9,354.2,350.0,345.7,343.8,345.5,349.7,348.9,337.1,331.5,335.4,346.5,358.3,363.9,361.0,356.6,348.5,342.9,340.2,342.1,346.0,352.9,356.9,359.2,360.4,360.3,359.6,353.5,355.2,352.7,347.5,342.6,340.9,343.4,348.6,-36.5,-34.8,-30.8,-26.8,-25.0,-26.3,-30.7,-34.7,-40.9,-38.9,-35.4,-30.6,-25.9,-22.6,-20.5,-23.1,-26.9,-31.0,-34.8,-38.3,-32.4,-30.7,-29.0,-28.3,-29.0,-30.7,-32.4,-33.1,18.3,19.5,23.4,27.7,29.8,28.6,24.7,20.1,14.5,16.7,20.1,24.8,29.3,32.5,34.4,32.6,29.7,26.2,21.8,17.6,22.2,24.1,25.9,26.4,25.5,23.6,21.8,21.3,-3.7,-7.4,-8.9,-7.3,-3.5,0.5,1.9,0.2,-2.2,-4.7,-6.0,-6.8,-6.4,-4.7,-1.7,0.6,2.2,2.9,2.1,0.4,-2.3,-1.6,-2.2,-3.8,-5.4,-6.1,-5.5,-3.9,-4.1,-8.5,-10.6,-9.2,-5.1,-0.6,1.4,0.4,-1.3,-4.3,-6.4,-7.4,-6.7,-5.2,-2.6,-1.1,-0.3,0.2,0.1,-0.1,-2.4,-1.8,-2.7,-4.7,-6.5,-7.1,-6.2,-4.3,1140.5,1138.6,1137.5,1137.8,1139.3,1141.5,1142.3,1142.0,1145.0,1141.1,1137.8,1136.0,1136.8,1139.1,1142.3,1142.0,1141.3,1141.5,1142.6,1144.0,1141.5,1141.6,1141.2,1140.4,1139.7,1139.6,1140.1,1140.9,1116.0,1117.0,1118.3,1119.2,1119.2,1118.2,1116.9,1116.1,1116.7,1115.9,1115.6,1116.2,1118.4,1121.3,1124.0,1121.3,1118.3,1116.1,1115.3,1115.8,1117.7,1118.1,1118.7,1119.1,1119.1,1118.7,1118.1,1117.7,-2.1,35.3,1315.6,0.171,-0.062,-0.011000000000000001,461.9,464.2,471.2,481.5,498.2,525.3,558.9,597.7,638.6,676.6,708.4,736.8,759.8,774.4,782.1,787.1,788.6,496.4,515.5,540.9,568.1,593.9,675.5,700.3,723.8,745.9,762.4,637.0,639.0,641.2,643.2,609.4,625.3,641.2,656.9,670.7,530.3,548.1,571.0,588.6,569.9,547.4,678.3,694.5,716.9,733.3,719.5,698.2,581.3,603.9,625.2,640.9,656.6,677.1,694.3,678.0,658.2,641.0,624.1,602.9,591.4,624.8,640.7,656.8,685.4,656.4,640.2,624.0,353.3,399.3,443.6,486.1,524.3,557.2,582.5,602.1,607.4,602.8,583.5,557.9,524.7,484.6,440.6,394.3,348.1,309.3,291.4,285.2,288.5,297.0,294.9,284.9,281.6,285.5,299.5,347.5,380.1,412.0,444.2,460.0,466.0,470.9,465.8,459.7,355.7,343.8,344.5,358.0,364.5,364.2,356.3,341.9,340.8,350.9,360.2,361.6,516.4,502.7,496.5,500.6,496.8,502.7,513.4,534.9,543.6,545.2,543.3,535.0,516.7,512.5,513.5,512.0,515.3,521.9,523.4,521.7,-80.1,-79.4,-76.5,-72.0,-64.3,-51.8,-36.3,-18.8,-0.6,16.3,30.8,44.0,54.7,61.2,64.5,66.5,67.0,-63.0,-54.4,-43.2,-31.2,-20.0,15.4,26.2,36.6,46.3,53.8,-1.3,-0.4,0.5,1.4,-13.3,-6.4,0.5,7.3,13.4,-48.1,-40.2,-30.1,-22.4,-30.6,-40.5,16.8,23.9,33.7,41.1,34.9,25.5,-25.8,-15.8,-6.5,0.4,7.3,16.2,23.9,16.7,8.0,0.4,-6.9,-16.2,-21.3,-6.7,0.3,7.3,20.0,7.2,0.1,-7.0,-3.0,17.7,37.9,57.3,74.5,89.0,99.5,107.5,109.8,108.3,100.8,90.0,75.2,56.8,36.6,15.5,-5.3,-22.2,-30.0,-32.6,-31.1,-27.3,-28.2,-32.7,-34.2,-32.6,-26.5,-5.4,8.7,22.5,36.4,43.6,46.2,48.3,46.1,43.5,-1.9,-7.1,-6.8,-0.9,2.0,1.9,-1.6,-7.9,-8.4,-4.0,0.1,0.7,68.8,62.4,59.5,61.3,59.7,62.6,67.7,76.7,80.2,80.8,80.0,76.6,68.8,66.6,67.0,66.4,68.4,70.8,71.4,70.7,1350.1,1354.4,1359.6,1362.8,1360.7,1353.7,1342.5,1332.2,1330.7,1338.2,1353.0,1364.9,1369.2,1367.0,1361.6,1356.2,1352.7,1315.1,1311.4,1307.3,1302.5,1298.5,1300.8,1305.1,1309.0,1312.7,1317.1,1304.6,1301.8,1298.7,1296.0,1308.4,1307.0,1305.9,1306.3,1307.5,1314.7,1310.7,1309.6,1310.5,1310.8,1311.7,1313.6,1313.3,1314.8,1319.7,1316.0,1314.4,1320.4,1311.7,1308.1,1307.5,1308.2,1314.7,1323.9,1315.9,1310.7,1309.4,1309.8,1312.8,1318.4,1310.4,1309.8,1310.5,1320.8,1311.6,1310.4,1311.1,2.271,0.204,-0.063,-0.011000000000000001,635.25,440.099,-37.805,-0.9259999999999999,-30.079,-1.286,4.6530000000000005,3.5380000000000003,2.298,13.345,-8.991,1.474,-11.33,-4.034,9.014,-0.715,3.762,0.903,3.403,-4.558,-6.212000000000001,-0.7829999999999999,-1.069,2.593,-0.615,0.909,-0.418,3.113,-0.607,0.341,0.28800000000000003,-1.025,0.86,-0.82,-0.023,0.8009999999999999,2.0,3.07,0.0,1.49,0.0,0.0,0.0,0.05,0.63,0.0,0.0,0.0,0.0,0.0,1.47,0.58,0.02,1.0,1.0,0.0,1.0,0.0,0.0,0.0,0.0,0.0,0.0,0.0,0.0,0.0,0.0,1.0,1.0,0.0,0.0
94,3.103,0.98,0.047299,0.185554,-0.9814950000000001,-0.021909,0.18776800000000002,-0.9819690000000001,0.013000000000000001,0.188,545.1,549.2,559.6,570.2,574.8,571.5,560.3,549.7,533.5,538.1,547.1,559.7,572.5,581.4,587.2,580.3,570.5,559.4,549.1,540.0,555.6,560.3,564.8,566.6,564.6,560.0,555.4,553.6,689.8,693.3,703.8,715.2,720.8,717.3,706.8,694.5,679.7,685.6,694.8,707.4,719.3,727.7,732.8,728.0,720.3,710.7,699.1,687.9,700.4,705.4,710.1,711.6,709.2,704.1,699.5,697.9,350.7,340.6,336.6,340.9,351.2,361.7,365.3,360.9,355.1,348.3,344.6,342.1,343.4,348.2,356.1,360.5,363.6,365.0,363.9,360.6,354.6,356.5,354.8,350.4,345.9,344.0,345.8,350.2,349.2,337.5,332.0,335.9,347.0,358.8,364.3,361.2,356.9,348.9,343.3,340.6,342.5,346.3,353.1,357.2,359.5,360.7,360.6,359.8,353.8,355.6,353.2,348.0,343.0,341.3,343.7,348.9,-36.4,-34.8,-30.8,-26.7,-25.0,-26.3,-30.6,-34.7,-41.1,-39.2,-35.6,-30.7,-25.9,-22.5,-20.3,-22.9,-26.7,-30.9,-35.0,-38.5,-32.4,-30.6,-28.9,-28.2,-28.9,-30.7,-32.5,-33.2,18.6,20.0,23.9,28.2,30.3,29.0,25.0,20.4,14.9,17.1,20.5,25.2,29.7,33.0,35.0,33.1,30.1,26.5,22.1,17.9,22.6,24.5,26.3,26.9,25.9,24.1,22.3,21.7,-3.6,-7.4,-9.0,-7.3,-3.4,0.7,2.0,0.3,-1.9,-4.5,-5.9,-6.8,-6.4,-4.5,-1.5,0.2,1.4,1.9,1.5,0.2,-2.1,-1.3,-2.0,-3.7,-5.4,-6.1,-5.5,-3.8,-4.0,-8.4,-10.5,-9.0,-4.9,-0.5,1.6,0.5,-1.2,-4.2,-6.3,-7.2,-6.6,-5.1,-2.6,-1.1,-0.2,0.3,0.2,-0.1,-2.3,-1.7,-2.6,-4.5,-6.4,-7.0,-6.1,-4.2,1151.6,1150.1,1149.1,1149.3,1150.5,1152.4,1153.0,1152.8,1156.9,1153.1,1149.7,1147.8,1148.7,1150.9,1153.9,1153.2,1152.2,1152.3,1153.5,1155.3,1152.6,1152.7,1152.3,1151.6,1151.1,1151.0,1151.4,1152.1,1122.4,1123.3,1124.4,1125.2,1125.2,1124.4,1123.3,1122.6,1123.3,1122.4,1121.9,1122.4,1124.5,1127.5,1130.2,1127.6,1124.7,1122.6,1121.8,1122.5,1124.0,1124.4,1124.9,1125.3,1125.3,1124.9,1124.4,1124.0,-1.7,35.3,1311.5,0.17300000000000001,-0.062,-0.01,462.4,464.6,471.7,482.2,499.3,526.5,560.2,598.4,639.0,676.7,708.4,736.7,759.9,774.8,782.6,787.7,789.2,497.1,516.3,541.8,569.2,595.1,676.4,701.1,724.8,746.9,763.4,637.8,640.0,642.2,644.3,610.4,626.2,642.1,657.7,671.4,530.9,548.8,571.6,589.4,570.6,548.3,678.9,695.4,717.7,734.2,720.2,698.9,582.0,604.6,626.0,641.6,657.4,677.8,694.9,678.6,658.8,641.6,624.8,603.5,592.1,625.5,641.4,657.4,686.0,657.0,640.9,624.7,353.1,399.3,444.0,486.6,524.9,557.7,582.8,602.4,607.9,603.5,584.3,558.8,525.5,485.2,441.0,394.6,348.4,309.4,291.7,285.7,289.2,297.9,295.9,285.8,282.3,286.1,300.1,347.7,380.3,412.3,444.6,460.1,466.1,471.1,466.0,459.9,355.4,343.9,344.6,357.7,364.0,363.8,356.4,342.3,341.4,351.1,360.2,361.5,516.2,502.9,496.8,501.0,497.3,503.3,513.7,535.4,544.0,545.5,543.6,535.0,516.6,512.6,513.8,512.4,515.6,522.1,523.5,521.8,-79.7,-79.0,-76.1,-71.5,-63.7,-51.1,-35.6,-18.4,-0.5,16.3,30.8,43.9,54.6,61.3,64.6,66.6,67.1,-62.5,-53.9,-42.6,-30.6,-19.4,15.7,26.5,36.9,46.6,54.0,-0.9,-0.0,0.9,1.8,-12.9,-6.0,0.9,7.7,13.7,-47.7,-39.7,-29.8,-22.0,-30.2,-40.0,17.0,24.2,33.9,41.3,35.1,25.7,-25.4,-15.4,-6.1,0.7,7.5,16.5,24.1,16.9,8.2,0.7,-6.6,-15.9,-21.0,-6.3,0.6,7.6,20.2,7.4,0.4,-6.7,-3.1,17.7,38.0,57.4,74.6,89.0,99.4,107.3,109.7,108.4,100.9,90.3,75.4,56.9,36.7,15.6,-5.2,-22.1,-29.8,-32.3,-30.6,-26.8,-27.7,-32.2,-33.8,-32.2,-26.2,-5.3,8.8,22.6,36.4,43.5,46.1,48.2,46.0,43.4,-2.0,-7.0,-6.7,-1.0,1.7,1.7,-1.6,-7.7,-8.1,-3.9,0.1,0.7,68.5,62.3,59.4,61.3,59.7,62.6,67.6,76.7,80.2,80.7,79.9,76.3,68.6,66.4,66.9,66.4,68.3,70.7,71.2,70.5,1346.7,1351.0,1356.2,1359.4,1357.1,1350.0,1338.5,1328.2,1327.1,1334.8,1350.0,1362.1,1366.3,1364.1,1358.5,1353.0,1349.3,1311.6,1307.6,1303.4,1298.4,1294.0,1296.2,1300.6,1304.8,1308.7,1313.5,1300.2,1297.1,1293.9,1291.0,1303.9,1302.4,1301.2,1301.7,1303.0,1310.9,1306.9,1305.8,1306.6,1306.8,1307.8,1309.4,1309.2,1310.7,1315.5,1311.9,1310.2,1316.5,1307.6,1303.8,1303.2,1304.0,1310.6,1319.8,1311.8,1306.8,1305.5,1305.8,1308.8,1314.4,1306.3,1305.7,1306.4,1316.8,1307.6,1306.4,1307.0,2.278,0.20600000000000002,-0.063,-0.01,635.9680000000001,440.408,-34.915,-0.88,-28.654,-0.004,4.814,4.4719999999999995,3.174,13.401,-8.884,0.715,-10.61,-5.041,9.362,-1.4169999999999998,3.52,0.636,3.395,-4.696000000000001,-6.8660000000000005,-1.2409999999999999,-0.718,2.4090000000000003,-0.18,1.097,-0.387,2.78,-0.74,0.648,0.228,-1.088,1.2309999999999999,-0.7929999999999999,0.045,0.782,1.99,2.97,0.0,1.61,0.0,0.0,0.0,0.05,0.61,0.0,0.0,0.0,0.0,0.0,1.44,0.64,0.03,1.0,1.0,0.0,1.0,0.0,0.0,0.0,0.0,0.0,0.0,0.0,0.0,0.0,0.0,1.0,1.0,0.0,0.0
95,3.136,0.98,0.04637,0.17166900000000002,-0.9840629999999999,-0.023522,0.17657,-0.984007,0.012,0.175,545.7,550.0,560.6,571.3,575.8,572.4,561.0,550.3,533.8,539.0,548.3,560.8,573.3,582.1,588.0,581.1,571.5,560.8,550.4,540.9,556.4,561.0,565.6,567.4,565.5,560.8,556.3,554.4,690.5,693.8,704.2,715.7,721.4,718.1,707.7,695.4,680.4,686.4,695.5,708.2,720.1,728.3,733.3,728.5,721.2,711.7,700.1,688.8,701.0,706.2,710.8,712.3,709.7,704.6,699.9,698.5,351.1,341.1,337.2,341.5,351.6,362.0,365.5,361.2,354.9,348.4,345.0,342.6,343.7,348.3,356.5,361.9,365.9,367.8,366.1,361.6,354.8,356.6,354.9,350.6,346.3,344.4,346.1,350.4,349.8,337.9,332.2,336.0,347.2,359.1,364.8,361.9,357.4,349.3,343.7,341.1,343.0,346.8,353.6,357.7,360.2,361.4,361.3,360.5,354.4,356.1,353.5,348.2,343.2,341.5,344.1,349.4,-35.6,-34.0,-29.9,-25.9,-24.2,-25.6,-29.9,-33.9,-40.3,-38.2,-34.6,-29.8,-25.1,-21.9,-19.7,-22.3,-25.9,-29.9,-33.9,-37.5,-31.6,-29.9,-28.1,-27.4,-28.2,-29.9,-31.6,-32.3,18.7,19.9,23.8,28.1,30.3,29.0,25.1,20.5,15.0,17.2,20.6,25.3,29.8,32.9,34.8,33.0,30.2,26.6,22.3,18.1,22.7,24.6,26.3,26.9,25.9,24.0,22.3,21.7,-3.4,-7.1,-8.6,-7.0,-3.2,0.7,2.1,0.4,-2.0,-4.4,-5.7,-6.5,-6.2,-4.4,-1.3,0.7,2.2,2.9,2.3,0.6,-2.0,-1.3,-1.9,-3.5,-5.2,-5.9,-5.2,-3.6,-3.8,-8.2,-10.3,-8.9,-4.8,-0.3,1.8,0.7,-0.9,-4.0,-6.0,-7.0,-6.3,-4.9,-2.4,-0.9,0.1,0.5,0.5,0.2,-2.1,-1.5,-2.4,-4.4,-6.2,-6.9,-5.9,-3.9,1133.4,1131.5,1130.6,1131.0,1132.7,1134.8,1135.5,1135.0,1138.0,1134.1,1130.8,1129.1,1130.1,1132.5,1135.9,1135.4,1134.6,1134.6,1135.5,1136.9,1134.6,1134.8,1134.4,1133.6,1132.9,1132.7,1133.1,1133.9,1112.3,1113.2,1114.4,1115.4,1115.5,1114.6,1113.3,1112.5,1113.0,1112.1,1111.8,1112.4,1114.6,1117.6,1120.4,1117.7,1114.8,1112.6,1111.7,1112.2,1114.0,1114.4,1115.0,1115.4,1115.4,1114.9,1114.4,1114.0,-1.4,35.6,1314.0,0.174,-0.067,-0.008,463.0,465.2,472.3,482.7,499.6,526.8,560.6,599.1,639.8,677.4,708.8,737.1,760.2,775.1,782.9,788.0,789.6,497.8,517.3,542.8,570.0,595.8,677.6,702.2,725.6,747.6,764.2,638.8,641.0,643.2,645.3,611.4,627.2,643.0,658.6,672.3,531.8,549.7,572.7,590.4,571.6,549.1,679.7,696.0,718.5,734.9,721.0,699.6,582.9,605.6,627.0,642.5,658.1,678.3,695.4,679.1,659.5,642.4,625.7,604.5,592.9,626.5,642.3,658.1,686.6,657.7,641.7,625.6,353.2,399.3,443.8,486.4,524.7,557.6,582.9,602.5,608.1,603.6,584.4,558.9,525.7,485.6,441.4,395.0,348.8,309.6,292.0,286.1,289.5,298.1,296.1,286.2,282.9,286.5,300.3,348.3,380.9,412.9,445.2,460.8,466.8,471.7,466.7,460.6,356.1,344.4,345.1,358.7,365.0,364.8,357.2,342.7,341.8,351.7,361.0,362.4,516.6,503.4,497.3,501.5,497.7,503.7,514.0,535.6,544.2,545.6,543.8,535.3,517.0,513.1,514.2,512.7,515.9,522.4,523.8,522.2,-79.6,-78.8,-75.9,-71.4,-63.6,-51.0,-35.5,-18.1,-0.1,16.7,31.0,44.2,54.8,61.5,64.8,66.9,67.4,-62.2,-53.6,-42.3,-30.4,-19.1,16.3,27.0,37.3,47.0,54.5,-0.5,0.4,1.4,2.3,-12.5,-5.6,1.3,8.1,14.0,-47.3,-39.4,-29.4,-21.6,-29.9,-39.7,17.3,24.5,34.3,41.7,35.5,26.1,-25.1,-15.0,-5.7,1.1,7.9,16.7,24.4,17.1,8.5,1.0,-6.2,-15.5,-20.7,-5.9,1.0,7.9,20.5,7.7,0.7,-6.3,-3.1,17.7,37.9,57.4,74.6,89.1,99.6,107.6,109.9,108.6,101.2,90.5,75.6,57.2,36.9,15.8,-5.1,-22.1,-29.7,-32.2,-30.5,-26.7,-27.7,-32.1,-33.6,-32.1,-26.2,-5.1,9.1,22.9,36.7,43.9,46.4,48.6,46.4,43.8,-1.7,-6.8,-6.5,-0.6,2.2,2.1,-1.2,-7.5,-8.0,-3.6,0.5,1.1,68.8,62.6,59.8,61.6,60.0,62.9,67.9,76.9,80.4,80.9,80.1,76.6,68.9,66.8,67.2,66.7,68.6,70.9,71.5,70.8,1348.6,1352.9,1358.0,1361.3,1359.1,1352.2,1341.1,1330.8,1329.6,1337.2,1352.3,1364.3,1368.6,1366.4,1361.0,1355.5,1351.9,1313.3,1309.5,1305.4,1300.5,1296.4,1298.8,1303.3,1307.4,1311.3,1316.0,1302.8,1299.8,1296.7,1293.9,1306.5,1305.1,1304.0,1304.4,1305.7,1313.0,1308.9,1307.9,1308.8,1309.0,1309.9,1312.1,1311.9,1313.4,1318.4,1314.6,1312.9,1318.8,1310.1,1306.5,1305.9,1306.7,1313.2,1322.5,1314.3,1309.1,1307.8,1308.1,1311.2,1316.8,1308.9,1308.3,1309.1,1319.4,1310.0,1308.8,1309.4,2.273,0.207,-0.068,-0.008,636.715,440.796,-35.786,-0.736,-29.469,-0.509,4.919,4.181,2.695,13.538,-9.091000000000001,0.799,-11.182,-4.14,8.901,-1.107,3.79,0.653,3.53,-4.5569999999999995,-6.7620000000000005,-0.9840000000000001,-1.091,2.525,-0.45899999999999996,1.193,-0.5539999999999999,3.015,-0.608,0.47200000000000003,0.295,-0.982,0.932,-0.7809999999999999,-0.025,0.73,1.96,2.93,0.0,1.61,0.0,0.04,0.0,0.0,0.58,0.0,0.0,0.0,0.0,0.0,1.44,0.67,0.03,1.0,1.0,0.0,1.0,0.0,0.0,0.0,0.0,0.0,0.0,0.0,0.0,0.0,0.0,1.0,1.0,0.0,0.0
96,3.17,0.98,0.044233,0.16952799999999998,-0.984532,-0.025061,0.181144,-0.983137,0.01,0.17600000000000002,546.3,550.5,561.0,571.8,576.4,573.1,561.8,551.0,535.1,540.0,549.1,561.6,574.4,582.9,588.4,581.5,571.7,561.0,551.0,541.9,557.2,561.7,566.2,567.9,566.0,561.4,557.0,555.2,691.4,694.8,705.3,716.6,722.2,718.8,708.4,696.2,681.5,687.4,696.5,709.1,721.0,729.3,734.3,729.5,722.0,712.5,700.9,689.7,701.9,707.0,711.7,713.2,710.7,705.6,700.9,699.4,351.7,341.8,337.8,342.1,352.2,362.6,366.1,361.8,355.5,348.7,345.4,343.0,344.0,348.6,357.0,362.9,367.4,369.2,367.2,362.4,355.3,357.1,355.4,351.3,347.0,345.2,346.8,351.0,350.3,338.6,333.0,336.9,347.9,359.7,365.3,362.4,357.9,349.8,344.2,341.6,343.5,347.3,354.1,358.3,360.7,362.0,361.8,360.9,354.9,356.7,354.2,348.9,343.9,342.2,344.7,350.0,-35.4,-33.8,-29.8,-25.8,-24.0,-25.3,-29.6,-33.7,-39.8,-37.8,-34.3,-29.5,-24.7,-21.6,-19.5,-22.2,-25.9,-29.9,-33.7,-37.2,-31.4,-29.6,-27.9,-27.3,-28.0,-29.7,-31.4,-32.1,19.2,20.5,24.5,28.7,30.8,29.5,25.6,21.0,15.5,17.7,21.1,25.8,30.4,33.6,35.5,33.6,30.7,27.1,22.8,18.6,23.2,25.1,26.9,27.5,26.5,24.6,22.8,22.3,-3.1,-6.9,-8.4,-6.7,-2.9,1.0,2.3,0.7,-1.7,-4.3,-5.5,-6.4,-6.0,-4.3,-1.1,1.1,2.8,3.5,2.7,0.9,-1.8,-1.1,-1.7,-3.3,-4.9,-5.6,-5.0,-3.4,-3.6,-8.0,-10.1,-8.7,-4.5,-0.1,2.0,0.9,-0.8,-3.8,-5.9,-6.9,-6.2,-4.8,-2.2,-0.7,0.3,0.7,0.7,0.3,-1.9,-1.2,-2.2,-4.2,-6.0,-6.7,-5.7,-3.8,1134.9,1133.0,1131.9,1132.3,1133.9,1136.1,1136.9,1136.5,1139.2,1135.2,1131.9,1130.1,1131.1,1133.5,1136.8,1136.6,1135.9,1136.1,1137.1,1138.4,1136.0,1136.2,1135.7,1134.9,1134.2,1134.0,1134.5,1135.3,1122.3,1123.1,1124.3,1125.2,1125.2,1124.4,1123.3,1122.6,1123.1,1122.2,1121.8,1122.3,1124.4,1127.4,1130.2,1127.5,1124.7,1122.5,1121.7,1122.3,1124.0,1124.4,1124.9,1125.2,1125.2,1124.8,1124.3,1123.9,-1.1,35.9,1318.2,0.177,-0.07,-0.006999999999999999,463.2,465.6,472.8,483.0,499.8,527.0,560.8,599.3,639.8,677.4,709.0,737.4,760.6,775.5,783.4,788.5,790.2,498.3,517.8,543.5,570.8,596.8,678.3,702.7,725.9,747.9,764.6,639.8,642.0,644.3,646.4,612.5,628.2,643.9,659.5,673.1,532.6,550.5,573.5,591.0,572.3,549.8,680.8,696.9,719.4,735.6,721.9,700.6,583.8,606.5,627.8,643.4,659.0,679.0,696.0,679.7,660.2,643.1,626.4,605.3,593.9,627.2,643.1,659.0,687.2,658.5,642.5,626.4,353.4,399.5,444.0,486.5,524.8,557.6,582.8,602.5,608.2,604.0,584.9,559.4,526.1,485.9,441.8,395.4,349.0,310.8,293.0,286.9,290.3,298.7,296.8,286.9,283.7,287.0,300.6,348.9,381.4,413.4,445.6,461.3,467.3,472.3,467.3,461.2,356.8,345.0,345.7,359.4,365.8,365.5,357.7,343.2,342.2,352.3,361.7,363.1,517.2,503.9,497.9,502.1,498.4,504.2,514.6,535.7,544.2,545.7,543.8,535.5,517.5,513.7,514.8,513.4,516.5,522.7,524.1,522.5,-79.7,-78.8,-75.9,-71.4,-63.7,-51.1,-35.5,-18.1,-0.1,16.7,31.2,44.4,55.2,61.9,65.2,67.3,67.9,-62.2,-53.5,-42.1,-30.1,-18.7,16.6,27.3,37.6,47.3,54.8,-0.1,0.9,1.9,2.8,-12.0,-5.1,1.7,8.5,14.5,-47.1,-39.1,-29.1,-21.4,-29.6,-39.5,17.9,25.0,34.9,42.2,36.0,26.6,-24.8,-14.7,-5.3,1.5,8.3,17.1,24.7,17.5,8.8,1.4,-6.0,-15.2,-20.3,-5.6,1.4,8.3,20.8,8.1,1.1,-6.0,-3.0,17.9,38.1,57.5,74.8,89.3,99.8,107.9,110.3,109.1,101.7,90.9,76.0,57.5,37.2,16.0,-5.0,-21.6,-29.3,-31.9,-30.3,-26.6,-27.5,-31.8,-33.3,-32.0,-26.1,-4.8,9.3,23.2,37.1,44.3,46.8,49.0,46.8,44.2,-1.4,-6.6,-6.3,-0.3,2.6,2.4,-1.0,-7.4,-7.8,-3.4,0.7,1.3,69.3,63.0,60.3,62.1,60.5,63.4,68.4,77.3,80.7,81.2,80.4,77.0,69.3,67.3,67.8,67.2,69.0,71.3,71.9,71.2,1351.6,1356.1,1361.5,1364.8,1362.6,1355.6,1344.7,1334.7,1333.5,1341.1,1356.1,1368.1,1372.4,1370.1,1364.7,1359.2,1355.4,1316.6,1312.9,1309.0,1304.3,1300.3,1303.4,1307.6,1311.4,1314.9,1319.2,1306.9,1304.2,1301.3,1298.7,1311.0,1309.6,1308.5,1308.9,1309.9,1316.3,1312.4,1311.5,1312.5,1312.6,1313.5,1316.2,1315.9,1317.5,1322.4,1318.8,1317.1,1322.7,1314.5,1311.1,1310.6,1311.4,1317.8,1326.6,1318.8,1313.7,1312.3,1312.6,1315.4,1320.7,1313.3,1312.8,1313.6,1323.6,1314.6,1313.3,1313.9,2.266,0.21,-0.07200000000000001,-0.006999999999999999,637.389,441.26199999999994,-38.37,-1.081,-30.779,-1.889,4.997,4.476,2.72,13.527000000000001,-8.336,0.938,-11.574000000000002,-3.638,9.023,-0.406,3.378,0.139,3.417,-4.652,-6.859,-0.7040000000000001,-1.266,2.537,-0.502,1.278,-0.479,2.8080000000000003,-0.737,0.47700000000000004,0.311,-0.9690000000000001,0.76,-0.8220000000000001,0.004,0.742,1.94,2.96,0.0,1.61,0.0,0.04,0.05,0.03,0.53,0.0,0.0,0.0,0.0,0.0,1.4,0.74,0.01,1.0,1.0,0.0,1.0,0.0,0.0,0.0,0.0,0.0,0.0,0.0,0.0,0.0,0.0,1.0,1.0,0.0,0.0
97,3.2030000000000003,0.98,0.044336,0.179049,-0.982841,-0.020738,0.183362,-0.982827,0.012,0.182,547.1,551.2,561.7,572.3,576.9,573.6,562.3,551.7,535.6,540.5,549.5,562.1,574.8,583.6,589.3,582.5,572.6,561.7,551.4,542.3,557.8,562.3,566.8,568.5,566.6,562.1,557.6,555.9,692.0,695.4,705.8,717.2,722.8,719.4,709.0,696.7,681.9,687.9,697.1,709.7,721.5,729.7,734.6,729.8,722.4,712.9,701.4,690.2,702.5,707.5,712.2,713.7,711.2,706.1,701.5,700.0,352.1,342.1,338.1,342.4,352.6,363.2,366.7,362.3,356.4,349.6,346.1,343.6,344.8,349.4,357.4,362.6,366.3,368.0,366.5,362.5,355.9,357.8,356.1,351.8,347.5,345.6,347.3,351.6,350.8,339.0,333.4,337.4,348.5,360.3,365.9,362.9,358.5,350.4,344.8,342.3,344.2,348.1,354.9,359.0,361.3,362.5,362.4,361.5,355.4,357.2,354.7,349.5,344.5,342.8,345.3,350.5,-35.5,-33.9,-29.9,-25.8,-24.1,-25.4,-29.7,-33.8,-40.1,-38.1,-34.5,-29.7,-24.8,-21.6,-19.4,-22.0,-25.8,-30.0,-33.9,-37.5,-31.5,-29.7,-28.0,-27.3,-28.1,-29.8,-31.5,-32.2,19.4,20.7,24.6,28.9,31.0,29.7,25.8,21.2,15.7,17.9,21.3,26.0,30.5,33.7,35.6,33.7,30.8,27.2,22.9,18.8,23.4,25.3,27.0,27.6,26.7,24.8,23.0,22.5,-3.0,-6.8,-8.4,-6.7,-2.8,1.2,2.6,0.9,-1.4,-4.0,-5.3,-6.2,-5.8,-4.0,-1.0,1.0,2.4,3.0,2.5,1.0,-1.6,-0.9,-1.5,-3.1,-4.8,-5.5,-4.8,-3.2,-3.4,-7.8,-9.9,-8.5,-4.3,0.1,2.2,1.1,-0.6,-3.6,-5.7,-6.6,-5.9,-4.5,-1.9,-0.4,0.5,0.9,0.9,0.6,-1.7,-1.1,-2.0,-3.9,-5.8,-6.4,-5.5,-3.6,1147.1,1145.5,1144.5,1144.8,1146.1,1148.1,1148.8,1148.5,1151.9,1148.1,1144.9,1143.1,1144.0,1146.3,1149.4,1148.8,1147.9,1148.0,1149.1,1150.7,1148.2,1148.3,1147.9,1147.2,1146.6,1146.5,1146.9,1147.6,1120.8,1121.6,1122.8,1123.8,1123.8,1123.0,1121.8,1121.0,1121.5,1120.6,1120.1,1120.7,1122.9,1125.9,1128.7,1126.0,1123.2,1121.0,1120.1,1120.7,1122.4,1122.8,1123.4,1123.8,1123.7,1123.3,1122.8,1122.4,-0.9,36.0,1315.6,0.18,-0.071,-0.006,464.0,466.2,473.2,483.3,499.8,526.9,560.6,599.3,640.1,677.9,709.4,737.7,760.8,775.6,783.5,788.7,790.4,499.0,518.4,544.0,571.5,597.6,678.9,703.5,726.9,749.0,765.5,640.3,642.5,644.8,646.8,612.8,628.6,644.4,659.9,673.6,533.3,551.1,574.0,591.6,572.9,550.5,681.3,697.5,719.8,736.1,722.3,701.1,584.1,607.0,628.2,643.8,659.5,679.5,696.5,680.3,660.8,643.7,627.0,605.9,594.2,627.7,643.5,659.5,687.7,659.0,643.0,626.9,353.8,399.8,444.0,486.4,524.6,557.6,582.9,602.9,608.7,604.4,585.2,559.7,526.4,486.1,442.0,395.7,349.4,311.1,293.5,287.5,291.0,299.6,297.8,287.8,284.5,288.1,301.9,349.5,382.2,414.3,446.7,461.9,468.0,473.0,468.0,461.9,357.1,345.5,346.2,359.5,365.9,365.7,358.1,343.9,343.0,352.9,362.1,363.4,517.6,504.7,498.8,503.1,499.3,505.1,515.1,536.2,544.7,546.1,544.2,535.9,518.0,514.5,515.7,514.2,517.0,523.0,524.4,522.7,-79.2,-78.4,-75.6,-71.2,-63.6,-51.0,-35.5,-18.1,0.0,16.9,31.3,44.5,55.2,61.9,65.2,67.3,67.8,-61.8,-53.1,-41.8,-29.7,-18.4,16.9,27.6,37.9,47.7,55.1,0.1,1.1,2.1,3.0,-11.8,-5.0,1.9,8.7,14.6,-46.8,-38.8,-28.8,-21.1,-29.3,-39.1,18.1,25.2,35.0,42.3,36.1,26.8,-24.6,-14.5,-5.1,1.7,8.5,17.3,24.9,17.7,9.1,1.6,-5.7,-14.9,-20.1,-5.4,1.5,8.5,21.0,8.3,1.3,-5.7,-2.8,17.9,38.1,57.4,74.7,89.1,99.7,107.9,110.4,109.1,101.7,91.0,76.0,57.5,37.2,16.1,-4.8,-21.4,-29.0,-31.6,-29.9,-26.1,-27.0,-31.4,-32.9,-31.4,-25.5,-4.6,9.6,23.5,37.4,44.5,47.1,49.2,47.0,44.4,-1.3,-6.3,-6.0,-0.2,2.6,2.5,-0.8,-7.0,-7.4,-3.1,0.9,1.5,69.4,63.3,60.5,62.4,60.8,63.6,68.5,77.3,80.7,81.2,80.4,77.0,69.4,67.5,68.0,67.4,69.2,71.3,71.8,71.1,1349.3,1353.8,1359.2,1362.6,1360.4,1353.4,1342.2,1332.1,1331.1,1338.9,1354.4,1366.6,1371.0,1368.7,1363.0,1357.1,1353.2,1314.4,1310.4,1306.4,1301.6,1297.4,1300.3,1304.7,1308.7,1312.4,1317.0,1304.1,1301.3,1298.2,1295.6,1308.2,1306.8,1305.7,1306.2,1307.3,1313.9,1310.0,1309.0,1310.1,1310.2,1311.0,1313.5,1313.3,1314.8,1319.8,1316.2,1314.4,1320.2,1311.8,1308.4,1307.9,1308.6,1315.2,1324.2,1316.1,1311.0,1309.6,1309.9,1312.8,1318.2,1310.7,1310.2,1311.0,1321.1,1311.9,1310.6,1311.2,2.271,0.212,-0.073,-0.006,637.86,441.793,-35.867,-1.301,-30.379,-1.215,4.4910000000000005,5.15,2.544,13.585,-8.306000000000001,1.001,-11.27,-4.627,9.225,-0.98,3.569,0.306,3.55,-4.822,-6.968999999999999,-0.958,-0.917,2.523,-0.37,1.198,-0.5720000000000001,2.7060000000000004,-0.7659999999999999,0.508,0.23,-1.083,1.035,-0.7879999999999999,0.023,0.7829999999999999,1.93,3.03,0.0,1.59,0.0,0.04,0.09,0.04,0.47,0.0,0.0,0.0,0.0,0.0,1.36,0.77,0.0,1.0,1.0,0.0,1.0,0.0,0.0,0.0,0.0,0.0,0.0,0.0,0.0,0.0,0.0,1.0,1.0,0.0,0.0
98,3.237,0.98,0.041916,0.165458,-0.985326,-0.024993,0.182605,-0.9828690000000001,0.009000000000000001,0.175,547.2,551.3,561.9,572.7,577.4,574.1,562.6,551.8,535.9,540.9,550.0,562.5,575.2,583.8,589.5,582.6,572.9,562.3,552.2,542.9,558.1,562.6,567.1,568.8,566.9,562.3,557.9,556.1,692.0,695.4,705.9,717.2,722.9,719.5,709.1,696.8,682.2,688.1,697.1,709.7,721.6,729.8,734.8,730.0,722.7,713.3,701.7,690.5,702.5,707.6,712.3,713.8,711.3,706.2,701.5,700.0,352.7,342.7,338.8,343.1,353.1,363.5,367.0,362.7,356.7,350.0,346.6,344.2,345.1,349.7,358.1,364.0,368.4,370.4,368.4,363.6,356.2,358.0,356.3,352.2,347.9,346.1,347.8,351.9,351.5,339.8,334.2,338.1,349.2,361.0,366.5,363.6,359.1,351.0,345.5,342.9,344.7,348.6,355.4,359.5,361.8,363.0,362.9,362.1,356.2,358.0,355.5,350.2,345.2,343.5,345.9,351.2,-35.0,-33.3,-29.3,-25.3,-23.6,-24.9,-29.2,-33.3,-39.4,-37.4,-33.8,-29.1,-24.3,-21.1,-19.1,-21.7,-25.3,-29.3,-33.2,-36.7,-30.9,-29.2,-27.5,-26.8,-27.5,-29.2,-30.9,-31.6,19.5,20.8,24.7,29.0,31.1,29.8,25.9,21.3,15.8,18.0,21.4,26.1,30.6,33.8,35.7,33.9,31.0,27.4,23.1,18.9,23.5,25.4,27.1,27.7,26.8,24.9,23.1,22.5,-2.8,-6.5,-8.0,-6.4,-2.6,1.3,2.7,1.0,-1.2,-3.8,-5.0,-5.9,-5.6,-3.9,-0.7,1.5,3.2,3.9,3.2,1.4,-1.4,-0.8,-1.4,-3.0,-4.5,-5.2,-4.6,-3.0,-3.2,-7.6,-9.7,-8.2,-4.0,0.4,2.4,1.3,-0.3,-3.4,-5.4,-6.4,-5.7,-4.3,-1.7,-0.2,0.7,1.1,1.1,0.8,-1.4,-0.8,-1.7,-3.7,-5.5,-6.2,-5.3,-3.3,1130.5,1128.5,1127.5,1127.9,1129.6,1131.9,1132.6,1132.2,1134.8,1130.8,1127.5,1125.7,1126.8,1129.2,1132.7,1132.5,1131.8,1131.9,1132.8,1134.0,1131.7,1131.9,1131.4,1130.6,1129.9,1129.7,1130.1,1131.0,1123.4,1124.3,1125.5,1126.4,1126.4,1125.5,1124.3,1123.6,1124.1,1123.3,1122.9,1123.4,1125.6,1128.5,1131.3,1128.7,1125.8,1123.6,1122.8,1123.3,1125.0,1125.4,1126.0,1126.4,1126.4,1126.0,1125.4,1125.0,-0.8,36.4,1319.6,0.18,-0.073,-0.006,463.9,466.3,473.4,483.5,500.6,528.0,561.8,600.2,640.5,677.7,709.1,737.4,760.7,775.7,783.6,788.8,790.5,499.2,518.7,544.4,571.8,597.7,679.4,703.9,727.2,749.3,765.9,640.7,642.9,645.1,647.2,613.2,629.0,644.7,660.2,673.8,533.6,551.5,574.5,592.0,573.2,550.7,681.5,697.6,720.0,736.3,722.5,701.2,584.5,607.4,628.5,644.1,659.8,679.7,696.6,680.4,661.0,643.9,627.2,606.2,594.6,627.9,643.8,659.8,687.9,659.3,643.2,627.1,353.8,400.0,444.6,487.3,525.6,558.4,583.6,603.2,608.8,604.6,585.6,560.2,527.1,487.0,442.7,396.1,349.5,311.8,294.1,288.2,291.7,300.2,298.4,288.5,285.3,288.8,302.7,350.3,382.9,415.0,447.2,462.6,468.7,473.7,468.6,462.6,357.9,346.1,346.8,360.4,367.0,366.7,358.9,344.4,343.5,353.5,362.9,364.3,518.2,505.2,499.4,503.6,499.8,505.5,515.5,536.5,544.8,546.2,544.3,536.1,518.5,515.1,516.3,514.7,517.5,523.2,524.6,522.9,-79.4,-78.6,-75.7,-71.3,-63.4,-50.7,-35.1,-17.7,0.2,16.9,31.3,44.5,55.3,62.1,65.4,67.5,68.0,-61.9,-53.1,-41.7,-29.7,-18.3,17.1,27.9,38.2,47.9,55.4,0.3,1.2,2.2,3.1,-11.7,-4.8,2.0,8.8,14.8,-46.7,-38.7,-28.7,-21.0,-29.2,-39.1,18.2,25.3,35.2,42.5,36.3,26.9,-24.5,-14.3,-5.0,1.8,8.7,17.4,25.1,17.8,9.2,1.7,-5.6,-14.8,-20.0,-5.3,1.7,8.7,21.1,8.5,1.4,-5.7,-2.8,18.1,38.4,58.0,75.3,89.7,100.3,108.3,110.7,109.5,102.1,91.5,76.6,58.1,37.7,16.4,-4.7,-21.2,-28.9,-31.3,-29.7,-25.9,-26.8,-31.2,-32.7,-31.2,-25.2,-4.2,10.0,23.9,37.8,44.9,47.5,49.6,47.5,44.9,-0.9,-6.1,-5.8,0.2,3.1,2.9,-0.5,-6.8,-7.3,-2.9,1.3,1.9,69.8,63.7,61.0,62.8,61.2,64.0,68.9,77.6,81.0,81.5,80.7,77.3,69.9,68.0,68.5,67.8,69.6,71.6,72.1,71.4,1352.7,1357.4,1362.9,1366.3,1364.0,1356.9,1345.8,1335.7,1334.7,1342.5,1357.9,1370.1,1374.4,1372.1,1366.4,1360.4,1356.4,1317.6,1313.8,1310.0,1305.4,1301.5,1304.5,1308.8,1312.6,1316.2,1320.8,1308.1,1305.5,1302.6,1300.0,1312.3,1310.9,1309.9,1310.4,1311.5,1317.3,1313.5,1312.6,1313.8,1313.8,1314.6,1317.4,1317.2,1318.8,1323.7,1320.1,1318.4,1324.1,1315.9,1312.6,1312.1,1312.9,1319.4,1328.3,1320.1,1314.9,1313.5,1313.8,1316.7,1322.1,1314.8,1314.3,1315.1,1325.2,1315.8,1314.5,1315.1,2.2640000000000002,0.213,-0.075,-0.006,638.14,442.349,-37.77,-0.733,-31.275,-2.141,4.928999999999999,5.653,2.312,13.624,-8.28,0.428,-11.815,-4.149,9.125,-0.628,3.346,0.706,3.533,-5.148,-6.718,-0.9059999999999999,-1.34,2.438,-0.544,1.325,-0.444,2.8569999999999998,-0.5920000000000001,0.322,0.321,-1.031,0.779,-0.7170000000000001,0.019,0.718,1.94,3.09,0.0,1.57,0.0,0.02,0.09,0.05,0.47,0.0,0.0,0.0,0.0,0.0,1.3,0.77,0.0,1.0,1.0,0.0,1.0,0.0,0.0,0.0,0.0,0.0,0.0,0.0,0.0,0.0,0.0,1.0,1.0,0.0,0.0
99,3.27,0.98,0.040222,0.16613599999999998,-0.985282,-0.021359,0.183766,-0.9827379999999999,0.01,0.17600000000000002,547.2,551.3,561.9,572.6,577.3,573.9,562.6,551.9,535.9,540.9,550.0,562.4,575.0,583.7,589.5,582.8,573.1,562.5,552.3,542.9,558.0,562.6,567.0,568.7,566.8,562.3,557.8,556.1,692.1,695.5,706.0,717.3,722.9,719.4,709.0,696.9,682.0,687.9,696.9,709.7,721.7,729.9,734.7,730.1,722.7,713.3,701.7,690.4,702.6,707.6,712.3,713.8,711.3,706.3,701.6,700.1,353.1,343.2,339.2,343.5,353.6,363.9,367.5,363.2,357.1,350.5,347.1,344.7,345.5,350.1,358.3,364.4,369.0,371.1,369.1,364.3,356.6,358.5,356.8,352.6,348.4,346.6,348.3,352.4,351.9,340.1,334.5,338.5,349.6,361.3,366.9,363.9,359.5,351.5,345.9,343.3,345.1,348.9,355.8,359.7,362.0,363.3,363.2,362.4,356.5,358.2,355.7,350.5,345.6,343.8,346.3,351.5,-35.0,-33.4,-29.4,-25.3,-23.6,-24.9,-29.2,-33.3,-39.4,-37.4,-33.8,-29.1,-24.4,-21.2,-19.1,-21.6,-25.2,-29.2,-33.1,-36.7,-30.9,-29.2,-27.5,-26.9,-27.6,-29.3,-31.0,-31.6,19.5,20.8,24.7,28.9,31.0,29.7,25.8,21.2,15.7,17.9,21.2,26.0,30.6,33.7,35.6,33.8,31.0,27.4,23.0,18.8,23.4,25.3,27.1,27.6,26.7,24.8,23.1,22.5,-2.6,-6.3,-7.8,-6.2,-2.4,1.5,2.8,1.2,-1.1,-3.6,-4.9,-5.8,-5.4,-3.7,-0.6,1.7,3.4,4.2,3.5,1.6,-1.3,-0.6,-1.2,-2.8,-4.4,-5.0,-4.4,-2.9,-3.0,-7.4,-9.5,-8.1,-3.9,0.5,2.6,1.5,-0.2,-3.2,-5.3,-6.2,-5.6,-4.2,-1.6,-0.1,0.8,1.2,1.2,0.9,-1.3,-0.7,-1.6,-3.6,-5.4,-6.1,-5.1,-3.2,1130.6,1128.7,1127.6,1128.0,1129.7,1131.9,1132.6,1132.2,1135.0,1131.0,1127.7,1125.9,1126.9,1129.4,1132.8,1132.6,1131.9,1132.0,1132.9,1134.2,1131.7,1131.9,1131.4,1130.6,1129.9,1129.8,1130.2,1131.0,1120.4,1121.2,1122.4,1123.4,1123.5,1122.7,1121.5,1120.7,1121.2,1120.3,1119.8,1120.4,1122.7,1125.7,1128.5,1125.8,1123.0,1120.8,1119.9,1120.4,1122.1,1122.5,1123.1,1123.4,1123.4,1123.0,1122.4,1122.1,-0.8,36.5,1318.8,0.18,-0.07400000000000001,-0.005,464.0,466.1,473.0,483.0,499.9,527.3,561.3,599.9,640.3,677.6,709.1,737.5,760.8,775.8,783.6,788.7,790.4,498.9,518.4,544.2,571.6,597.7,679.5,704.2,727.7,749.8,766.2,640.6,642.8,645.0,647.1,613.3,629.0,644.5,660.0,673.6,533.6,551.5,574.5,592.0,573.3,550.7,681.4,697.5,720.0,736.2,722.5,701.2,584.5,607.5,628.5,644.0,659.6,679.4,696.3,680.1,660.7,643.8,627.1,606.3,594.6,627.9,643.7,659.6,687.6,659.0,643.1,627.1,353.5,399.6,444.2,486.9,525.4,558.3,583.5,603.2,608.8,604.5,585.4,560.0,527.0,486.9,442.7,396.1,349.6,312.4,294.7,288.8,292.4,301.0,299.1,289.0,285.7,289.2,303.1,350.9,383.3,415.2,447.3,463.0,469.0,473.9,468.9,463.0,358.4,346.6,347.3,360.9,367.4,367.2,359.3,344.8,343.8,353.8,363.3,364.7,518.4,505.7,499.9,504.1,500.3,506.0,515.8,536.5,544.7,546.1,544.2,536.1,518.8,515.7,516.8,515.3,517.8,523.1,524.5,522.8,-79.3,-78.6,-75.8,-71.5,-63.7,-50.9,-35.3,-17.8,0.1,16.8,31.3,44.5,55.3,62.1,65.4,67.4,68.0,-61.9,-53.2,-41.8,-29.7,-18.3,17.2,28.0,38.3,48.1,55.6,0.3,1.2,2.2,3.1,-11.7,-4.8,2.0,8.7,14.7,-46.7,-38.7,-28.6,-21.0,-29.2,-39.1,18.2,25.3,35.1,42.4,36.3,26.9,-24.5,-14.3,-5.0,1.8,8.6,17.3,24.9,17.6,9.1,1.6,-5.6,-14.8,-20.0,-5.3,1.6,8.6,21.0,8.3,1.4,-5.7,-2.9,17.9,38.2,57.8,75.2,89.7,100.2,108.3,110.6,109.4,102.0,91.3,76.5,58.0,37.6,16.4,-4.7,-20.9,-28.6,-31.1,-29.4,-25.6,-26.5,-30.9,-32.5,-31.0,-25.0,-4.0,10.1,23.9,37.8,45.0,47.6,49.7,47.6,45.0,-0.7,-5.8,-5.6,0.4,3.3,3.1,-0.3,-6.7,-7.1,-2.7,1.4,2.1,69.9,63.9,61.2,63.0,61.4,64.2,69.0,77.6,80.9,81.4,80.6,77.2,70.0,68.2,68.7,68.0,69.6,71.5,72.0,71.3,1352.1,1356.8,1362.2,1365.7,1363.5,1356.4,1345.2,1335.2,1334.1,1341.9,1357.3,1369.7,1374.1,1371.8,1366.2,1360.1,1355.9,1317.2,1313.2,1309.3,1304.7,1300.7,1303.6,1308.0,1312.0,1315.8,1320.6,1307.3,1304.6,1301.7,1299.1,1311.5,1310.2,1309.2,1309.7,1310.8,1316.7,1312.8,1312.0,1313.2,1313.2,1314.0,1316.8,1316.5,1318.2,1323.2,1319.5,1317.7,1323.3,1315.1,1311.8,1311.3,1312.1,1318.7,1327.6,1319.2,1314.0,1312.6,1312.9,1315.8,1321.3,1314.0,1313.6,1314.4,1324.4,1314.9,1313.6,1314.1,2.265,0.213,-0.076,-0.005,638.055,442.585,-36.067,-0.867,-31.584,-2.104,4.6930000000000005,5.515,1.909,13.290999999999999,-8.033,0.377,-11.880999999999998,-4.157,9.017999999999999,-0.777,3.63,1.1159999999999999,3.3480000000000003,-5.042,-6.917999999999999,-0.91,-1.287,2.178,-0.501,1.484,-0.304,2.81,-0.434,0.317,0.34299999999999997,-1.0659999999999998,0.8140000000000001,-0.679,0.006999999999999999,0.742,1.91,3.07,0.0,1.54,0.0,0.02,0.07,0.01,0.47,0.0,0.0,0.0,0.0,0.0,1.26,0.8,0.0,1.0,1.0,0.0,1.0,0.0,0.0,0.0,0.0,0.0,0.0,0.0,0.0,0.0,0.0,1.0,1.0,0.0,0.0
100,3.303,0.98,0.042867,0.16434400000000002,-0.9854709999999999,-0.022188,0.182256,-0.983001,0.011000000000000001,0.174,546.9,551.1,561.7,572.5,577.1,573.7,562.3,551.5,535.8,540.7,549.6,562.0,574.6,583.4,589.2,582.3,572.5,562.0,551.9,542.8,557.8,562.3,566.8,568.6,566.7,562.1,557.6,555.8,691.9,695.4,705.8,717.0,722.4,719.0,708.6,696.5,681.9,687.6,696.6,709.3,721.3,729.4,734.3,729.6,722.3,713.0,701.5,690.2,702.3,707.3,711.8,713.4,711.0,706.0,701.4,699.9,353.2,343.3,339.5,343.9,354.1,364.3,367.8,363.3,357.2,350.5,347.2,344.9,345.8,350.4,358.8,365.0,369.6,371.5,369.4,364.4,356.9,358.8,357.2,353.0,348.7,346.8,348.4,352.6,352.1,340.4,335.0,339.0,350.0,361.7,367.1,364.0,359.7,351.8,346.3,343.6,345.5,349.3,356.2,360.2,362.5,363.7,363.6,362.7,356.7,358.5,356.1,350.9,346.0,344.3,346.6,351.8,-35.1,-33.4,-29.4,-25.4,-23.7,-25.0,-29.3,-33.4,-39.4,-37.4,-34.0,-29.3,-24.5,-21.3,-19.2,-21.8,-25.5,-29.4,-33.3,-36.8,-31.0,-29.3,-27.6,-26.9,-27.6,-29.3,-31.0,-31.7,19.5,20.8,24.7,29.0,31.0,29.7,25.8,21.2,15.7,17.9,21.2,26.0,30.6,33.7,35.6,33.8,31.0,27.4,23.1,18.9,23.4,25.3,27.0,27.6,26.7,24.8,23.1,22.5,-2.6,-6.3,-7.7,-6.0,-2.2,1.6,2.9,1.3,-1.1,-3.6,-4.8,-5.7,-5.3,-3.6,-0.5,1.9,3.6,4.3,3.5,1.7,-1.2,-0.5,-1.1,-2.6,-4.3,-5.0,-4.4,-2.8,-3.0,-7.4,-9.4,-7.9,-3.7,0.6,2.7,1.5,-0.1,-3.1,-5.2,-6.1,-5.5,-4.0,-1.4,0.1,0.9,1.4,1.3,1.0,-1.2,-0.6,-1.5,-3.4,-5.3,-5.9,-5.0,-3.1,1130.5,1128.5,1127.3,1127.7,1129.4,1131.7,1132.5,1132.1,1134.8,1130.8,1127.5,1125.5,1126.4,1128.9,1132.3,1132.2,1131.6,1131.8,1132.8,1134.1,1131.6,1131.8,1131.3,1130.4,1129.7,1129.5,1130.0,1130.9,1126.4,1127.3,1128.5,1129.4,1129.5,1128.7,1127.4,1126.7,1127.2,1126.3,1125.8,1126.4,1128.6,1131.7,1134.5,1131.9,1129.0,1126.8,1125.9,1126.4,1128.1,1128.5,1129.1,1129.4,1129.4,1129.0,1128.4,1128.1,-1.0,36.7,1320.4,0.18100000000000002,-0.07200000000000001,-0.005,463.8,466.0,472.9,482.8,499.6,526.9,560.6,599.1,639.5,677.0,708.8,737.5,760.9,775.8,783.5,788.6,790.3,498.4,517.6,543.4,571.0,597.2,679.0,703.8,727.3,749.4,765.7,640.2,642.4,644.6,646.7,612.9,628.6,644.1,659.5,673.1,533.4,551.2,574.2,591.6,572.9,550.4,681.2,697.2,719.7,735.9,722.2,700.9,584.2,607.0,628.0,643.6,659.3,679.1,696.1,679.8,660.4,643.3,626.6,605.8,594.3,627.4,643.3,659.3,687.4,658.8,642.7,626.5,354.3,400.2,444.6,487.0,525.3,558.2,583.4,603.4,609.1,604.9,585.5,560.0,526.9,486.8,442.7,396.3,349.9,313.1,295.2,289.1,292.7,301.3,299.4,289.3,285.9,289.6,303.6,351.3,383.8,415.8,447.9,463.5,469.5,474.5,469.5,463.6,358.7,346.9,347.6,361.2,367.8,367.5,359.6,345.1,344.1,354.2,363.6,365.0,518.6,506.0,500.4,504.6,500.8,506.4,516.1,536.6,544.8,546.2,544.3,536.1,519.0,516.2,517.4,515.9,518.1,523.2,524.6,522.9,-79.5,-78.8,-75.9,-71.6,-63.9,-51.2,-35.6,-18.2,-0.2,16.6,31.2,44.6,55.4,62.1,65.4,67.4,68.0,-62.2,-53.7,-42.2,-30.0,-18.6,17.0,27.8,38.2,48.0,55.4,0.1,1.0,2.0,2.9,-11.8,-5.0,1.8,8.5,14.5,-46.9,-38.9,-28.8,-21.2,-29.4,-39.3,18.1,25.1,35.0,42.3,36.2,26.8,-24.6,-14.5,-5.2,1.6,8.5,17.2,24.9,17.5,9.0,1.4,-5.9,-15.0,-20.1,-5.5,1.5,8.5,20.9,8.2,1.2,-5.9,-2.6,18.2,38.4,57.9,75.2,89.7,100.3,108.4,110.9,109.7,102.1,91.4,76.5,58.0,37.7,16.5,-4.5,-20.6,-28.4,-31.0,-29.3,-25.5,-26.4,-30.9,-32.4,-30.9,-24.9,-3.8,10.4,24.2,38.1,45.3,47.9,50.0,47.9,45.3,-0.6,-5.7,-5.4,0.5,3.4,3.3,-0.2,-6.5,-7.0,-2.6,1.6,2.2,70.1,64.1,61.4,63.3,61.7,64.4,69.2,77.8,81.1,81.6,80.8,77.3,70.1,68.5,69.0,68.4,69.9,71.6,72.2,71.4,1353.5,1358.2,1363.8,1367.3,1365.0,1357.8,1346.7,1336.7,1335.6,1343.4,1358.6,1370.9,1375.3,1373.0,1367.4,1361.4,1357.2,1318.8,1314.8,1310.9,1306.2,1302.4,1305.4,1309.5,1313.4,1317.0,1321.7,1309.0,1306.3,1303.5,1300.9,1313.3,1312.0,1311.0,1311.4,1312.5,1318.2,1314.3,1313.4,1314.6,1314.7,1315.5,1318.3,1317.9,1319.5,1324.5,1321.0,1319.2,1324.7,1316.7,1313.4,1313.0,1313.7,1320.2,1328.9,1320.9,1315.7,1314.3,1314.6,1317.4,1322.8,1315.7,1315.3,1316.1,1325.8,1316.5,1315.2,1315.8,2.263,0.214,-0.07400000000000001,-0.005,637.681,442.897,-36.9,-1.192,-32.199,-2.6660000000000004,4.638,5.5489999999999995,1.614,13.093,-7.818,0.8270000000000001,-12.07,-4.152,9.333,-0.311,3.7880000000000003,0.614,3.216,-5.0889999999999995,-6.6370000000000005,-0.895,-1.412,2.022,-0.45299999999999996,1.59,-0.129,2.784,-0.609,0.299,0.354,-1.0290000000000001,0.7290000000000001,-0.752,0.01,0.77,1.87,3.04,0.0,1.52,0.0,0.02,0.03,0.0,0.52,0.0,0.0,0.0,0.0,0.0,1.25,0.78,0.01,1.0,1.0,0.0,1.0,0.0,0.0,0.0,0.0,0.0,0.0,0.0,0.0,0.0,0.0,1.0,1.0,0.0,0.0
101,3.3369999999999997,0.98,0.047726,0.162977,-0.985475,-0.031043,0.18020899999999998,-0.983138,0.008,0.17300000000000001,546.5,550.7,561.3,572.0,576.6,573.2,561.8,551.1,535.0,540.0,549.0,561.6,574.2,582.9,588.5,581.7,572.0,561.4,551.2,541.9,557.2,561.8,566.3,568.1,566.2,561.6,557.1,555.3,691.2,694.6,705.0,716.3,721.9,718.5,708.1,696.0,681.5,687.2,696.1,708.9,720.9,729.0,733.8,729.2,722.1,712.8,701.2,689.9,701.6,706.7,711.3,712.8,710.3,705.3,700.7,699.2,353.6,343.7,339.8,344.1,354.2,364.6,368.0,363.7,357.8,351.1,347.6,345.3,346.2,350.8,359.2,365.3,369.9,371.8,369.8,365.0,357.2,359.1,357.5,353.2,348.9,347.0,348.7,352.9,352.5,340.7,335.2,339.2,350.3,362.0,367.5,364.5,360.2,352.2,346.7,344.0,345.8,349.5,356.4,360.3,362.7,364.0,363.9,363.1,357.1,358.9,356.4,351.2,346.2,344.5,346.9,352.2,-35.2,-33.5,-29.5,-25.5,-23.8,-25.2,-29.5,-33.5,-39.7,-37.6,-34.1,-29.4,-24.7,-21.5,-19.4,-22.0,-25.6,-29.6,-33.5,-37.0,-31.2,-29.5,-27.7,-27.0,-27.8,-29.5,-31.2,-31.9,19.2,20.4,24.3,28.6,30.7,29.4,25.5,20.9,15.5,17.6,21.0,25.7,30.3,33.4,35.3,33.5,30.7,27.2,22.9,18.7,23.1,25.0,26.7,27.3,26.4,24.5,22.7,22.1,-2.4,-6.1,-7.6,-6.0,-2.2,1.7,3.0,1.4,-0.8,-3.4,-4.6,-5.5,-5.2,-3.4,-0.3,2.0,3.7,4.5,3.7,1.9,-1.0,-0.3,-1.0,-2.5,-4.2,-4.9,-4.2,-2.7,-2.8,-7.2,-9.3,-7.8,-3.7,0.8,2.8,1.7,0.1,-2.9,-5.0,-6.0,-5.3,-3.9,-1.4,0.1,1.0,1.5,1.5,1.2,-1.1,-0.4,-1.3,-3.3,-5.2,-5.8,-4.9,-2.9,1128.7,1126.8,1125.8,1126.2,1127.9,1130.1,1130.8,1130.4,1133.2,1129.2,1126.0,1124.1,1125.1,1127.6,1131.0,1130.8,1130.1,1130.3,1131.2,1132.4,1129.9,1130.1,1129.7,1128.8,1128.1,1128.0,1128.4,1129.2,1121.3,1122.1,1123.4,1124.4,1124.4,1123.6,1122.4,1121.6,1121.9,1121.1,1120.7,1121.4,1123.7,1126.7,1129.5,1126.8,1123.9,1121.7,1120.7,1121.2,1123.0,1123.4,1124.0,1124.4,1124.3,1123.9,1123.3,1123.0,-1.2,36.8,1321.9,0.18100000000000002,-0.071,-0.004,463.7,465.8,472.6,482.5,499.3,526.5,560.1,598.5,638.8,676.4,708.2,736.8,760.2,775.2,783.0,788.1,789.7,498.7,518.3,543.8,570.9,596.5,678.7,703.2,726.4,748.4,765.0,639.6,641.7,643.9,645.9,612.2,627.8,643.4,658.8,672.5,532.7,550.6,573.6,591.0,572.3,549.7,680.8,696.8,719.3,735.5,721.8,700.4,583.5,606.5,627.4,643.0,658.6,678.5,695.6,679.2,659.8,642.7,626.1,605.3,593.6,626.8,642.7,658.6,686.8,658.1,642.1,626.0,354.4,400.2,444.5,486.9,525.2,558.2,583.5,603.4,609.1,604.9,585.8,560.4,527.3,487.3,443.2,396.8,350.4,312.4,295.2,289.5,293.2,301.7,299.9,289.9,286.6,290.0,303.8,351.6,384.1,416.1,448.2,463.7,469.8,474.8,469.8,463.9,359.0,347.2,347.9,361.5,368.2,367.8,360.0,345.5,344.5,354.6,364.0,365.4,519.0,506.4,500.6,504.8,501.0,506.6,516.4,536.8,544.9,546.3,544.4,536.3,519.4,516.5,517.7,516.1,518.3,523.3,524.7,522.9,-79.6,-79.0,-76.2,-71.9,-64.1,-51.4,-35.9,-18.5,-0.5,16.3,30.9,44.3,55.2,61.9,65.2,67.3,67.8,-62.2,-53.4,-42.1,-30.1,-18.9,16.9,27.6,37.9,47.6,55.1,-0.2,0.7,1.7,2.5,-12.2,-5.3,1.5,8.2,14.2,-47.2,-39.2,-29.1,-21.5,-29.7,-39.6,17.9,25.0,34.9,42.2,36.0,26.6,-25.0,-14.7,-5.5,1.3,8.2,16.9,24.6,17.3,8.7,1.2,-6.1,-15.3,-20.5,-5.8,1.2,8.2,20.7,7.9,0.9,-6.1,-2.5,18.2,38.4,57.9,75.3,89.8,100.4,108.6,111.0,109.8,102.4,91.7,76.8,58.3,38.0,16.7,-4.4,-21.0,-28.4,-30.8,-29.1,-25.4,-26.2,-30.7,-32.2,-30.7,-24.8,-3.7,10.5,24.4,38.3,45.5,48.1,50.2,48.1,45.5,-0.5,-5.6,-5.3,0.7,3.6,3.4,-0.0,-6.4,-6.8,-2.4,1.8,2.4,70.3,64.3,61.6,63.5,61.8,64.6,69.4,77.9,81.2,81.7,80.9,77.5,70.4,68.7,69.2,68.6,70.0,71.7,72.3,71.5,1354.9,1359.6,1365.2,1368.7,1366.6,1359.5,1348.3,1338.2,1337.1,1344.8,1360.2,1372.5,1377.0,1374.6,1368.8,1362.6,1358.3,1319.8,1316.0,1312.3,1307.8,1304.0,1306.9,1311.1,1314.9,1318.3,1322.7,1310.5,1307.9,1305.0,1302.5,1314.7,1313.4,1312.5,1312.9,1314.0,1319.8,1315.9,1315.0,1316.2,1316.2,1317.0,1319.8,1319.4,1321.0,1326.0,1322.4,1320.6,1326.4,1318.2,1315.0,1314.5,1315.2,1321.8,1330.6,1322.3,1316.9,1315.5,1315.8,1318.8,1324.4,1317.2,1316.7,1317.5,1327.4,1317.8,1316.5,1317.1,2.26,0.215,-0.073,-0.004,637.1519999999999,443.144,-37.118,-1.294,-32.549,-2.806,4.102,5.745,1.45,13.620999999999999,-8.331,0.55,-11.632,-3.694,8.999,-0.805,3.4019999999999997,0.802,3.3819999999999997,-5.127999999999999,-6.443,-1.037,-1.406,2.401,-0.503,1.494,-0.2,2.906,-0.449,0.11800000000000001,0.28300000000000003,-1.074,0.738,-0.653,0.02,0.7240000000000001,1.84,2.99,0.0,1.56,0.0,0.0,0.03,0.0,0.52,0.0,0.0,0.0,0.0,0.0,1.25,0.82,0.01,1.0,1.0,0.0,1.0,0.0,0.0,0.0,0.0,0.0,0.0,0.0,0.0,0.0,0.0,1.0,1.0,0.0,0.0
102,3.37,0.98,0.044132,0.165689,-0.98519,-0.024061000000000003,0.18635,-0.982189,0.01,0.177,545.8,550.1,560.7,571.4,576.0,572.6,561.1,550.4,534.6,539.5,548.4,560.9,573.6,582.3,588.1,581.2,571.3,560.6,550.6,541.4,556.7,561.2,565.7,567.5,565.5,561.0,556.6,554.8,690.8,694.4,704.9,716.1,721.4,717.9,707.4,695.4,680.9,686.6,695.5,708.2,720.2,728.5,733.4,728.7,721.2,711.8,700.3,689.2,701.2,706.2,710.9,712.4,710.1,705.1,700.4,698.9,353.7,343.8,340.0,344.5,354.7,365.0,368.4,363.9,357.6,351.1,347.9,345.6,346.6,351.2,359.5,365.6,370.2,372.0,369.9,364.9,357.4,359.3,357.7,353.6,349.3,347.4,349.0,353.1,352.7,341.2,335.8,339.9,350.9,362.5,367.8,364.7,360.5,352.6,347.0,344.4,346.2,350.0,357.0,360.8,363.1,364.3,364.2,363.4,357.4,359.2,356.9,351.7,346.8,345.0,347.4,352.5,-35.4,-33.8,-29.8,-25.7,-24.0,-25.4,-29.7,-33.7,-39.8,-37.8,-34.4,-29.6,-24.9,-21.7,-19.6,-22.2,-25.8,-29.9,-33.7,-37.2,-31.4,-29.7,-28.0,-27.3,-28.0,-29.7,-31.4,-32.1,19.2,20.6,24.5,28.8,30.8,29.5,25.5,20.9,15.5,17.6,20.9,25.7,30.3,33.6,35.5,33.6,30.7,27.1,22.7,18.6,23.2,25.0,26.8,27.4,26.5,24.6,22.9,22.3,-2.4,-6.1,-7.5,-5.8,-2.0,1.9,3.1,1.5,-0.9,-3.4,-4.6,-5.4,-5.0,-3.3,-0.2,2.1,3.8,4.5,3.7,1.9,-1.0,-0.3,-0.9,-2.4,-4.0,-4.7,-4.1,-2.6,-2.7,-7.1,-9.1,-7.6,-3.4,0.9,3.0,1.8,0.2,-2.8,-4.9,-5.9,-5.2,-3.8,-1.2,0.3,1.2,1.6,1.6,1.3,-1.0,-0.3,-1.2,-3.1,-5.0,-5.7,-4.8,-2.8,1128.1,1126.1,1125.0,1125.4,1127.0,1129.3,1130.1,1129.7,1132.6,1128.6,1125.2,1123.3,1124.2,1126.6,1129.9,1129.8,1129.2,1129.4,1130.4,1131.8,1129.2,1129.3,1128.9,1128.0,1127.3,1127.2,1127.7,1128.5,1132.9,1133.6,1134.8,1135.6,1135.6,1134.9,1133.7,1133.1,1133.7,1132.8,1132.2,1132.7,1134.8,1137.8,1140.6,1138.0,1135.2,1133.1,1132.3,1132.9,1134.5,1134.8,1135.3,1135.7,1135.7,1135.3,1134.8,1134.4,-1.5,36.9,1321.2,0.184,-0.069,-0.005,463.1,465.2,472.0,481.9,498.7,525.9,559.5,597.8,638.1,675.7,707.6,736.4,759.8,774.9,782.7,787.8,789.5,497.9,517.3,542.8,569.9,595.7,678.1,702.6,725.8,747.7,764.3,639.0,641.1,643.2,645.2,611.6,627.2,642.8,658.2,671.8,532.2,550.1,573.0,590.4,571.7,549.2,680.1,696.2,718.6,734.9,721.1,699.8,582.8,605.7,626.7,642.3,657.9,677.8,694.9,678.4,659.0,641.9,625.3,604.5,592.9,626.1,641.9,657.9,686.1,657.4,641.3,625.3,354.5,400.3,444.6,487.1,525.4,558.4,583.6,603.5,609.2,605.1,585.9,560.4,527.4,487.4,443.4,397.1,350.7,313.1,295.8,289.9,293.5,301.9,300.1,290.2,287.0,290.5,304.1,351.8,384.4,416.4,448.6,464.1,470.2,475.1,470.2,464.3,359.2,347.5,348.2,361.8,368.4,368.1,360.3,345.9,344.9,354.9,364.4,365.8,519.1,506.7,501.1,505.3,501.5,507.1,516.7,537.0,545.1,546.5,544.6,536.5,519.6,516.9,518.1,516.6,518.6,523.5,524.9,523.2,-79.9,-79.2,-76.4,-72.1,-64.4,-51.7,-36.2,-18.8,-0.9,16.0,30.6,44.1,55.0,61.8,65.0,67.1,67.6,-62.5,-53.8,-42.5,-30.6,-19.2,16.6,27.3,37.6,47.3,54.7,-0.4,0.5,1.4,2.3,-12.4,-5.6,1.2,8.0,13.9,-47.4,-39.4,-29.3,-21.7,-29.9,-39.8,17.6,24.7,34.6,41.9,35.7,26.3,-25.3,-15.0,-5.8,1.0,7.8,16.6,24.3,16.9,8.3,0.8,-6.5,-15.6,-20.8,-6.1,0.9,7.9,20.4,7.6,0.6,-6.5,-2.5,18.3,38.5,58.0,75.3,89.9,100.5,108.6,111.0,109.8,102.4,91.6,76.8,58.3,38.0,16.8,-4.2,-20.6,-28.2,-30.6,-29.0,-25.2,-26.1,-30.5,-32.0,-30.5,-24.6,-3.6,10.6,24.5,38.5,45.6,48.2,50.3,48.2,45.7,-0.4,-5.5,-5.2,0.8,3.7,3.5,0.1,-6.2,-6.6,-2.2,1.9,2.5,70.3,64.4,61.8,63.6,62.0,64.8,69.4,78.0,81.2,81.8,80.9,77.6,70.4,68.9,69.4,68.7,70.1,71.8,72.3,71.6,1354.4,1359.2,1364.8,1368.4,1366.1,1359.0,1347.8,1337.7,1336.5,1344.2,1359.5,1371.8,1376.2,1373.8,1368.0,1361.9,1357.6,1319.2,1315.3,1311.5,1307.0,1303.1,1305.9,1310.1,1313.8,1317.1,1321.4,1309.6,1307.0,1304.1,1301.6,1314.0,1312.7,1311.7,1312.1,1313.1,1319.0,1315.0,1314.1,1315.3,1315.3,1316.2,1318.8,1318.4,1319.9,1324.9,1321.4,1319.7,1325.8,1317.6,1314.3,1313.8,1314.6,1321.1,1329.8,1321.6,1316.3,1314.9,1315.3,1318.2,1323.8,1316.6,1316.1,1316.9,1326.6,1317.2,1315.9,1316.5,2.261,0.217,-0.07,-0.004,636.499,443.43300000000005,-36.732,-1.288,-32.421,-2.932,4.4,6.025,1.8030000000000002,13.457,-8.231,0.765,-11.799000000000001,-3.593,9.404,-0.8,3.41,0.511,3.363,-4.967,-6.6,-1.12,-1.276,2.1630000000000003,-0.493,1.5090000000000001,-0.19899999999999998,2.655,-0.494,0.23399999999999999,0.28600000000000003,-1.008,0.721,-0.74,0.009000000000000001,0.762,1.82,2.92,0.0,1.72,0.0,0.0,0.01,0.0,0.53,0.0,0.0,0.0,0.0,0.0,1.25,0.81,0.01,1.0,1.0,0.0,1.0,0.0,0.0,0.0,0.0,0.0,0.0,0.0,0.0,0.0,0.0,1.0,1.0,0.0,0.0
103,3.403,0.98,0.038561,0.166345,-0.9853129999999999,-0.02805,0.189304,-0.981518,0.005,0.179,545.3,549.6,560.2,570.9,575.4,572.0,560.5,549.8,534.1,539.2,548.2,560.6,573.1,581.8,587.5,580.7,570.9,560.3,550.2,541.0,556.0,560.6,565.2,567.0,565.1,560.5,555.9,554.1,690.2,693.7,704.1,715.3,720.8,717.3,706.9,694.8,680.3,686.2,695.2,707.8,719.5,727.7,732.5,728.0,720.7,711.3,699.8,688.6,700.5,705.6,710.3,711.9,709.4,704.3,699.6,698.0,354.0,344.1,340.3,344.7,354.9,365.2,368.6,364.2,357.7,351.3,348.1,345.9,346.9,351.5,359.6,365.9,370.6,372.5,370.3,365.2,357.8,359.7,358.1,353.8,349.5,347.6,349.2,353.4,353.1,341.5,336.2,340.2,351.3,362.8,368.2,365.1,360.6,352.8,347.3,344.6,346.4,350.3,357.2,361.2,363.5,364.6,364.5,363.7,357.9,359.7,357.3,352.1,347.1,345.3,347.7,352.9,-35.7,-34.1,-30.0,-26.0,-24.3,-25.7,-30.0,-34.1,-40.1,-38.0,-34.5,-29.8,-25.1,-21.9,-19.8,-22.4,-26.1,-30.1,-33.9,-37.5,-31.7,-30.0,-28.2,-27.5,-28.2,-30.0,-31.7,-32.4,18.9,20.2,24.1,28.4,30.5,29.1,25.2,20.6,15.2,17.4,20.8,25.5,30.0,33.1,35.0,33.2,30.4,26.8,22.5,18.3,22.8,24.7,26.5,27.1,26.2,24.2,22.5,21.9,-2.3,-6.0,-7.4,-5.7,-1.9,2.0,3.3,1.6,-0.9,-3.3,-4.5,-5.3,-4.9,-3.2,-0.2,2.2,4.0,4.7,3.9,2.0,-0.8,-0.1,-0.7,-2.3,-4.0,-4.7,-4.1,-2.5,-2.6,-7.0,-9.0,-7.5,-3.3,1.1,3.1,1.9,0.2,-2.7,-4.8,-5.8,-5.1,-3.7,-1.1,0.5,1.3,1.7,1.7,1.4,-0.8,-0.1,-1.0,-3.0,-4.9,-5.5,-4.6,-2.7,1131.4,1129.5,1128.4,1128.8,1130.4,1132.6,1133.3,1133.0,1135.7,1131.8,1128.5,1126.7,1127.7,1130.0,1133.4,1133.3,1132.6,1132.8,1133.7,1134.9,1132.5,1132.7,1132.2,1131.4,1130.7,1130.5,1131.0,1131.8,1128.1,1129.0,1130.2,1131.1,1131.1,1130.2,1129.0,1128.2,1128.9,1128.0,1127.6,1128.3,1130.5,1133.5,1136.3,1133.6,1130.7,1128.5,1127.6,1128.1,1129.7,1130.1,1130.7,1131.1,1131.1,1130.7,1130.1,1129.7,-1.7,37.1,1322.4,0.185,-0.067,-0.004,462.8,464.9,471.7,481.6,498.4,525.8,559.3,597.4,637.5,675.0,706.9,735.8,759.4,774.5,782.3,787.4,789.2,497.2,516.8,542.5,569.8,595.7,677.3,702.0,725.5,747.6,764.3,638.4,640.5,642.6,644.5,611.1,626.6,642.0,657.4,671.0,531.8,549.6,572.6,589.9,571.3,548.8,679.5,695.6,718.0,734.3,720.5,699.2,582.2,605.1,626.1,641.6,657.3,677.3,694.5,677.9,658.4,641.3,624.6,603.8,592.3,625.4,641.3,657.3,685.7,656.8,640.7,624.6,354.6,400.4,444.8,487.3,525.7,558.6,584.0,604.0,609.9,605.7,586.5,561.0,527.9,487.8,443.6,397.2,350.6,313.5,296.2,290.5,294.2,302.8,300.9,290.8,287.5,291.0,304.7,352.3,384.8,416.8,449.0,464.5,470.6,475.5,470.6,464.8,359.4,347.7,348.5,362.1,368.7,368.3,360.5,346.1,345.2,355.2,364.7,366.0,519.2,507.0,501.5,505.8,502.0,507.5,516.9,537.4,545.6,547.0,545.0,536.8,519.7,517.3,518.6,517.0,518.9,523.9,525.3,523.5,-80.1,-79.4,-76.6,-72.3,-64.5,-51.8,-36.3,-19.0,-1.1,15.7,30.4,43.8,54.8,61.6,64.9,67.0,67.6,-62.8,-54.1,-42.7,-30.6,-19.3,16.2,27.1,37.5,47.3,54.8,-0.7,0.2,1.1,2.0,-12.7,-5.8,0.9,7.6,13.6,-47.6,-39.7,-29.6,-22.0,-30.2,-40.1,17.4,24.4,34.4,41.7,35.5,26.1,-25.6,-15.3,-6.1,0.7,7.6,16.4,24.2,16.7,8.1,0.6,-6.8,-15.9,-21.1,-6.4,0.6,7.6,20.2,7.4,0.3,-6.8,-2.5,18.3,38.6,58.1,75.5,90.1,100.7,108.9,111.4,110.2,102.7,92.0,77.1,58.6,38.1,16.9,-4.2,-20.5,-28.0,-30.4,-28.7,-24.9,-25.7,-30.2,-31.8,-30.3,-24.4,-3.4,10.8,24.7,38.7,45.8,48.4,50.6,48.4,45.9,-0.3,-5.4,-5.1,0.9,3.8,3.7,0.2,-6.1,-6.5,-2.1,2.1,2.7,70.4,64.6,62.1,63.9,62.3,65.0,69.6,78.2,81.5,82.0,81.2,77.8,70.6,69.1,69.6,69.0,70.3,72.0,72.6,71.8,1355.5,1360.4,1366.0,1369.6,1367.3,1360.1,1348.8,1338.8,1337.8,1345.5,1360.6,1372.7,1377.0,1374.6,1368.9,1362.6,1358.3,1320.7,1316.6,1312.8,1308.2,1304.3,1307.0,1311.1,1314.8,1318.3,1322.8,1310.7,1308.1,1305.3,1302.8,1315.3,1313.9,1313.0,1313.3,1314.4,1320.2,1316.3,1315.4,1316.6,1316.6,1317.5,1320.0,1319.5,1321.0,1325.9,1322.5,1320.8,1327.1,1319.0,1315.7,1315.2,1315.9,1322.3,1330.9,1322.9,1317.7,1316.4,1316.7,1319.6,1325.1,1318.0,1317.5,1318.3,1327.8,1318.5,1317.2,1317.8,2.259,0.218,-0.068,-0.004,636.005,443.80800000000005,-37.525,-1.381,-32.334,-2.9739999999999998,4.572,6.255,1.635,13.037,-7.721,0.49200000000000005,-11.832,-4.048,9.003,-0.574,3.3989999999999996,0.755,3.06,-5.039,-6.466,-1.133,-1.355,1.994,-0.523,1.875,-0.162,2.861,-0.5479999999999999,0.192,0.43200000000000005,-1.036,0.657,-0.7879999999999999,0.044000000000000004,0.75,1.81,2.88,0.0,1.71,0.0,0.0,0.02,0.0,0.48,0.0,0.0,0.0,0.0,0.0,1.19,0.79,0.01,1.0,1.0,0.0,1.0,0.0,0.0,0.0,0.0,0.0,0.0,0.0,0.0,0.0,0.0,1.0,1.0,0.0,0.0
104,3.437,0.98,0.050565,0.198408,-0.978814,-0.024055,0.201255,-0.979243,0.013999999999999999,0.201,545.2,549.4,559.8,570.3,574.7,571.3,560.1,549.6,533.5,538.3,547.4,560.1,572.9,581.5,586.8,580.0,570.0,558.8,548.6,539.7,555.7,560.2,564.7,566.5,564.6,560.1,555.7,553.9,689.8,693.3,703.7,715.0,720.4,716.9,706.4,694.4,679.7,685.5,694.5,707.1,719.1,727.3,732.3,727.6,720.1,710.7,699.2,688.0,700.1,705.2,709.9,711.4,709.0,704.0,699.3,697.7,354.5,344.4,340.5,345.0,355.2,365.8,369.3,364.8,358.6,351.8,348.2,346.0,347.5,352.5,360.5,364.6,367.3,368.4,367.1,363.8,358.5,360.4,358.7,354.4,350.1,348.1,349.8,354.1,353.6,342.0,336.7,340.7,351.8,363.4,368.7,365.6,361.3,353.4,347.8,345.1,347.0,350.8,357.7,361.7,363.9,365.1,365.0,364.3,358.4,360.2,357.8,352.6,347.6,345.8,348.2,353.4,-36.7,-35.1,-31.0,-27.0,-25.3,-26.6,-31.0,-35.1,-41.5,-39.5,-35.8,-30.9,-25.9,-22.7,-20.6,-23.3,-27.2,-31.5,-35.5,-39.0,-32.7,-31.0,-29.2,-28.5,-29.2,-30.9,-32.7,-33.4,18.7,20.1,24.0,28.3,30.3,29.0,25.0,20.5,15.0,17.1,20.5,25.3,29.8,33.0,35.0,33.1,30.2,26.6,22.3,18.1,22.7,24.6,26.3,27.0,26.0,24.1,22.3,21.7,-2.1,-6.0,-7.6,-5.8,-1.8,2.3,3.6,1.9,-0.5,-3.2,-4.6,-5.4,-4.8,-2.9,0.2,1.8,2.8,3.3,2.8,1.5,-0.6,0.2,-0.5,-2.2,-3.9,-4.6,-3.9,-2.3,-2.4,-6.8,-8.8,-7.3,-3.1,1.3,3.3,2.1,0.5,-2.5,-4.6,-5.6,-4.9,-3.5,-0.9,0.6,1.5,1.9,1.9,1.6,-0.6,0.1,-0.8,-2.8,-4.7,-5.3,-4.4,-2.5,1162.9,1161.4,1160.5,1160.6,1161.8,1163.6,1164.2,1164.0,1167.9,1164.3,1161.0,1159.2,1160.1,1162.3,1165.1,1164.3,1163.2,1163.3,1164.5,1166.4,1163.8,1163.9,1163.5,1162.8,1162.4,1162.3,1162.7,1163.3,1128.9,1129.7,1130.9,1131.8,1131.8,1131.0,1129.8,1129.1,1129.7,1128.8,1128.3,1128.8,1131.0,1134.0,1136.9,1134.2,1131.3,1129.2,1128.3,1128.9,1130.5,1130.9,1131.4,1131.8,1131.8,1131.4,1130.9,1130.5,-2.0,37.1,1316.3,0.188,-0.065,-0.003,462.5,464.3,471.0,480.9,497.6,524.9,558.7,596.9,637.1,674.6,706.2,734.9,758.6,773.8,781.7,787.0,788.7,496.8,515.6,541.5,569.2,595.4,676.5,701.6,725.4,747.7,763.8,637.7,639.8,642.0,643.9,610.1,625.8,641.5,657.0,670.6,531.1,548.9,571.6,589.2,570.5,548.2,678.9,695.2,717.5,733.8,719.9,698.7,581.7,604.4,625.3,640.9,656.7,676.8,693.7,677.4,657.9,640.7,623.9,603.2,591.8,624.7,640.6,656.7,685.0,656.2,640.0,623.9,354.6,400.5,444.8,487.1,525.6,558.7,584.3,604.5,610.4,606.2,586.9,561.5,528.4,488.2,443.9,397.3,350.9,314.5,296.6,290.6,294.5,303.4,301.7,291.5,288.1,292.1,306.4,352.5,385.3,417.5,450.0,464.7,470.9,475.9,470.9,464.9,359.0,347.7,348.5,361.7,367.9,367.6,360.7,346.7,345.9,355.6,364.7,366.0,519.4,507.4,501.9,506.3,502.6,508.1,517.6,537.9,546.0,547.3,545.3,537.0,520.0,517.6,518.9,517.5,519.5,524.2,525.5,523.7,-79.9,-79.3,-76.7,-72.4,-64.6,-52.0,-36.4,-19.2,-1.3,15.5,29.9,43.3,54.2,61.1,64.5,66.5,67.1,-62.8,-54.4,-42.9,-30.8,-19.3,15.8,26.8,37.3,47.1,54.4,-1.0,-0.1,0.8,1.7,-13.0,-6.2,0.6,7.4,13.4,-47.7,-39.8,-29.9,-22.2,-30.4,-40.1,17.1,24.2,34.0,41.3,35.1,25.7,-25.7,-15.6,-6.4,0.4,7.3,16.1,23.7,16.4,7.8,0.3,-7.0,-16.1,-21.2,-6.7,0.3,7.3,19.8,7.1,0.0,-7.0,-2.4,18.3,38.5,57.8,75.2,89.7,100.4,108.6,111.2,110.0,102.5,91.9,77.0,58.5,38.1,16.9,-4.1,-19.9,-27.7,-30.2,-28.4,-24.5,-25.3,-29.8,-31.4,-29.7,-23.5,-3.2,11.0,24.9,38.9,45.7,48.3,50.5,48.3,45.7,-0.4,-5.4,-5.0,0.7,3.5,3.3,0.3,-5.8,-6.2,-1.9,2.1,2.6,70.2,64.5,61.9,63.8,62.2,65.0,69.6,78.1,81.3,81.8,81.0,77.5,70.4,68.9,69.4,68.9,70.3,71.8,72.3,71.6,1350.2,1355.1,1360.9,1364.6,1362.3,1355.0,1343.3,1333.2,1332.3,1340.3,1355.8,1368.1,1372.5,1370.2,1364.1,1357.5,1352.9,1315.7,1311.3,1307.2,1302.3,1298.1,1300.4,1304.4,1308.4,1312.2,1317.1,1304.4,1301.6,1298.5,1295.9,1308.9,1307.4,1306.3,1306.8,1308.0,1314.7,1310.7,1309.7,1310.8,1310.9,1311.9,1313.7,1313.3,1314.7,1319.6,1316.1,1314.6,1321.1,1312.6,1309.2,1308.7,1309.4,1315.9,1324.8,1316.9,1311.9,1310.5,1310.8,1313.7,1319.0,1311.7,1311.2,1312.0,1321.7,1312.6,1311.3,1311.9,2.269,0.221,-0.066,-0.003,635.393,444.139,-33.5,-1.787,-30.905,-1.4,4.065,6.6770000000000005,2.559,13.174000000000001,-7.615,0.085,-11.113,-5.5329999999999995,10.212,-1.234,3.4810000000000003,0.769,2.7680000000000002,-5.07,-6.627999999999999,-1.1320000000000001,-1.124,1.985,-0.21600000000000003,1.445,-0.192,2.2640000000000002,-0.909,0.63,0.13699999999999998,-1.012,1.155,-0.905,0.052000000000000005,0.8140000000000001,1.82,2.82,0.0,1.55,0.0,0.0,0.02,0.0,0.46,0.0,0.0,0.0,0.0,0.0,1.15,0.78,0.04,1.0,1.0,0.0,1.0,0.0,0.0,0.0,0.0,0.0,0.0,0.0,0.0,0.0,0.0,1.0,1.0,0.0,0.0
105,3.47,0.98,0.046646,0.190701,-0.9805389999999999,-0.030910000000000003,0.197718,-0.979771,0.008,0.196,544.5,548.7,559.2,569.9,574.5,571.2,559.8,549.1,533.1,538.0,547.1,559.8,572.5,581.0,586.4,579.6,569.7,558.7,548.5,539.5,555.3,559.8,564.3,566.1,564.2,559.6,555.1,553.3,689.2,692.9,703.3,714.5,719.8,716.2,705.7,693.7,679.3,685.3,694.3,706.9,718.7,727.0,731.9,727.1,719.7,710.2,698.7,687.6,699.5,704.6,709.3,711.0,708.6,703.5,698.7,697.0,355.1,345.1,341.1,345.5,355.6,366.1,369.6,365.2,358.8,352.1,348.9,346.7,347.9,352.6,360.7,365.7,369.3,370.8,369.0,364.8,358.8,360.7,359.0,354.7,350.4,348.5,350.2,354.5,354.0,342.4,337.2,341.3,352.4,363.9,369.1,365.9,361.8,353.9,348.3,345.6,347.4,351.4,358.3,362.2,364.5,365.6,365.5,364.7,358.9,360.8,358.4,353.1,348.1,346.2,348.6,353.8,-36.5,-34.9,-30.8,-26.7,-25.0,-26.4,-30.7,-34.8,-41.1,-39.1,-35.5,-30.6,-25.7,-22.5,-20.5,-23.2,-26.9,-31.1,-35.1,-38.6,-32.4,-30.7,-29.0,-28.3,-29.0,-30.7,-32.5,-33.2,18.5,19.9,23.9,28.1,30.1,28.7,24.7,20.2,14.8,17.0,20.4,25.1,29.7,32.9,34.8,32.9,30.0,26.4,22.1,17.9,22.4,24.3,26.1,26.8,25.8,23.9,22.1,21.5,-1.9,-5.7,-7.2,-5.5,-1.7,2.3,3.7,2.0,-0.5,-3.0,-4.2,-5.1,-4.6,-2.8,0.3,2.2,3.6,4.1,3.5,1.9,-0.4,0.3,-0.4,-2.0,-3.7,-4.4,-3.7,-2.1,-2.3,-6.6,-8.6,-7.0,-2.9,1.5,3.4,2.2,0.7,-2.3,-4.4,-5.4,-4.7,-3.3,-0.6,0.8,1.7,2.1,2.1,1.8,-0.4,0.3,-0.6,-2.6,-4.5,-5.2,-4.3,-2.3,1147.6,1145.8,1144.8,1145.1,1146.6,1148.7,1149.4,1149.1,1152.2,1148.5,1145.3,1143.6,1144.5,1146.8,1149.9,1149.4,1148.5,1148.6,1149.6,1151.2,1148.7,1148.9,1148.4,1147.7,1147.0,1146.9,1147.3,1148.1,1128.1,1128.9,1130.1,1130.9,1130.9,1130.1,1128.9,1128.2,1128.9,1128.0,1127.6,1128.1,1130.3,1133.3,1136.2,1133.4,1130.6,1128.4,1127.6,1128.1,1129.6,1130.0,1130.6,1130.9,1130.9,1130.5,1130.0,1129.6,-2.2,37.4,1319.5,0.19,-0.065,-0.003,462.2,464.0,470.7,480.6,497.3,524.3,557.9,596.1,636.4,673.9,705.7,734.3,758.0,773.2,781.1,786.5,788.4,496.8,516.1,541.7,568.9,594.7,676.3,701.1,724.7,746.9,763.4,637.2,639.2,641.3,643.1,609.5,625.2,640.8,656.3,670.0,530.8,548.5,571.4,588.9,570.2,547.8,678.6,694.8,717.1,733.4,719.5,698.3,581.2,604.1,625.0,640.4,655.9,675.9,693.2,676.7,657.2,640.2,623.7,603.0,591.4,624.3,640.1,655.9,684.4,655.5,639.5,623.6,354.9,400.6,444.9,487.2,525.5,558.6,584.1,604.3,610.2,606.2,587.2,561.8,528.7,488.5,444.3,397.7,351.1,314.1,296.8,291.3,295.2,303.9,302.3,292.1,288.7,292.3,306.2,353.1,385.9,418.1,450.6,465.3,471.5,476.6,471.6,465.6,359.7,348.3,349.1,362.4,368.8,368.5,361.3,347.2,346.4,356.1,365.4,366.7,520.1,508.1,502.7,507.0,503.3,508.7,518.0,538.3,546.3,547.6,545.6,537.5,520.7,518.3,519.6,518.2,520.0,524.6,525.9,524.0,-80.2,-79.6,-77.0,-72.6,-64.9,-52.4,-36.9,-19.6,-1.6,15.2,29.7,43.1,54.1,60.9,64.3,66.4,67.0,-62.9,-54.3,-42.9,-30.9,-19.7,15.8,26.6,37.0,46.8,54.3,-1.2,-0.3,0.5,1.3,-13.3,-6.5,0.3,7.1,13.1,-48.0,-40.0,-30.0,-22.4,-30.6,-40.4,16.9,24.0,33.9,41.2,35.0,25.6,-25.9,-15.8,-6.6,0.2,7.0,15.8,23.5,16.1,7.5,0.1,-7.1,-16.2,-21.4,-6.9,0.0,7.0,19.6,6.8,-0.2,-7.2,-2.3,18.4,38.6,58.0,75.3,89.9,100.6,108.8,111.4,110.2,102.9,92.2,77.3,58.8,38.4,17.1,-4.0,-20.1,-27.7,-30.0,-28.2,-24.3,-25.1,-29.6,-31.2,-29.7,-23.7,-3.0,11.3,25.2,39.2,46.1,48.7,50.9,48.7,46.1,-0.1,-5.1,-4.8,1.1,3.9,3.7,0.6,-5.6,-6.0,-1.7,2.4,3.0,70.7,65.0,62.4,64.3,62.7,65.4,69.9,78.5,81.7,82.1,81.3,77.9,70.8,69.4,69.9,69.3,70.7,72.2,72.7,71.9,1352.8,1357.7,1363.4,1367.2,1365.1,1358.0,1346.6,1336.4,1335.4,1343.2,1358.7,1371.0,1375.4,1372.9,1366.9,1360.2,1355.6,1318.0,1313.9,1309.9,1305.2,1301.1,1303.5,1307.5,1311.4,1315.0,1319.6,1307.5,1304.9,1302.0,1299.5,1312.1,1310.8,1309.7,1310.2,1311.4,1317.7,1313.7,1312.7,1313.8,1313.9,1314.9,1316.7,1316.3,1317.8,1322.7,1319.2,1317.6,1324.5,1316.1,1312.7,1312.2,1312.8,1319.3,1328.2,1320.0,1314.9,1313.5,1313.9,1316.9,1322.4,1315.0,1314.5,1315.2,1325.0,1315.6,1314.4,1315.0,2.2640000000000002,0.22399999999999998,-0.066,-0.003,634.914,444.582,-34.952,-2.228,-32.01,-1.9269999999999998,4.038,6.779,2.0540000000000003,13.347000000000001,-8.022,0.14800000000000002,-11.216,-4.725,9.427999999999999,-1.422,3.303,1.01,3.2289999999999996,-5.048,-6.502999999999999,-1.093,-1.055,2.1630000000000003,-0.35700000000000004,1.452,-0.196,2.717,-0.9009999999999999,0.34299999999999997,0.21899999999999997,-1.005,0.925,-0.851,0.039,0.804,1.84,2.86,0.0,1.41,0.0,0.0,0.08,0.0,0.44,0.0,0.0,0.0,0.0,0.0,1.13,0.73,0.05,1.0,1.0,0.0,1.0,0.0,0.0,0.0,0.0,0.0,0.0,0.0,0.0,0.0,0.0,1.0,1.0,0.0,0.0
106,3.5039999999999996,0.98,0.043431,0.176208,-0.9833940000000001,-0.032833,0.189198,-0.98139,0.005,0.184,544.1,548.2,558.7,569.4,574.0,570.7,559.4,548.7,532.8,537.7,546.7,559.2,571.8,580.4,585.8,579.0,569.2,558.5,548.4,539.4,554.8,559.4,563.8,565.6,563.6,559.1,554.6,552.9,688.7,692.2,702.7,714.0,719.5,716.0,705.5,693.4,678.9,684.9,694.0,706.6,718.4,726.6,731.5,726.8,719.4,709.9,698.4,687.2,699.1,704.2,708.9,710.5,708.0,702.9,698.2,696.7,355.5,345.6,341.6,345.9,356.0,366.3,369.9,365.5,359.1,352.5,349.2,347.0,348.2,352.9,361.1,367.0,371.2,373.0,370.9,366.1,359.1,360.9,359.3,355.1,350.8,349.0,350.6,354.8,354.3,342.6,337.3,341.3,352.4,364.0,369.4,366.3,362.2,354.2,348.6,345.9,347.8,351.7,358.6,362.4,364.6,365.7,365.6,364.9,359.1,360.9,358.5,353.2,348.3,346.4,348.9,354.1,-36.5,-34.8,-30.8,-26.8,-25.1,-26.4,-30.7,-34.8,-40.9,-38.9,-35.4,-30.6,-25.8,-22.6,-20.6,-23.2,-26.9,-31.0,-34.9,-38.4,-32.4,-30.7,-29.0,-28.3,-29.0,-30.7,-32.4,-33.1,18.3,19.6,23.5,27.8,29.9,28.5,24.6,20.0,14.6,16.8,20.2,25.0,29.4,32.6,34.5,32.7,29.8,26.2,21.9,17.7,22.2,24.1,25.9,26.5,25.6,23.6,21.9,21.3,-1.7,-5.5,-7.0,-5.3,-1.5,2.4,3.8,2.1,-0.3,-2.9,-4.1,-4.9,-4.5,-2.7,0.4,2.7,4.3,4.9,4.2,2.3,-0.3,0.4,-0.3,-1.9,-3.5,-4.2,-3.6,-2.0,-2.1,-6.5,-8.5,-7.0,-2.9,1.5,3.5,2.4,0.8,-2.2,-4.3,-5.3,-4.6,-3.1,-0.5,0.9,1.7,2.1,2.1,1.8,-0.3,0.3,-0.6,-2.5,-4.4,-5.1,-4.2,-2.2,1140.4,1138.5,1137.4,1137.8,1139.4,1141.6,1142.3,1141.9,1144.8,1140.9,1137.7,1135.9,1136.9,1139.2,1142.5,1142.3,1141.5,1141.7,1142.6,1144.0,1141.5,1141.6,1141.2,1140.4,1139.7,1139.5,1140.0,1140.8,1124.1,1125.0,1126.2,1127.1,1127.1,1126.2,1125.0,1124.3,1124.9,1124.0,1123.6,1124.2,1126.4,1129.4,1132.2,1129.5,1126.6,1124.4,1123.6,1124.1,1125.7,1126.1,1126.6,1127.0,1127.1,1126.7,1126.1,1125.7,-2.4,37.6,1323.1,0.191,-0.064,-0.003,462.0,463.7,470.3,480.1,496.9,524.2,557.9,596.4,636.5,673.9,705.6,734.2,757.7,772.8,780.7,785.9,787.7,496.6,516.0,541.4,568.4,594.0,676.0,700.7,724.0,746.0,762.6,636.8,638.8,640.9,642.7,609.4,624.9,640.3,655.7,669.3,530.4,548.1,571.0,588.4,569.7,547.3,678.2,694.4,716.8,733.0,719.3,698.0,580.7,603.6,624.4,639.9,655.4,675.4,692.7,676.1,656.6,639.6,623.0,602.4,590.8,623.8,639.6,655.4,684.0,654.9,638.9,623.0,355.5,401.0,445.0,487.3,525.6,558.9,584.6,604.9,610.6,606.2,586.9,561.4,528.4,488.5,444.5,398.1,351.6,314.8,297.6,292.1,295.9,304.4,302.6,292.5,289.2,292.7,306.4,353.6,386.3,418.5,450.9,465.9,472.0,477.0,472.1,466.2,360.5,348.9,349.7,363.2,369.8,369.4,361.8,347.5,346.5,356.5,365.9,367.3,520.3,508.5,503.0,507.3,503.5,508.9,518.1,538.5,546.6,547.9,545.9,537.8,520.9,518.8,520.1,518.5,520.2,524.9,526.2,524.4,-80.5,-80.0,-77.3,-73.0,-65.3,-52.6,-36.9,-19.5,-1.5,15.2,29.8,43.1,54.1,60.9,64.2,66.3,66.9,-63.1,-54.5,-43.2,-31.3,-20.0,15.7,26.5,36.8,46.6,54.0,-1.4,-0.5,0.4,1.2,-13.4,-6.6,0.1,6.9,12.9,-48.3,-40.3,-30.3,-22.7,-30.9,-40.7,16.8,23.9,33.8,41.1,34.9,25.5,-26.3,-16.0,-6.8,-0.1,6.8,15.6,23.4,15.9,7.3,-0.2,-7.5,-16.6,-21.8,-7.1,-0.2,6.8,19.5,6.5,-0.5,-7.5,-2.0,18.6,38.7,58.1,75.5,90.3,101.1,109.4,111.8,110.5,103.0,92.3,77.4,58.9,38.6,17.3,-3.8,-19.9,-27.4,-29.7,-28.0,-24.2,-25.0,-29.5,-31.0,-29.6,-23.6,-2.8,11.5,25.5,39.5,46.5,49.1,51.2,49.1,46.6,0.2,-4.9,-4.5,1.4,4.3,4.1,0.8,-5.5,-5.9,-1.6,2.6,3.2,71.0,65.3,62.8,64.6,63.0,65.7,70.2,78.8,82.0,82.5,81.7,78.3,71.1,69.8,70.3,69.7,70.9,72.5,73.0,72.3,1355.9,1360.9,1366.8,1370.6,1368.5,1361.4,1350.0,1339.9,1338.9,1346.7,1361.8,1373.9,1378.2,1375.7,1369.7,1363.0,1358.3,1321.0,1317.0,1313.3,1308.7,1304.9,1307.3,1311.2,1314.8,1318.1,1322.5,1311.1,1308.5,1305.7,1303.2,1315.8,1314.5,1313.6,1314.0,1315.0,1320.9,1316.9,1316.0,1317.1,1317.3,1318.2,1320.2,1319.7,1321.2,1326.0,1322.7,1321.0,1327.9,1319.7,1316.3,1315.9,1316.5,1322.9,1331.6,1323.6,1318.4,1317.1,1317.4,1320.4,1325.9,1318.7,1318.2,1318.9,1328.4,1319.1,1317.9,1318.5,2.258,0.225,-0.065,-0.003,634.496,444.96,-36.711999999999996,-1.775,-32.728,-2.721,3.8989999999999996,6.587999999999999,1.6280000000000001,13.306,-7.984,0.226,-11.302,-4.271,9.474,-1.2819999999999998,3.1239999999999997,0.9470000000000001,2.95,-4.422,-6.2010000000000005,-0.9620000000000001,-1.495,2.082,-0.545,1.6769999999999998,-0.237,2.813,-0.628,0.198,0.35600000000000004,-0.9740000000000001,0.747,-0.802,0.091,0.757,1.85,2.94,0.0,1.48,0.0,0.0,0.2,0.0,0.43,0.0,0.0,0.0,0.0,0.0,1.13,0.59,0.04,1.0,1.0,0.0,1.0,0.0,0.0,0.0,0.0,0.0,0.0,0.0,0.0,0.0,0.0,1.0,1.0,0.0,0.0
