frame,timestamp,confidence,gaze_0_x,gaze_0_y,gaze_0_z,gaze_1_x,gaze_1_y,gaze_1_z,gaze_angle_x,gaze_angle_y,eye_lmk_x_0,eye_lmk_x_1,eye_lmk_x_2,eye_lmk_x_3,eye_lmk_x_4,eye_lmk_x_5,eye_lmk_x_6,eye_lmk_x_7,eye_lmk_x_8,eye_lmk_x_9,eye_lmk_x_10,eye_lmk_x_11,eye_lmk_x_12,eye_lmk_x_13,eye_lmk_x_14,eye_lmk_x_15,eye_lmk_x_16,eye_lmk_x_17,eye_lmk_x_18,eye_lmk_x_19,eye_lmk_x_20,eye_lmk_x_21,eye_lmk_x_22,eye_lmk_x_23,eye_lmk_x_24,eye_lmk_x_25,eye_lmk_x_26,eye_lmk_x_27,eye_lmk_x_28,eye_lmk_x_29,eye_lmk_x_30,eye_lmk_x_31,eye_lmk_x_32,eye_lmk_x_33,eye_lmk_x_34,eye_lmk_x_35,eye_lmk_x_36,eye_lmk_x_37,eye_lmk_x_38,eye_lmk_x_39,eye_lmk_x_40,eye_lmk_x_41,eye_lmk_x_42,eye_lmk_x_43,eye_lmk_x_44,eye_lmk_x_45,eye_lmk_x_46,eye_lmk_x_47,eye_lmk_x_48,eye_lmk_x_49,eye_lmk_x_50,eye_lmk_x_51,eye_lmk_x_52,eye_lmk_x_53,eye_lmk_x_54,eye_lmk_x_55,eye_lmk_y_0,eye_lmk_y_1,eye_lmk_y_2,eye_lmk_y_3,eye_lmk_y_4,eye_lmk_y_5,eye_lmk_y_6,eye_lmk_y_7,eye_lmk_y_8,eye_lmk_y_9,eye_lmk_y_10,eye_lmk_y_11,eye_lmk_y_12,eye_lmk_y_13,eye_lmk_y_14,eye_lmk_y_15,eye_lmk_y_16,eye_lmk_y_17,eye_lmk_y_18,eye_lmk_y_19,eye_lmk_y_20,eye_lmk_y_21,eye_lmk_y_22,eye_lmk_y_23,eye_lmk_y_24,eye_lmk_y_25,eye_lmk_y_26,eye_lmk_y_27,eye_lmk_y_28,eye_lmk_y_29,eye_lmk_y_30,eye_lmk_y_31,eye_lmk_y_32,eye_lmk_y_33,eye_lmk_y_34,eye_lmk_y_35,eye_lmk_y_36,eye_lmk_y_37,eye_lmk_y_38,eye_lmk_y_39,eye_lmk_y_40,eye_lmk_y_41,eye_lmk_y_42,eye_lmk_y_43,eye_lmk_y_44,eye_lmk_y_45,eye_lmk_y_46,eye_lmk_y_47,eye_lmk_y_48,eye_lmk_y_49,eye_lmk_y_50,eye_lmk_y_51,eye_lmk_y_52,eye_lmk_y_53,eye_lmk_y_54,eye_lmk_y_55,eye_lmk_X_0,eye_lmk_X_1,eye_lmk_X_2,eye_lmk_X_3,eye_lmk_X_4,eye_lmk_X_5,eye_lmk_X_6,eye_lmk_X_7,eye_lmk_X_8,eye_lmk_X_9,eye_lmk_X_10,eye_lmk_X_11,eye_lmk_X_12,eye_lmk_X_13,eye_lmk_X_14,eye_lmk_X_15,eye_lmk_X_16,eye_lmk_X_17,eye_lmk_X_18,eye_lmk_X_19,eye_lmk_X_20,eye_lmk_X_21,eye_lmk_X_22,eye_lmk_X_23,eye_lmk_X_24,eye_lmk_X_25,eye_lmk_X_26,eye_lmk_X_27,eye_lmk_X_28,eye_lmk_X_29,eye_lmk_X_30,eye_lmk_X_31,eye_lmk_X_32,eye_lmk_X_33,eye_lmk_X_34,eye_lmk_X_35,eye_lmk_X_36,eye_lmk_X_37,eye_lmk_X_38,eye_lmk_X_39,eye_lmk_X_40,eye_lmk_X_41,eye_lmk_X_42,eye_lmk_X_43,eye_lmk_X_44,eye_lmk_X_45,eye_lmk_X_46,eye_lmk_X_47,eye_lmk_X_48,eye_lmk_X_49,eye_lmk_X_50,eye_lmk_X_51,eye_lmk_X_52,eye_lmk_X_53,eye_lmk_X_54,eye_lmk_X_55,eye_lmk_Y_0,eye_lmk_Y_1,eye_lmk_Y_2,eye_lmk_Y_3,eye_lmk_Y_4,eye_lmk_Y_5,eye_lmk_Y_6,eye_lmk_Y_7,eye_lmk_Y_8,eye_lmk_Y_9,eye_lmk_Y_10,eye_lmk_Y_11,eye_lmk_Y_12,eye_lmk_Y_13,eye_lmk_Y_14,eye_lmk_Y_15,eye_lmk_Y_16,eye_lmk_Y_17,eye_lmk_Y_18,eye_lmk_Y_19,eye_lmk_Y_20,eye_lmk_Y_21,eye_lmk_Y_22,eye_lmk_Y_23,eye_lmk_Y_24,eye_lmk_Y_25,eye_lmk_Y_26,eye_lmk_Y_27,eye_lmk_Y_28,eye_lmk_Y_29,eye_lmk_Y_30,eye_lmk_Y_31,eye_lmk_Y_32,eye_lmk_Y_33,eye_lmk_Y_34,eye_lmk_Y_35,eye_lmk_Y_36,eye_lmk_Y_37,eye_lmk_Y_38,eye_lmk_Y_39,eye_lmk_Y_40,eye_lmk_Y_41,eye_lmk_Y_42,eye_lmk_Y_43,eye_lmk_Y_44,eye_lmk_Y_45,eye_lmk_Y_46,eye_lmk_Y_47,eye_lmk_Y_48,eye_lmk_Y_49,eye_lmk_Y_50,eye_lmk_Y_51,eye_lmk_Y_52,eye_lmk_Y_53,eye_lmk_Y_54,eye_lmk_Y_55,eye_lmk_Z_0,eye_lmk_Z_1,eye_lmk_Z_2,eye_lmk_Z_3,eye_lmk_Z_4,eye_lmk_Z_5,eye_lmk_Z_6,eye_lmk_Z_7,eye_lmk_Z_8,eye_lmk_Z_9,eye_lmk_Z_10,eye_lmk_Z_11,eye_lmk_Z_12,eye_lmk_Z_13,eye_lmk_Z_14,eye_lmk_Z_15,eye_lmk_Z_16,eye_lmk_Z_17,eye_lmk_Z_18,eye_lmk_Z_19,eye_lmk_Z_20,eye_lmk_Z_21,eye_lmk_Z_22,eye_lmk_Z_23,eye_lmk_Z_24,eye_lmk_Z_25,eye_lmk_Z_26,eye_lmk_Z_27,eye_lmk_Z_28,eye_lmk_Z_29,eye_lmk_Z_30,eye_lmk_Z_31,eye_lmk_Z_32,eye_lmk_Z_33,eye_lmk_Z_34,eye_lmk_Z_35,eye_lmk_Z_36,eye_lmk_Z_37,eye_lmk_Z_38,eye_lmk_Z_39,eye_lmk_Z_40,eye_lmk_Z_41,eye_lmk_Z_42,eye_lmk_Z_43,eye_lmk_Z_44,eye_lmk_Z_45,eye_lmk_Z_46,eye_lmk_Z_47,eye_lmk_Z_48,eye_lmk_Z_49,eye_lmk_Z_50,eye_lmk_Z_51,eye_lmk_Z_52,eye_lmk_Z_53,eye_lmk_Z_54,eye_lmk_Z_55,pose_Tx,pose_Ty,pose_Tz,pose_Rx,pose_Ry,pose_Rz,x_0,x_1,x_2,x_3,x_4,x_5,x_6,x_7,x_8,x_9,x_10,x_11,x_12,x_13,x_14,x_15,x_16,x_17,x_18,x_19,x_20,x_21,x_22,x_23,x_24,x_25,x_26,x_27,x_28,x_29,x_30,x_31,x_32,x_33,x_34,x_35,x_36,x_37,x_38,x_39,x_40,x_41,x_42,x_43,x_44,x_45,x_46,x_47,x_48,x_49,x_50,x_51,x_52,x_53,x_54,x_55,x_56,x_57,x_58,x_59,x_60,x_61,x_62,x_63,x_64,x_65,x_66,x_67,y_0,y_1,y_2,y_3,y_4,y_5,y_6,y_7,y_8,y_9,y_10,y_11,y_12,y_13,y_14,y_15,y_16,y_17,y_18,y_19,y_20,y_21,y_22,y_23,y_24,y_25,y_26,y_27,y_28,y_29,y_30,y_31,y_32,y_33,y_34,y_35,y_36,y_37,y_38,y_39,y_40,y_41,y_42,y_43,y_44,y_45,y_46,y_47,y_48,y_49,y_50,y_51,y_52,y_53,y_54,y_55,y_56,y_57,y_58,y_59,y_60,y_61,y_62,y_63,y_64,y_65,y_66,y_67,X_0,X_1,X_2,X_3,X_4,X_5,X_6,X_7,X_8,X_9,X_10,X_11,X_12,X_13,X_14,X_15,X_16,X_17,X_18,X_19,X_20,X_21,X_22,X_23,X_24,X_25,X_26,X_27,X_28,X_29,X_30,X_31,X_32,X_33,X_34,X_35,X_36,X_37,X_38,X_39,X_40,X_41,X_42,X_43,X_44,X_45,X_46,X_47,X_48,X_49,X_50,X_51,X_52,X_53,X_54,X_55,X_56,X_57,X_58,X_59,X_60,X_61,X_62,X_63,X_64,X_65,X_66,X_67,Y_0,Y_1,Y_2,Y_3,Y_4,Y_5,Y_6,Y_7,Y_8,Y_9,Y_10,Y_11,Y_12,Y_13,Y_14,Y_15,Y_16,Y_17,Y_18,Y_19,Y_20,Y_21,Y_22,Y_23,Y_24,Y_25,Y_26,Y_27,Y_28,Y_29,Y_30,Y_31,Y_32,Y_33,Y_34,Y_35,Y_36,Y_37,Y_38,Y_39,Y_40,Y_41,Y_42,Y_43,Y_44,Y_45,Y_46,Y_47,Y_48,Y_49,Y_50,Y_51,Y_52,Y_53,Y_54,Y_55,Y_56,Y_57,Y_58,Y_59,Y_60,Y_61,Y_62,Y_63,Y_64,Y_65,Y_66,Y_67,Z_0,Z_1,Z_2,Z_3,Z_4,Z_5,Z_6,Z_7,Z_8,Z_9,Z_10,Z_11,Z_12,Z_13,Z_14,Z_15,Z_16,Z_17,Z_18,Z_19,Z_20,Z_21,Z_22,Z_23,Z_24,Z_25,Z_26,Z_27,Z_28,Z_29,Z_30,Z_31,Z_32,Z_33,Z_34,Z_35,Z_36,Z_37,Z_38,Z_39,Z_40,Z_41,Z_42,Z_43,Z_44,Z_45,Z_46,Z_47,Z_48,Z_49,Z_50,Z_51,Z_52,Z_53,Z_54,Z_55,Z_56,Z_57,Z_58,Z_59,Z_60,Z_61,Z_62,Z_63,Z_64,Z_65,Z_66,Z_67,p_scale,p_rx,p_ry,p_rz,p_tx,p_ty,p_0,p_1,p_2,p_3,p_4,p_5,p_6,p_7,p_8,p_9,p_10,p_11,p_12,p_13,p_14,p_15,p_16,p_17,p_18,p_19,p_20,p_21,p_22,p_23,p_24,p_25,p_26,p_27,p_28,p_29,p_30,p_31,p_32,p_33,AU01_r,AU02_r,AU04_r,AU05_r,AU06_r,AU07_r,AU09_r,AU10_r,AU12_r,AU14_r,AU15_r,AU17_r,AU20_r,AU23_r,AU25_r,AU26_r,AU45_r,AU01_c,AU02_c,AU04_c,AU05_c,AU06_c,AU07_c,AU09_c,AU10_c,AU12_c,AU14_c,AU15_c,AU17_c,AU20_c,AU23_c,AU25_c,AU26_c,AU28_c,AU45_c
1,0.0,0.98,0.084646,0.195373,-0.9770690000000001,-0.081997,0.205877,-0.975136,0.001,0.203,541.0,544.6,555.0,566.3,571.7,568.9,557.7,546.4,526.8,532.7,542.3,553.9,565.7,575.3,582.3,576.5,566.9,555.9,544.5,534.2,551.9,556.9,561.5,563.1,560.7,555.7,551.1,549.5,684.1,686.5,696.9,709.1,716.1,713.7,703.3,690.4,674.6,680.9,689.8,701.3,713.0,722.6,730.3,724.5,716.1,705.8,694.2,683.1,695.6,701.5,706.6,707.8,704.4,698.4,693.4,692.2,360.8,349.6,344.2,347.8,358.2,369.9,374.7,371.2,364.7,358.2,353.7,350.8,351.6,355.7,362.0,367.3,370.5,372.7,372.8,370.2,364.5,366.1,363.7,358.7,354.0,352.5,354.9,359.8,349.5,338.0,331.6,334.2,344.2,355.7,362.1,360.7,354.4,346.8,341.2,338.1,339.1,342.5,348.3,353.0,355.8,357.6,358.0,358.0,353.9,355.2,352.1,346.5,341.6,340.3,343.4,349.0,-37.9,-36.5,-32.5,-28.2,-26.2,-27.2,-31.5,-35.8,-43.5,-41.2,-37.4,-32.9,-28.4,-24.8,-22.2,-24.4,-28.0,-32.2,-36.6,-40.6,-33.8,-31.9,-30.1,-29.5,-30.4,-32.3,-34.1,-34.7,16.4,17.3,21.2,25.8,28.4,27.4,23.5,18.7,12.9,15.2,18.5,22.8,27.2,30.8,33.8,31.5,28.3,24.5,20.1,16.0,20.7,22.9,24.8,25.3,24.0,21.8,19.9,19.4,0.3,-4.0,-6.0,-4.7,-0.7,3.8,5.7,4.3,1.8,-0.7,-2.4,-3.5,-3.2,-1.7,0.8,2.8,4.0,4.9,4.9,3.9,1.7,2.3,1.4,-0.5,-2.3,-2.9,-2.0,-0.1,-3.9,-8.2,-10.6,-9.6,-5.9,-1.6,0.8,0.2,-2.1,-4.9,-7.0,-8.1,-7.8,-6.5,-4.4,-2.6,-1.6,-0.9,-0.7,-0.8,-2.3,-1.8,-2.9,-5.0,-6.9,-7.3,-6.2,-4.1,1148.5,1148.0,1147.9,1148.2,1148.8,1149.6,1149.4,1149.1,1153.5,1150.7,1148.1,1147.1,1148.0,1149.9,1152.3,1151.0,1149.5,1148.9,1149.7,1151.6,1149.7,1149.8,1149.8,1149.5,1149.3,1149.1,1149.2,1149.4,1116.9,1118.8,1119.9,1119.8,1118.5,1116.7,1115.5,1115.7,1117.8,1117.2,1116.9,1117.0,1118.2,1120.1,1122.1,1118.8,1116.0,1114.2,1114.2,1115.8,1117.4,1117.4,1118.0,1118.8,1119.5,1119.6,1119.0,1118.1,-1.9,37.0,1281.3,0.113,0.023,-0.07,457.0,462.0,472.1,485.0,505.3,536.0,570.4,610.2,650.5,687.8,722.1,752.5,777.4,792.1,798.7,802.3,802.0,486.4,509.7,538.8,568.6,596.8,653.5,683.2,711.9,742.0,766.7,628.6,631.0,633.3,635.8,605.5,621.6,637.3,653.4,668.3,524.5,543.0,565.8,584.9,565.9,543.2,672.8,689.8,712.4,731.6,715.6,693.8,579.2,600.3,623.8,639.7,655.9,680.9,703.2,684.5,662.2,644.2,626.5,602.1,590.9,624.9,640.9,657.6,692.5,658.1,641.1,624.7,359.5,405.9,453.0,498.2,540.7,577.3,606.7,627.5,630.7,621.3,596.7,565.1,528.1,484.4,436.8,388.1,339.4,331.8,314.2,308.9,311.0,318.1,312.5,299.8,294.0,295.3,308.6,351.2,376.3,401.5,428.1,457.8,460.8,463.2,458.3,453.3,365.0,353.3,351.7,363.0,370.0,371.5,355.0,340.5,339.2,347.4,356.8,358.7,527.6,506.9,495.0,498.3,493.2,501.6,517.2,543.6,555.0,557.9,557.6,549.7,526.8,515.4,515.2,512.9,518.7,526.5,529.0,528.7,-81.1,-79.1,-74.8,-69.1,-59.8,-45.9,-30.5,-12.9,4.6,20.8,36.0,49.7,60.7,67.2,70.0,71.4,71.2,-66.3,-55.9,-43.3,-30.4,-18.4,5.7,18.4,30.7,43.7,54.5,-4.8,-3.8,-2.8,-1.7,-14.7,-7.8,-1.1,5.7,12.0,-49.7,-41.6,-31.8,-23.6,-31.7,-41.5,14.1,21.3,31.0,39.3,32.4,23.0,-26.2,-16.9,-6.9,-0.1,6.7,17.4,27.1,19.0,9.5,1.8,-5.7,-16.2,-21.1,-6.4,0.4,7.5,22.5,7.7,0.5,-6.5,-0.2,20.4,41.4,61.6,80.3,96.0,108.2,116.3,117.5,113.7,103.8,90.5,74.3,55.0,33.9,12.4,-9.0,-12.1,-19.7,-21.8,-20.9,-17.8,-20.2,-25.6,-28.2,-27.7,-22.1,-3.7,6.9,17.5,28.6,41.5,42.7,43.7,41.7,39.6,2.2,-2.9,-3.6,1.3,4.3,4.9,-2.1,-8.3,-8.9,-5.4,-1.4,-0.5,72.2,62.6,57.2,58.6,56.4,60.2,67.4,78.4,82.9,84.1,84.1,81.1,71.7,66.1,65.9,64.9,68.0,70.7,71.8,71.8,1330.0,1332.7,1336.3,1337.5,1332.8,1325.8,1316.1,1304.8,1301.8,1306.0,1316.0,1323.8,1326.5,1325.9,1323.1,1320.3,1318.6,1293.9,1287.6,1282.0,1277.6,1274.4,1273.5,1277.1,1281.0,1285.0,1289.3,1272.9,1269.0,1264.7,1260.6,1274.9,1272.9,1271.3,1272.5,1273.7,1290.8,1286.6,1285.3,1284.5,1284.8,1286.7,1284.1,1282.8,1284.0,1287.0,1284.1,1283.1,1291.8,1277.8,1271.9,1270.8,1270.7,1276.3,1287.1,1280.0,1275.9,1275.9,1277.3,1282.8,1289.2,1275.7,1274.3,1274.1,1285.4,1274.6,1274.6,1275.9,2.326,0.149,0.03,-0.071,635.771,446.36699999999996,-28.18,2.827,-12.927,-0.478,-7.0,-10.989,7.184,0.218,5.182,-9.396,-5.815,1.656,-2.32,2.008,-2.946,5.282,0.679,-0.972,0.963,-4.912,-0.49,-4.484,0.615,1.817,-2.542,1.959,1.123,-0.42100000000000004,0.601,-0.634,0.503,-0.46,0.26,0.24,0.0,0.04,0.0,0.35,0.0,0.0,0.0,0.0,0.0,0.0,0.41,0.0,0.5,0.0,1.17,1.23,0.0,0.0,0.0,1.0,1.0,0.0,0.0,0.0,0.0,0.0,0.0,0.0,0.0,1.0,0.0,1.0,1.0,0.0,0.0
2,0.033,0.98,0.087311,0.203928,-0.9750850000000001,-0.078264,0.210817,-0.9743870000000001,0.005,0.21,541.2,544.8,555.3,566.5,571.9,569.0,557.7,546.5,526.5,532.9,542.9,554.2,565.6,575.2,582.1,576.6,567.2,556.3,544.7,534.1,551.9,556.9,561.5,563.2,560.8,555.8,551.2,549.6,684.6,687.1,697.5,709.6,716.3,713.8,703.4,690.6,675.1,681.2,690.0,701.6,713.5,723.0,730.7,724.6,716.1,705.9,694.4,683.4,696.0,701.7,706.6,707.8,704.7,699.0,694.1,692.9,360.1,348.8,343.5,347.2,357.8,369.7,374.3,370.6,364.5,357.8,352.9,350.0,351.1,355.4,361.8,366.6,369.2,371.1,371.4,369.4,364.1,365.8,363.4,358.4,353.8,352.1,354.5,359.5,348.9,337.2,330.8,333.6,343.8,355.5,361.9,360.3,353.8,346.3,340.7,337.9,338.9,342.1,347.8,352.7,355.7,357.5,357.8,357.5,353.1,354.4,351.5,346.0,341.1,339.8,342.8,348.3,-38.2,-36.8,-32.8,-28.4,-26.4,-27.5,-31.8,-36.2,-44.0,-41.5,-37.6,-33.2,-28.8,-25.1,-22.5,-24.6,-28.2,-32.4,-36.9,-41.0,-34.1,-32.2,-30.4,-29.8,-30.7,-32.6,-34.4,-35.0,16.7,17.7,21.6,26.2,28.7,27.7,23.8,19.0,13.2,15.4,18.8,23.1,27.6,31.2,34.2,31.8,28.5,24.7,20.4,16.3,21.0,23.2,25.0,25.5,24.3,22.2,20.3,19.9,0.0,-4.3,-6.4,-4.9,-0.9,3.8,5.5,4.1,1.8,-0.8,-2.7,-3.8,-3.4,-1.8,0.7,2.6,3.6,4.3,4.4,3.6,1.6,2.2,1.3,-0.6,-2.4,-3.0,-2.1,-0.2,-4.2,-8.6,-11.0,-9.9,-6.1,-1.7,0.7,0.1,-2.3,-5.2,-7.2,-8.3,-7.9,-6.7,-4.6,-2.7,-1.6,-1.0,-0.8,-0.9,-2.6,-2.1,-3.2,-5.3,-7.1,-7.6,-6.5,-4.4,1159.9,1160.0,1160.3,1160.7,1160.9,1161.1,1160.5,1160.1,1164.4,1162.2,1160.0,1159.3,1160.4,1162.2,1164.4,1162.8,1160.9,1160.0,1160.5,1162.4,1161.1,1161.3,1161.4,1161.4,1161.3,1161.2,1161.0,1161.0,1125.7,1127.2,1128.2,1128.1,1126.9,1125.4,1124.4,1124.7,1126.6,1125.8,1125.2,1125.2,1126.4,1128.3,1130.4,1127.4,1124.7,1123.0,1123.1,1124.7,1126.3,1126.2,1126.7,1127.4,1128.0,1128.0,1127.6,1126.8,-1.8,36.6,1277.1,0.12300000000000001,0.025,-0.073,457.0,462.6,473.0,486.4,507.3,538.0,571.7,610.4,650.4,688.0,722.3,752.6,777.1,791.9,798.8,802.5,802.5,486.2,508.9,538.2,568.6,597.2,653.0,682.9,712.2,742.7,767.1,628.8,631.0,633.1,635.5,604.5,620.9,637.1,653.8,669.0,524.7,543.3,565.8,584.8,565.9,543.4,673.2,690.3,712.7,731.8,715.8,694.1,578.9,600.0,623.4,639.6,656.5,681.5,703.8,684.9,662.5,643.8,625.8,601.6,590.2,624.3,640.7,658.1,693.2,658.8,641.1,624.3,358.9,405.8,452.9,498.3,540.9,577.5,607.1,627.9,631.1,621.4,596.2,563.7,525.7,481.6,434.1,385.7,337.1,332.7,313.9,307.9,309.8,317.2,311.5,298.8,293.1,294.9,309.0,350.3,375.5,400.6,427.1,456.7,460.0,462.6,457.5,452.2,364.5,352.9,351.1,362.3,369.1,370.8,354.4,340.1,338.9,347.1,356.2,358.1,527.0,507.2,495.8,499.2,494.1,501.9,516.9,542.8,554.0,557.0,556.6,548.6,526.4,514.7,514.7,512.2,518.3,527.6,530.4,530.0,-80.9,-78.6,-74.2,-68.3,-58.8,-44.9,-29.9,-12.9,4.5,20.8,36.0,49.5,60.4,66.9,69.8,71.3,71.3,-66.1,-56.1,-43.3,-30.3,-18.1,5.5,18.2,30.7,43.8,54.5,-4.7,-3.8,-2.9,-1.9,-15.0,-8.1,-1.2,5.8,12.3,-49.4,-41.3,-31.7,-23.5,-31.6,-41.3,14.2,21.4,31.0,39.2,32.3,23.0,-26.2,-17.0,-7.0,-0.2,7.0,17.6,27.3,19.1,9.5,1.6,-6.0,-16.4,-21.3,-6.7,0.3,7.7,22.7,8.0,0.5,-6.7,-0.5,20.3,41.3,61.5,80.1,95.9,108.1,116.3,117.4,113.5,103.3,89.6,73.0,53.6,32.6,11.3,-10.0,-11.7,-19.7,-22.2,-21.3,-18.1,-20.5,-25.9,-28.5,-27.8,-21.9,-4.1,6.5,17.0,28.1,40.9,42.2,43.3,41.2,39.0,1.9,-3.1,-3.8,1.0,3.9,4.6,-2.4,-8.5,-9.0,-5.5,-1.6,-0.8,71.7,62.5,57.4,58.8,56.6,60.2,67.2,77.8,82.3,83.6,83.5,80.4,71.3,65.6,65.5,64.4,67.7,71.0,72.2,72.1,1327.1,1329.5,1332.6,1333.4,1328.5,1322.0,1313.0,1301.9,1298.7,1302.4,1312.0,1319.3,1321.6,1321.0,1318.7,1316.6,1316.0,1290.4,1283.4,1277.2,1272.4,1269.0,1268.4,1272.2,1276.4,1280.9,1285.8,1267.8,1263.6,1259.1,1254.8,1270.2,1267.8,1266.0,1267.2,1268.6,1286.3,1282.1,1280.8,1279.9,1280.3,1282.0,1279.3,1278.2,1279.3,1282.5,1279.5,1278.4,1288.5,1274.4,1268.4,1267.2,1267.2,1273.1,1284.3,1276.8,1272.4,1272.3,1273.8,1279.5,1285.9,1271.7,1270.2,1270.3,1282.6,1271.3,1271.2,1272.7,2.333,0.157,0.032,-0.07400000000000001,635.9119999999999,445.858,-27.206,4.085,-9.32,1.208,-4.203,-9.951,7.0889999999999995,-2.419,5.939,-7.976,-6.4510000000000005,2.568,-3.1489999999999996,1.4969999999999999,-3.555,4.323,0.433,-1.246,0.237,-5.164,-0.6609999999999999,-3.582,0.598,0.4,-1.744,1.4609999999999999,1.028,-0.175,0.679,-0.59,0.578,-0.414,0.10400000000000001,0.105,0.0,0.04,0.08,0.21,0.0,0.0,0.0,0.0,0.0,0.0,0.45,0.0,0.47,0.0,1.14,1.19,0.0,0.0,0.0,1.0,1.0,0.0,0.0,0.0,0.0,0.0,0.0,0.0,0.0,1.0,0.0,1.0,1.0,0.0,1.0
3,0.067,0.98,0.086496,0.224677,-0.9705870000000001,-0.076723,0.215189,-0.9735540000000001,0.005,0.223,541.5,545.1,555.6,566.8,572.1,569.2,557.9,546.8,527.1,533.4,543.2,554.6,566.2,575.6,582.3,576.5,566.9,555.8,544.4,534.3,552.2,557.2,561.8,563.5,561.1,556.2,551.5,549.9,684.7,687.4,697.8,709.9,716.6,713.9,703.5,690.7,675.2,681.4,690.3,701.9,713.5,723.0,730.5,724.7,716.3,706.2,694.6,683.6,696.1,701.8,706.8,708.0,704.9,699.2,694.3,693.0,359.9,348.7,343.4,347.1,357.7,369.6,374.2,370.5,363.3,356.9,352.4,349.9,351.1,355.4,361.8,365.9,367.9,369.4,369.5,367.6,364.0,365.6,363.3,358.3,353.6,352.0,354.3,359.3,348.3,336.8,330.6,333.6,343.8,355.4,361.5,359.7,353.6,346.1,340.6,337.7,338.7,342.0,347.7,352.5,355.3,357.0,357.4,357.2,352.8,354.2,351.3,345.9,341.0,339.7,342.5,348.0,-38.6,-37.2,-33.1,-28.7,-26.6,-27.8,-32.2,-36.5,-44.4,-41.8,-37.9,-33.4,-28.9,-25.3,-22.7,-24.9,-28.6,-33.0,-37.5,-41.5,-34.4,-32.5,-30.6,-30.0,-30.9,-32.9,-34.7,-35.3,16.8,17.8,21.8,26.3,28.8,27.8,23.8,19.0,13.2,15.5,18.9,23.2,27.6,31.2,34.1,31.9,28.6,24.8,20.5,16.3,21.1,23.2,25.1,25.6,24.4,22.3,20.4,19.9,-0.0,-4.4,-6.5,-5.0,-0.9,3.7,5.6,4.1,1.3,-1.2,-3.0,-4.0,-3.5,-1.8,0.7,2.3,3.1,3.7,3.7,3.0,1.6,2.2,1.3,-0.7,-2.5,-3.2,-2.2,-0.3,-4.4,-8.7,-11.1,-10.0,-6.1,-1.7,0.6,-0.1,-2.4,-5.2,-7.3,-8.4,-8.0,-6.8,-4.6,-2.8,-1.8,-1.1,-1.0,-1.1,-2.7,-2.2,-3.3,-5.3,-7.1,-7.7,-6.6,-4.5,1175.2,1175.2,1175.3,1175.5,1175.7,1176.1,1175.6,1175.4,1179.8,1177.5,1175.1,1174.4,1175.3,1176.9,1179.0,1177.3,1175.6,1174.8,1175.6,1177.6,1176.3,1176.4,1176.4,1176.4,1176.3,1176.2,1176.2,1176.2,1126.4,1128.1,1129.2,1129.1,1127.9,1126.2,1125.1,1125.3,1127.2,1126.5,1126.1,1126.2,1127.4,1129.4,1131.4,1128.3,1125.5,1123.8,1123.8,1125.3,1127.0,1126.9,1127.5,1128.3,1128.9,1128.9,1128.4,1127.6,-1.7,36.5,1276.9,0.12,0.027999999999999997,-0.07400000000000001,457.3,462.7,473.1,486.6,507.6,538.4,572.0,610.7,650.8,688.5,722.9,753.3,777.8,792.4,799.1,802.7,802.6,486.5,508.8,538.3,568.9,597.8,652.9,683.1,712.6,743.3,767.5,628.9,631.2,633.3,635.7,604.8,621.2,637.4,653.9,669.1,525.0,543.5,566.0,585.0,566.1,543.7,673.3,690.5,712.8,731.9,715.9,694.2,579.2,600.3,623.6,639.8,656.5,681.6,704.0,685.0,662.6,644.1,626.2,602.0,590.6,624.7,641.0,658.2,693.3,658.7,641.3,624.6,359.3,406.0,453.1,498.3,540.7,577.2,606.7,627.6,630.9,621.1,595.7,563.0,524.9,480.8,433.2,385.0,336.7,332.6,313.6,307.3,309.3,317.0,311.6,298.6,292.7,294.8,309.3,349.8,375.0,400.3,427.0,456.5,459.7,462.3,457.2,451.9,363.7,352.4,350.7,361.6,368.3,370.0,353.9,339.9,338.8,346.7,355.8,357.6,526.7,506.8,495.3,498.8,493.6,501.7,516.8,542.5,553.4,556.3,555.9,548.1,526.2,514.9,514.9,512.5,518.3,526.1,528.7,528.3,-80.8,-78.6,-74.1,-68.2,-58.7,-44.8,-29.7,-12.7,4.7,21.0,36.3,49.8,60.7,67.1,69.9,71.4,71.3,-66.0,-56.1,-43.3,-30.1,-17.9,5.5,18.3,30.9,44.1,54.7,-4.7,-3.7,-2.8,-1.8,-14.9,-7.9,-1.1,5.9,12.3,-49.3,-41.2,-31.6,-23.5,-31.5,-41.2,14.2,21.5,31.1,39.3,32.3,23.1,-26.1,-16.9,-6.9,-0.1,7.0,17.6,27.4,19.1,9.6,1.8,-5.9,-16.2,-21.1,-6.5,0.4,7.7,22.8,7.9,0.5,-6.5,-0.3,20.4,41.4,61.5,80.1,95.7,107.9,116.1,117.2,113.3,103.1,89.3,72.7,53.2,32.2,11.0,-10.2,-11.8,-19.9,-22.4,-21.5,-18.2,-20.5,-26.0,-28.6,-27.8,-21.7,-4.3,6.3,16.9,28.0,40.8,42.1,43.2,41.1,38.9,1.6,-3.3,-4.0,0.7,3.6,4.3,-2.6,-8.6,-9.1,-5.7,-1.8,-1.0,71.6,62.3,57.2,58.6,56.4,60.1,67.1,77.6,82.0,83.2,83.2,80.2,71.2,65.6,65.6,64.6,67.6,70.3,71.5,71.4,1327.1,1329.7,1333.0,1333.9,1328.8,1321.9,1312.4,1301.3,1298.3,1302.3,1312.0,1319.4,1321.6,1321.0,1318.4,1316.0,1315.0,1290.7,1283.7,1277.4,1272.6,1269.3,1268.4,1272.0,1276.2,1280.6,1285.5,1267.9,1263.7,1259.1,1254.9,1270.2,1267.8,1266.1,1267.4,1268.8,1286.5,1282.3,1281.0,1280.1,1280.4,1282.3,1279.4,1278.1,1279.2,1282.2,1279.3,1278.4,1288.2,1274.0,1267.9,1266.7,1266.7,1272.5,1283.8,1276.3,1272.0,1271.8,1273.3,1278.9,1285.4,1271.5,1270.1,1270.1,1282.0,1270.7,1270.5,1272.0,2.333,0.155,0.035,-0.075,636.163,445.464,-26.496,4.428999999999999,-10.594000000000001,0.9259999999999999,-5.138999999999999,-9.769,6.66,-2.512,5.68,-8.474,-6.0889999999999995,1.4869999999999999,-2.781,1.433,-3.466,4.3469999999999995,0.408,-1.56,1.034,-5.277,-0.58,-4.3260000000000005,1.071,0.614,-1.983,1.415,0.84,0.002,0.608,-0.451,0.65,-0.6829999999999999,0.063,0.11900000000000001,0.0,0.02,0.16,0.1,0.0,0.0,0.0,0.0,0.0,0.0,0.47,0.0,0.49,0.0,1.1,1.16,0.02,0.0,0.0,1.0,1.0,0.0,0.0,0.0,0.0,0.0,0.0,0.0,0.0,1.0,0.0,1.0,1.0,0.0,1.0
4,0.1,0.98,0.08776,0.232125,-0.968719,-0.074422,0.21411,-0.9739700000000001,0.006999999999999999,0.226,541.9,545.6,556.1,567.1,572.3,569.4,558.2,547.2,527.3,533.6,543.5,555.0,566.5,575.9,582.7,576.7,567.2,556.2,544.7,534.5,552.6,557.5,562.2,563.8,561.5,556.6,551.9,550.3,685.3,688.1,698.6,710.6,717.2,714.4,703.8,691.1,675.8,681.7,690.5,702.3,714.2,723.7,731.2,725.2,716.7,706.5,695.0,684.0,696.7,702.3,707.2,708.5,705.5,699.9,695.0,693.7,359.9,348.8,343.6,347.3,357.7,369.5,374.1,370.4,362.8,356.6,352.2,349.8,351.1,355.5,361.8,365.9,367.9,369.4,369.4,367.3,363.9,365.5,363.2,358.3,353.6,351.9,354.3,359.2,348.2,336.3,330.1,333.1,343.7,355.6,361.8,359.9,353.5,346.0,340.6,337.7,338.7,341.7,347.4,352.3,355.4,357.3,357.6,357.1,352.6,354.0,351.1,345.5,340.6,339.2,342.1,347.7,-38.4,-37.0,-32.9,-28.6,-26.5,-27.7,-32.1,-36.4,-44.3,-41.8,-37.8,-33.3,-28.8,-25.1,-22.5,-24.8,-28.5,-32.8,-37.3,-41.4,-34.3,-32.3,-30.5,-29.9,-30.8,-32.7,-34.5,-35.2,17.0,18.1,22.1,26.6,29.1,28.0,24.0,19.2,13.5,15.7,19.0,23.4,27.9,31.6,34.5,32.1,28.8,25.0,20.6,16.6,21.3,23.5,25.3,25.8,24.7,22.6,20.7,20.2,-0.0,-4.4,-6.4,-5.0,-0.9,3.7,5.5,4.1,1.1,-1.3,-3.0,-4.0,-3.5,-1.8,0.7,2.3,3.1,3.7,3.7,2.9,1.5,2.2,1.3,-0.7,-2.5,-3.2,-2.2,-0.3,-4.4,-8.9,-11.3,-10.1,-6.2,-1.7,0.7,-0.0,-2.5,-5.3,-7.3,-8.4,-8.0,-6.9,-4.8,-2.9,-1.7,-1.0,-0.9,-1.1,-2.8,-2.3,-3.4,-5.4,-7.3,-7.8,-6.7,-4.6,1175.2,1174.9,1175.0,1175.3,1175.7,1176.3,1175.9,1175.6,1179.9,1177.5,1175.0,1174.1,1175.1,1176.9,1179.0,1177.4,1175.7,1175.0,1175.7,1177.8,1176.3,1176.5,1176.5,1176.4,1176.2,1176.1,1176.0,1176.2,1128.6,1129.8,1130.7,1130.6,1129.7,1128.4,1127.6,1127.8,1129.5,1128.6,1127.9,1127.8,1129.0,1131.0,1133.2,1130.4,1127.8,1126.2,1126.2,1127.7,1129.2,1129.2,1129.6,1130.2,1130.6,1130.7,1130.3,1129.7,-1.5,36.4,1275.4,0.12300000000000001,0.028999999999999998,-0.07400000000000001,457.9,463.2,473.5,487.0,508.1,539.1,572.7,611.2,651.2,688.9,723.3,753.8,778.2,792.9,799.7,803.2,803.0,487.0,509.6,539.1,569.6,598.2,653.7,683.8,713.3,743.8,768.0,629.5,631.6,633.7,636.0,605.0,621.4,637.6,654.2,669.5,525.3,543.8,566.3,585.3,566.4,543.9,673.8,691.0,713.4,732.4,716.3,694.6,579.3,600.4,623.8,640.0,656.7,681.7,704.1,685.0,662.6,644.1,626.2,602.0,590.7,624.9,641.1,658.4,693.4,658.9,641.4,624.7,358.9,405.8,453.2,498.7,541.4,577.9,607.3,628.0,631.2,621.2,595.3,562.4,524.3,480.1,432.7,384.6,336.5,331.9,313.1,307.0,309.2,316.9,311.5,298.6,292.6,294.6,309.0,349.7,374.9,400.1,426.8,456.4,459.6,462.3,457.2,451.9,363.4,352.2,350.6,361.6,368.3,369.9,353.9,339.8,338.7,346.6,355.8,357.6,526.7,506.8,495.4,498.9,493.7,501.8,516.8,542.5,553.5,556.4,556.0,548.1,526.2,514.8,514.9,512.5,518.3,526.3,529.0,528.6,-80.5,-78.3,-73.9,-68.0,-58.4,-44.4,-29.4,-12.5,4.8,21.2,36.4,50.0,60.8,67.2,70.1,71.5,71.4,-65.7,-55.7,-42.9,-29.8,-17.7,5.8,18.5,31.1,44.3,54.8,-4.4,-3.5,-2.6,-1.7,-14.8,-7.8,-1.0,6.0,12.4,-49.1,-41.1,-31.4,-23.3,-31.4,-41.0,14.4,21.7,31.2,39.4,32.5,23.2,-26.0,-16.8,-6.8,-0.0,7.1,17.7,27.4,19.1,9.6,1.8,-5.8,-16.2,-21.1,-6.4,0.5,7.8,22.8,8.0,0.6,-6.5,-0.5,20.3,41.4,61.6,80.3,95.9,108.1,116.2,117.2,113.3,102.8,88.9,72.3,52.8,31.9,10.8,-10.3,-12.1,-20.1,-22.5,-21.5,-18.2,-20.5,-26.0,-28.6,-27.9,-21.8,-4.3,6.3,16.8,27.9,40.8,42.0,43.1,41.0,38.8,1.5,-3.3,-4.0,0.7,3.5,4.2,-2.6,-8.6,-9.1,-5.7,-1.8,-1.0,71.5,62.3,57.1,58.6,56.4,60.1,67.0,77.6,82.0,83.2,83.1,80.1,71.1,65.5,65.5,64.5,67.6,70.4,71.5,71.4,1325.7,1328.4,1331.8,1332.7,1327.7,1320.8,1311.4,1300.3,1297.1,1301.0,1310.4,1317.6,1319.8,1319.1,1316.6,1314.3,1313.4,1288.9,1281.9,1275.7,1270.9,1267.6,1266.7,1270.4,1274.6,1279.1,1284.1,1266.2,1262.0,1257.4,1253.1,1268.5,1266.1,1264.4,1265.7,1267.1,1284.9,1280.7,1279.3,1278.4,1278.8,1280.6,1277.8,1276.5,1277.6,1280.7,1277.7,1276.8,1286.8,1272.6,1266.4,1265.3,1265.3,1271.2,1282.5,1274.9,1270.6,1270.5,1272.0,1277.6,1284.1,1270.0,1268.6,1268.7,1280.7,1269.3,1269.1,1270.5,2.336,0.157,0.037000000000000005,-0.075,636.5219999999999,445.418,-26.589000000000002,5.369,-10.104,1.199,-4.772,-9.89,6.617000000000001,-3.072,5.287000000000001,-8.355,-5.545,2.109,-3.043,1.2329999999999999,-3.252,4.409,0.22,-1.588,0.873,-5.297000000000001,-0.6629999999999999,-4.226,0.992,0.5529999999999999,-1.824,1.287,1.041,-0.026000000000000002,0.5660000000000001,-0.379,0.604,-0.691,0.01,0.14,0.0,0.0,0.12,0.12,0.0,0.11,0.0,0.0,0.0,0.0,0.48,0.0,0.53,0.0,1.08,1.15,0.02,0.0,0.0,0.0,1.0,0.0,0.0,0.0,0.0,0.0,0.0,0.0,0.0,1.0,0.0,1.0,1.0,0.0,0.0
5,0.133,0.98,0.087892,0.22569299999999998,-0.970226,-0.076468,0.215768,-0.9734459999999999,0.006,0.223,542.4,546.0,556.5,567.6,572.9,570.0,558.8,547.7,527.8,534.3,544.2,555.5,567.0,576.3,583.0,577.3,567.7,556.6,545.2,535.0,553.1,558.0,562.6,564.2,561.9,557.0,552.4,550.8,685.6,688.4,698.8,710.9,717.5,714.7,704.3,691.5,676.3,682.3,691.1,702.7,714.4,723.8,731.2,725.3,717.0,706.8,695.4,684.5,697.0,702.7,707.7,709.0,705.9,700.1,695.2,693.8,359.8,348.7,343.4,347.1,357.7,369.6,374.1,370.4,363.4,356.9,352.2,349.7,351.1,355.5,361.8,366.1,368.0,369.4,369.5,367.7,364.0,365.6,363.3,358.4,353.8,352.2,354.5,359.4,348.4,336.6,330.3,333.3,343.8,355.6,361.8,359.9,353.7,346.1,340.7,337.8,338.8,342.0,347.6,352.6,355.6,357.4,357.7,357.3,352.8,354.3,351.3,345.7,340.7,339.3,342.3,347.9,-38.3,-36.9,-32.8,-28.4,-26.3,-27.5,-31.9,-36.2,-44.2,-41.6,-37.6,-33.1,-28.7,-25.0,-22.4,-24.7,-28.4,-32.7,-37.2,-41.3,-34.1,-32.2,-30.4,-29.8,-30.7,-32.6,-34.4,-35.0,17.2,18.3,22.2,26.8,29.3,28.2,24.2,19.4,13.7,15.9,19.3,23.6,28.1,31.7,34.6,32.2,29.0,25.2,20.8,16.8,21.5,23.7,25.5,26.1,24.9,22.7,20.8,20.3,-0.1,-4.5,-6.5,-5.1,-0.9,3.8,5.5,4.1,1.3,-1.2,-3.0,-4.0,-3.5,-1.8,0.7,2.4,3.2,3.7,3.7,3.0,1.6,2.2,1.3,-0.6,-2.4,-3.1,-2.2,-0.2,-4.4,-8.8,-11.2,-10.1,-6.1,-1.7,0.7,-0.0,-2.4,-5.2,-7.3,-8.4,-8.0,-6.8,-4.7,-2.8,-1.7,-1.0,-0.9,-1.0,-2.7,-2.2,-3.3,-5.4,-7.3,-7.8,-6.7,-4.6,1177.4,1177.7,1178.0,1178.2,1178.2,1178.2,1177.6,1177.4,1181.8,1179.7,1177.6,1176.9,1177.9,1179.5,1181.4,1179.6,1177.7,1176.8,1177.5,1179.6,1178.4,1178.5,1178.7,1178.8,1178.8,1178.7,1178.6,1178.4,1131.5,1132.9,1133.9,1133.9,1132.9,1131.5,1130.5,1130.7,1132.4,1131.6,1131.1,1131.1,1132.3,1134.3,1136.4,1133.5,1130.8,1129.2,1129.2,1130.6,1132.2,1132.2,1132.7,1133.3,1133.8,1133.8,1133.4,1132.7,-1.3,36.5,1277.6,0.126,0.031,-0.075,458.2,463.7,474.2,487.7,508.9,539.9,573.2,611.4,651.2,689.0,723.7,754.4,778.9,793.6,800.2,803.7,803.6,487.3,510.0,539.3,569.7,598.4,654.3,684.3,713.5,743.9,768.1,630.0,632.2,634.3,636.7,605.7,622.1,638.2,654.8,670.0,525.9,544.4,566.9,585.7,566.8,544.5,674.3,691.3,713.6,732.6,716.6,695.0,579.6,600.8,624.3,640.4,657.2,682.3,704.7,685.5,663.0,644.5,626.5,602.2,591.0,625.3,641.6,658.9,694.0,659.3,641.8,625.1,358.5,405.7,453.3,498.8,541.6,578.0,607.3,628.0,631.2,621.3,595.4,562.2,524.0,479.7,432.3,384.3,336.3,332.0,313.2,307.1,309.2,316.8,311.3,298.6,292.6,294.3,308.5,349.8,375.1,400.5,427.2,456.6,459.9,462.6,457.5,452.1,363.6,352.4,350.7,361.7,368.4,370.0,353.9,340.0,338.8,346.8,355.9,357.7,526.5,506.7,495.4,498.9,493.8,501.8,516.7,542.5,553.6,556.4,556.0,548.0,526.1,514.9,515.0,512.6,518.3,526.3,529.0,528.5,-80.5,-78.2,-73.7,-67.8,-58.1,-44.2,-29.3,-12.4,4.9,21.3,36.6,50.3,61.2,67.6,70.4,71.8,71.7,-65.7,-55.6,-42.9,-29.8,-17.6,6.0,18.8,31.3,44.4,54.9,-4.2,-3.3,-2.4,-1.4,-14.5,-7.6,-0.8,6.3,12.7,-48.9,-40.9,-31.2,-23.2,-31.2,-40.8,14.6,21.9,31.4,39.6,32.7,23.4,-25.9,-16.7,-6.6,0.2,7.3,17.9,27.7,19.4,9.7,1.9,-5.7,-16.1,-21.0,-6.2,0.7,8.0,23.1,8.2,0.7,-6.3,-0.6,20.2,41.5,61.8,80.5,96.1,108.3,116.3,117.4,113.5,103.0,88.9,72.2,52.7,31.8,10.7,-10.4,-12.0,-20.0,-22.5,-21.6,-18.3,-20.6,-26.1,-28.7,-28.0,-22.1,-4.3,6.4,17.0,28.1,40.9,42.2,43.3,41.2,39.0,1.6,-3.3,-4.0,0.7,3.6,4.3,-2.6,-8.5,-9.0,-5.6,-1.7,-1.0,71.6,62.4,57.3,58.7,56.5,60.2,67.1,77.7,82.1,83.3,83.2,80.2,71.2,65.7,65.7,64.7,67.7,70.5,71.6,71.5,1327.6,1330.3,1333.9,1334.8,1329.7,1322.8,1313.6,1302.6,1299.4,1303.0,1312.4,1319.4,1321.4,1320.5,1317.9,1315.5,1314.6,1290.7,1283.8,1277.7,1273.0,1269.7,1268.9,1272.4,1276.4,1280.7,1285.5,1268.3,1264.2,1259.9,1255.7,1271.0,1268.6,1266.8,1268.0,1269.3,1286.7,1282.4,1281.1,1280.2,1280.6,1282.4,1279.7,1278.3,1279.3,1282.3,1279.5,1278.6,1289.2,1275.0,1268.8,1267.6,1267.6,1273.5,1284.6,1277.2,1273.0,1272.8,1274.4,1280.0,1286.4,1272.4,1271.0,1271.0,1282.9,1271.7,1271.5,1272.9,2.332,0.161,0.039,-0.075,636.9630000000001,445.441,-28.641,5.495,-10.55,0.262,-4.8180000000000005,-9.669,6.52,-3.332,5.157,-8.433,-5.949,2.525,-2.833,1.641,-3.18,4.27,0.298,-1.7480000000000002,0.863,-5.3020000000000005,-0.657,-4.391,1.213,0.732,-1.811,1.357,0.826,0.10800000000000001,0.584,-0.455,0.597,-0.629,0.019,0.14,0.0,0.0,0.09,0.09,0.0,0.2,0.0,0.0,0.0,0.0,0.51,0.0,0.57,0.0,1.06,1.18,0.02,0.0,0.0,0.0,1.0,0.0,0.0,0.0,0.0,0.0,0.0,0.0,0.0,1.0,0.0,1.0,1.0,0.0,0.0
6,0.16699999999999998,0.98,0.09110599999999999,0.224971,-0.970097,-0.071628,0.22070399999999998,-0.972707,0.01,0.225,543.2,546.8,557.1,568.1,573.4,570.6,559.5,548.5,528.9,534.6,544.2,555.7,567.4,576.9,583.8,577.9,568.4,557.4,546.0,536.0,553.9,558.8,563.4,565.0,562.6,557.7,553.1,551.5,686.6,689.3,699.6,711.5,717.9,715.2,704.9,692.4,677.0,682.9,691.5,703.1,715.0,724.6,732.1,726.0,717.4,707.1,695.7,685.0,697.8,703.4,708.3,709.6,706.6,701.0,696.1,694.8,360.5,349.6,344.3,347.8,358.0,369.5,374.2,370.7,363.7,357.2,352.8,350.1,351.1,355.4,361.9,366.3,369.0,370.9,371.0,368.6,364.1,365.7,363.3,358.4,353.9,352.3,354.7,359.6,349.1,337.3,331.0,333.8,344.1,355.9,362.2,360.5,353.8,346.3,341.0,338.1,339.1,342.2,347.9,352.9,355.9,357.8,358.0,357.5,353.2,354.6,351.6,346.0,341.2,339.8,342.8,348.3,-37.7,-36.3,-32.3,-28.0,-25.9,-27.0,-31.4,-35.7,-43.5,-41.1,-37.3,-32.8,-28.3,-24.6,-22.0,-24.2,-27.9,-32.2,-36.6,-40.6,-33.6,-31.7,-29.9,-29.2,-30.2,-32.1,-33.9,-34.5,17.8,18.8,22.8,27.3,29.8,28.7,24.7,20.0,14.1,16.4,19.6,24.1,28.6,32.3,35.3,32.8,29.5,25.6,21.2,17.1,22.1,24.2,26.1,26.6,25.4,23.3,21.4,20.9,0.2,-4.1,-6.1,-4.7,-0.8,3.7,5.6,4.2,1.4,-1.1,-2.8,-3.9,-3.5,-1.8,0.7,2.5,3.5,4.2,4.3,3.4,1.6,2.2,1.3,-0.6,-2.4,-3.0,-2.1,-0.2,-4.2,-8.7,-11.1,-10.0,-6.1,-1.6,0.8,0.2,-2.4,-5.2,-7.3,-8.4,-8.0,-6.8,-4.7,-2.7,-1.6,-0.9,-0.8,-1.0,-2.6,-2.1,-3.2,-5.3,-7.2,-7.7,-6.6,-4.5,1168.6,1168.0,1167.8,1168.1,1168.8,1169.8,1169.6,1169.3,1173.8,1171.0,1168.2,1167.1,1168.1,1170.0,1172.4,1171.1,1169.6,1169.0,1169.9,1171.9,1169.8,1169.9,1169.9,1169.6,1169.3,1169.1,1169.2,1169.5,1144.9,1146.0,1146.7,1146.6,1145.7,1144.6,1143.9,1144.2,1146.2,1145.2,1144.3,1144.1,1145.2,1147.1,1149.3,1146.5,1144.0,1142.6,1142.8,1144.4,1145.5,1145.5,1145.8,1146.3,1146.7,1146.8,1146.5,1145.9,-1.1,36.6,1279.6,0.124,0.03,-0.07400000000000001,458.4,464.2,474.8,488.3,509.4,540.3,573.3,611.5,651.3,689.2,724.0,754.9,779.3,793.8,800.5,804.1,804.1,487.6,510.3,539.9,570.6,599.4,654.4,684.5,713.9,744.5,768.8,630.6,632.8,634.9,637.2,606.1,622.6,638.8,655.4,670.7,526.5,545.0,567.5,586.3,567.4,545.0,674.9,691.8,714.2,733.1,717.2,695.5,580.4,601.7,625.0,641.1,657.9,682.7,705.1,685.8,663.4,645.0,627.1,603.1,591.8,626.0,642.2,659.5,694.4,659.8,642.4,625.7,358.7,405.8,453.4,498.9,541.7,578.1,607.3,628.0,631.1,621.2,595.3,562.2,523.8,479.6,432.3,384.5,336.5,332.7,313.6,307.4,309.4,317.0,311.6,298.8,292.9,294.7,309.1,350.2,375.4,400.7,427.3,456.9,460.1,462.8,457.7,452.3,364.2,352.7,351.1,362.2,369.0,370.6,354.3,340.2,339.0,347.1,356.3,358.1,527.0,507.1,495.8,499.2,494.1,502.0,516.9,541.9,552.6,555.6,555.2,547.6,526.5,515.2,515.2,512.8,518.4,525.8,528.5,528.2,-80.5,-78.1,-73.6,-67.6,-58.0,-44.0,-29.2,-12.4,4.9,21.4,36.8,50.6,61.4,67.8,70.6,72.1,72.1,-65.7,-55.6,-42.7,-29.5,-17.2,6.1,18.9,31.5,44.7,55.3,-4.0,-3.1,-2.2,-1.2,-14.4,-7.4,-0.5,6.5,13.0,-48.8,-40.7,-31.0,-23.0,-31.0,-40.7,14.9,22.1,31.7,39.9,33.0,23.7,-25.7,-16.3,-6.4,0.5,7.6,18.2,27.9,19.5,10.0,2.1,-5.5,-15.8,-20.7,-6.0,0.9,8.3,23.3,8.4,1.0,-6.1,-0.6,20.3,41.6,61.9,80.6,96.3,108.5,116.5,117.6,113.6,103.1,89.0,72.3,52.7,31.8,10.8,-10.3,-11.8,-19.9,-22.5,-21.5,-18.2,-20.5,-26.0,-28.6,-27.9,-21.8,-4.2,6.5,17.1,28.2,41.1,42.4,43.5,41.4,39.1,1.8,-3.1,-3.8,0.9,3.9,4.5,-2.4,-8.4,-9.0,-5.5,-1.6,-0.8,71.9,62.6,57.5,58.9,56.8,60.4,67.3,77.6,81.9,83.1,83.0,80.2,71.5,65.9,65.9,64.8,67.8,70.4,71.5,71.5,1329.9,1332.5,1335.8,1336.6,1331.4,1324.5,1315.5,1304.5,1301.2,1304.8,1314.1,1321.2,1323.2,1322.3,1319.9,1317.8,1317.0,1292.8,1285.8,1279.6,1274.9,1271.7,1271.0,1274.6,1278.5,1282.9,1287.8,1270.4,1266.4,1262.1,1258.0,1273.1,1270.7,1269.0,1270.1,1271.4,1288.7,1284.4,1283.1,1282.3,1282.6,1284.4,1281.8,1280.5,1281.5,1284.6,1281.7,1280.8,1291.1,1277.1,1271.0,1269.9,1269.9,1275.7,1286.8,1279.1,1274.7,1274.5,1276.1,1281.7,1288.3,1274.5,1273.0,1273.1,1285.0,1273.5,1273.2,1274.7,2.329,0.158,0.038,-0.075,637.484,445.584,-28.319000000000003,5.652,-11.165,-0.209,-4.462,-9.335,6.234,-3.773,5.325,-8.238,-6.529,3.002,-3.681,2.072,-3.148,4.112,0.35200000000000004,-1.966,1.097,-5.138999999999999,-0.599,-4.215,1.206,0.431,-1.77,1.2830000000000001,0.9890000000000001,-0.026000000000000002,0.637,-0.48700000000000004,0.5589999999999999,-0.5660000000000001,0.034,0.12300000000000001,0.0,0.0,0.0,0.09,0.0,0.2,0.0,0.0,0.0,0.0,0.55,0.0,0.6,0.0,1.05,1.14,0.0,0.0,0.0,0.0,1.0,0.0,0.0,0.0,0.0,0.0,0.0,0.0,0.0,1.0,0.0,1.0,1.0,0.0,0.0
7,0.2,0.98,0.089119,0.229127,-0.969308,-0.074184,0.22198400000000001,-0.972224,0.008,0.228,543.8,547.4,557.7,568.7,574.0,571.2,560.0,549.0,529.3,535.4,545.1,556.6,568.1,577.5,584.2,578.3,568.9,557.9,546.6,536.5,554.4,559.3,563.9,565.4,563.1,558.3,553.7,552.1,687.1,689.9,700.2,712.1,718.6,715.8,705.5,692.9,677.5,683.4,692.1,703.8,715.9,725.6,733.1,726.8,718.1,707.8,696.2,685.5,698.5,704.0,708.8,710.1,707.1,701.6,696.8,695.5,360.6,349.6,344.3,347.9,358.2,369.9,374.5,371.0,363.5,357.3,352.9,350.3,351.4,355.6,362.0,366.3,368.7,370.5,370.5,368.2,364.3,365.9,363.6,358.7,354.1,352.5,354.9,359.8,349.2,337.3,330.9,333.8,344.3,356.2,362.6,360.8,353.9,346.5,341.1,338.2,339.3,342.3,348.0,353.0,356.1,357.9,358.2,357.6,353.2,354.6,351.6,346.1,341.2,339.9,342.9,348.4,-37.8,-36.3,-32.3,-28.0,-25.9,-27.1,-31.4,-35.7,-43.6,-41.1,-37.2,-32.7,-28.2,-24.6,-22.0,-24.3,-27.9,-32.2,-36.7,-40.7,-33.6,-31.7,-29.9,-29.3,-30.2,-32.1,-33.9,-34.5,17.9,19.0,22.9,27.4,29.9,28.8,24.8,20.1,14.3,16.5,19.8,24.2,28.8,32.6,35.5,33.0,29.7,25.7,21.3,17.3,22.2,24.3,26.2,26.7,25.5,23.4,21.6,21.1,0.2,-4.1,-6.2,-4.8,-0.7,3.9,5.7,4.3,1.4,-1.1,-2.8,-3.8,-3.4,-1.7,0.8,2.5,3.4,4.1,4.1,3.2,1.7,2.3,1.4,-0.5,-2.3,-2.9,-2.0,-0.1,-4.1,-8.6,-11.1,-10.0,-6.0,-1.4,1.0,0.3,-2.3,-5.1,-7.2,-8.3,-7.9,-6.7,-4.6,-2.7,-1.5,-0.8,-0.7,-0.9,-2.6,-2.1,-3.2,-5.3,-7.1,-7.6,-6.5,-4.4,1177.4,1177.0,1176.9,1177.3,1177.9,1178.7,1178.4,1178.0,1182.1,1179.6,1177.0,1176.2,1177.2,1179.0,1181.3,1179.8,1178.2,1177.5,1178.2,1180.1,1178.6,1178.8,1178.8,1178.6,1178.4,1178.2,1178.2,1178.4,1139.5,1140.4,1140.9,1140.8,1140.1,1139.3,1138.7,1139.0,1140.8,1139.7,1138.7,1138.5,1139.6,1141.6,1143.8,1141.1,1138.7,1137.3,1137.4,1139.1,1140.2,1140.1,1140.4,1140.8,1141.1,1141.2,1140.9,1140.5,-0.9,36.6,1277.5,0.12300000000000001,0.028999999999999998,-0.07400000000000001,459.1,464.6,475.1,488.5,509.6,540.5,573.9,612.3,652.4,690.2,724.9,755.6,779.8,794.4,801.1,804.6,804.6,488.5,511.0,540.5,571.0,599.8,655.4,685.4,714.7,745.2,769.3,631.3,633.5,635.6,637.9,606.6,623.1,639.4,656.1,671.4,527.1,545.6,568.1,586.9,568.0,545.6,675.5,692.6,714.9,733.9,717.9,696.3,580.8,602.1,625.5,641.6,658.4,683.3,705.7,686.4,664.0,645.5,627.6,603.5,592.1,626.4,642.7,660.1,695.1,660.4,642.9,626.2,358.9,405.9,453.4,498.9,541.7,578.2,607.5,628.0,631.0,621.0,595.2,562.2,524.1,480.1,432.8,385.1,337.1,332.9,313.8,307.5,309.6,317.2,311.8,299.0,293.1,295.0,309.4,350.3,375.5,400.7,427.4,456.9,460.1,462.9,457.8,452.3,364.1,352.8,351.2,362.2,368.9,370.5,354.4,340.4,339.2,347.3,356.3,358.1,527.0,507.2,495.9,499.4,494.2,502.1,517.0,542.0,552.6,555.6,555.2,547.6,526.4,515.2,515.2,512.8,518.5,526.0,528.7,528.3,-80.1,-77.8,-73.3,-67.4,-57.8,-43.9,-28.9,-12.0,5.3,21.8,37.1,50.8,61.6,68.0,70.8,72.2,72.2,-65.2,-55.2,-42.4,-29.3,-17.0,6.5,19.3,31.8,44.9,55.4,-3.7,-2.8,-1.9,-0.9,-14.1,-7.1,-0.3,6.8,13.3,-48.4,-40.3,-30.7,-22.7,-30.7,-40.3,15.2,22.4,32.0,40.1,33.2,24.0,-25.5,-16.1,-6.1,0.7,7.8,18.4,28.2,19.8,10.2,2.3,-5.3,-15.6,-20.5,-5.8,1.2,8.5,23.5,8.7,1.2,-5.9,-0.5,20.4,41.5,61.8,80.5,96.2,108.4,116.4,117.4,113.3,102.9,89.0,72.3,52.9,32.0,11.0,-10.0,-11.7,-19.8,-22.4,-21.4,-18.1,-20.4,-25.9,-28.5,-27.8,-21.7,-4.1,6.5,17.1,28.2,41.0,42.3,43.4,41.3,39.1,1.8,-3.1,-3.8,0.9,3.8,4.5,-2.4,-8.4,-8.9,-5.5,-1.6,-0.8,71.8,62.6,57.5,58.9,56.7,60.3,67.3,77.5,81.7,82.9,82.9,80.0,71.4,65.8,65.8,64.7,67.8,70.3,71.5,71.4,1328.2,1330.8,1334.1,1334.9,1329.8,1322.9,1313.6,1302.4,1299.1,1302.8,1312.3,1319.6,1321.8,1321.0,1318.5,1316.3,1315.6,1290.9,1283.9,1277.7,1273.0,1269.7,1268.9,1272.6,1276.7,1281.1,1286.0,1268.3,1264.2,1259.7,1255.5,1270.9,1268.5,1266.7,1267.9,1269.3,1286.8,1282.5,1281.2,1280.3,1280.6,1282.4,1279.9,1278.6,1279.7,1282.8,1279.8,1278.9,1289.1,1274.9,1268.8,1267.7,1267.7,1273.6,1284.9,1277.1,1272.5,1272.3,1273.9,1279.6,1286.3,1272.2,1270.8,1270.9,1283.1,1271.4,1271.1,1272.6,2.332,0.158,0.037000000000000005,-0.075,638.078,445.684,-26.593000000000004,5.854,-10.605,0.062,-4.675,-9.136000000000001,6.331,-3.39,5.147,-7.96,-6.2379999999999995,2.928,-3.208,1.608,-3.173,4.334,0.433,-1.585,0.835,-5.143,-0.655,-4.145,1.125,0.188,-1.7519999999999998,1.1179999999999999,1.0590000000000002,0.022000000000000002,0.603,-0.473,0.627,-0.621,0.055999999999999994,0.15,0.0,0.0,0.0,0.01,0.0,0.11,0.0,0.0,0.0,0.0,0.55,0.0,0.62,0.0,0.97,1.02,0.0,0.0,0.0,0.0,1.0,0.0,0.0,0.0,0.0,0.0,0.0,0.0,0.0,1.0,0.0,1.0,1.0,0.0,0.0
8,0.23399999999999999,0.98,0.087648,0.230711,-0.969067,-0.07446799999999999,0.222581,-0.972066,0.006999999999999999,0.22899999999999998,544.2,547.9,558.2,569.3,574.5,571.7,560.5,549.5,530.2,535.9,545.4,556.9,568.6,578.1,584.9,578.9,569.4,558.4,547.1,537.2,555.0,559.9,564.5,566.1,563.7,558.9,554.3,552.7,687.6,690.4,700.7,712.5,719.0,716.2,705.9,693.4,678.0,683.9,692.6,704.3,716.3,726.1,733.7,727.4,718.6,708.2,696.6,685.8,699.0,704.5,709.3,710.5,707.6,702.1,697.3,696.0,360.9,349.9,344.6,348.3,358.6,370.2,374.9,371.2,364.0,357.6,353.2,350.6,351.7,356.0,362.7,366.5,368.8,370.4,370.5,368.4,364.6,366.2,363.9,359.0,354.4,352.8,355.1,360.0,349.6,337.7,331.4,334.2,344.5,356.4,362.7,361.0,354.1,346.6,341.2,338.3,339.4,342.5,348.3,353.4,356.4,358.2,358.5,357.9,353.5,354.8,351.9,346.4,341.6,340.3,343.2,348.7,-37.6,-36.2,-32.1,-27.7,-25.7,-26.8,-31.2,-35.6,-43.3,-40.9,-37.1,-32.6,-28.0,-24.3,-21.7,-24.0,-27.7,-32.1,-36.5,-40.5,-33.4,-31.5,-29.7,-29.1,-30.0,-31.9,-33.7,-34.3,18.1,19.2,23.1,27.6,30.0,29.0,25.0,20.3,14.5,16.7,20.0,24.4,29.0,32.8,35.7,33.2,29.8,25.8,21.5,17.4,22.4,24.5,26.3,26.8,25.7,23.6,21.8,21.3,0.3,-4.0,-6.0,-4.6,-0.5,4.0,5.8,4.4,1.6,-0.9,-2.7,-3.7,-3.3,-1.6,1.0,2.6,3.5,4.1,4.1,3.3,1.8,2.4,1.5,-0.4,-2.2,-2.8,-1.9,0.0,-4.0,-8.5,-10.9,-9.8,-5.9,-1.4,1.0,0.4,-2.3,-5.1,-7.1,-8.2,-7.8,-6.7,-4.5,-2.5,-1.3,-0.7,-0.6,-0.8,-2.5,-2.0,-3.1,-5.2,-7.0,-7.5,-6.4,-4.3,1177.8,1177.2,1177.0,1177.3,1177.9,1178.8,1178.7,1178.4,1182.8,1180.1,1177.4,1176.3,1177.2,1178.9,1181.2,1179.8,1178.3,1177.7,1178.7,1180.7,1178.9,1179.0,1178.9,1178.7,1178.4,1178.3,1178.4,1178.6,1139.8,1140.8,1141.3,1141.2,1140.4,1139.4,1138.9,1139.2,1141.3,1140.1,1139.2,1138.9,1140.0,1141.9,1144.1,1141.4,1138.9,1137.5,1137.8,1139.4,1140.4,1140.4,1140.6,1141.1,1141.4,1141.5,1141.2,1140.8,-0.7,36.7,1278.2,0.124,0.028999999999999998,-0.07400000000000001,459.5,465.2,475.7,489.0,510.0,541.0,574.6,613.0,653.1,691.0,725.6,756.2,780.4,794.9,801.5,804.9,804.7,488.8,511.4,541.0,571.7,600.6,655.7,685.7,715.1,745.7,769.9,632.0,634.2,636.3,638.6,607.2,623.7,640.0,656.7,671.9,527.7,546.2,568.7,587.4,568.6,546.2,676.0,693.1,715.4,734.3,718.4,696.7,581.3,602.6,625.9,642.1,658.9,683.6,705.9,686.6,664.2,645.7,627.9,603.9,592.5,626.8,643.1,660.5,695.3,660.8,643.2,626.6,358.9,406.1,453.8,499.4,542.2,578.5,607.4,627.5,630.5,620.5,594.9,562.1,523.9,479.9,432.6,384.7,336.6,333.4,314.2,307.8,309.9,317.7,312.2,299.4,293.4,295.3,309.7,350.6,375.9,401.2,427.9,457.1,460.4,463.2,458.1,452.7,364.4,353.0,351.4,362.6,369.3,370.8,354.7,340.6,339.4,347.5,356.6,358.5,527.2,507.5,496.3,499.8,494.7,502.6,517.4,542.0,552.5,555.3,554.9,547.5,526.6,515.3,515.4,513.0,518.8,526.1,528.8,528.4,-80.0,-77.6,-73.1,-67.2,-57.6,-43.7,-28.7,-11.7,5.7,22.1,37.5,51.1,61.9,68.2,71.0,72.4,72.3,-65.1,-55.1,-42.2,-29.0,-16.7,6.7,19.4,32.0,45.2,55.7,-3.4,-2.5,-1.6,-0.6,-13.9,-6.9,0.0,7.1,13.5,-48.2,-40.1,-30.5,-22.4,-30.5,-40.1,15.4,22.6,32.2,40.3,33.5,24.2,-25.2,-15.9,-6.0,0.9,8.0,18.5,28.3,19.8,10.3,2.4,-5.2,-15.4,-20.4,-5.6,1.3,8.7,23.6,8.8,1.4,-5.7,-0.5,20.5,41.7,62.1,80.8,96.4,108.4,116.2,117.2,113.2,102.8,88.9,72.3,52.8,31.9,10.8,-10.3,-11.4,-19.6,-22.2,-21.3,-17.9,-20.2,-25.7,-28.3,-27.7,-21.6,-4.0,6.7,17.3,28.4,41.2,42.5,43.6,41.5,39.2,1.9,-3.0,-3.7,1.1,4.0,4.6,-2.2,-8.3,-8.8,-5.4,-1.4,-0.7,71.9,62.7,57.7,59.1,57.0,60.6,67.4,77.5,81.7,82.9,82.8,80.0,71.5,65.9,65.9,64.8,68.0,70.4,71.6,71.5,1329.1,1331.6,1334.9,1335.6,1330.5,1323.7,1314.3,1302.9,1299.5,1303.3,1313.0,1320.3,1322.5,1321.8,1319.4,1317.1,1316.4,1291.7,1284.7,1278.4,1273.5,1270.1,1269.5,1273.1,1277.2,1281.8,1286.8,1268.9,1264.8,1260.3,1256.1,1271.5,1269.1,1267.3,1268.4,1269.8,1287.3,1283.0,1281.7,1280.9,1281.2,1283.0,1280.4,1279.2,1280.3,1283.4,1280.4,1279.5,1289.7,1275.7,1269.6,1268.4,1268.5,1274.4,1285.6,1277.7,1273.1,1272.9,1274.5,1280.2,1286.9,1272.9,1271.5,1271.6,1283.7,1272.1,1271.8,1273.3,2.331,0.158,0.037000000000000005,-0.075,638.568,445.856,-25.93,6.105,-10.882,-0.065,-4.357,-8.713,6.316,-3.8739999999999997,5.175,-7.747000000000001,-6.157,2.734,-3.0580000000000003,1.8090000000000002,-3.372,4.595,0.643,-1.641,0.382,-4.9030000000000005,-0.818,-3.998,0.992,0.213,-1.7590000000000001,1.1740000000000002,1.0290000000000001,0.075,0.6809999999999999,-0.42200000000000004,0.6659999999999999,-0.637,0.061,0.142,0.0,0.0,0.01,0.0,0.0,0.02,0.0,0.0,0.0,0.0,0.57,0.0,0.64,0.0,0.96,0.94,0.0,0.0,0.0,0.0,1.0,0.0,0.0,0.0,0.0,0.0,0.0,0.0,0.0,1.0,0.0,1.0,1.0,0.0,0.0
9,0.267,0.98,0.089213,0.22561199999999998,-0.970124,-0.073008,0.21457800000000002,-0.973974,0.008,0.223,544.6,548.3,558.7,569.9,575.1,572.2,561.0,549.9,530.1,536.3,546.0,557.6,569.3,578.7,585.3,579.3,569.7,558.6,547.2,537.2,555.4,560.3,564.9,566.5,564.2,559.3,554.7,553.1,688.0,691.0,701.6,713.5,719.8,716.7,706.2,693.6,678.7,684.2,692.8,704.6,716.9,726.9,734.5,728.0,719.0,708.5,696.9,686.4,699.5,705.0,709.8,711.2,708.3,702.9,698.0,696.6,361.1,349.9,344.6,348.4,358.9,370.7,375.3,371.6,364.3,358.0,353.6,351.1,352.4,356.7,363.3,367.1,369.0,370.4,370.4,368.5,365.0,366.7,364.3,359.4,354.8,353.2,355.5,360.4,349.6,337.5,331.2,334.3,345.0,357.1,363.4,361.3,354.8,347.2,341.8,339.0,340.0,343.0,348.7,353.8,357.1,359.0,359.2,358.5,353.7,355.1,352.2,346.7,341.7,340.3,343.2,348.7,-37.4,-35.9,-31.8,-27.5,-25.4,-26.6,-31.0,-35.3,-43.2,-40.7,-36.8,-32.2,-27.7,-24.1,-21.5,-23.8,-27.5,-31.9,-36.4,-40.4,-33.2,-31.3,-29.5,-28.8,-29.7,-31.6,-33.4,-34.1,18.1,19.3,23.3,27.8,30.1,29.0,25.0,20.2,14.6,16.7,19.9,24.4,29.0,32.8,35.8,33.2,29.8,25.8,21.5,17.5,22.5,24.5,26.4,26.9,25.8,23.8,21.9,21.4,0.4,-3.9,-6.0,-4.6,-0.4,4.2,6.0,4.6,1.7,-0.8,-2.5,-3.5,-3.0,-1.3,1.3,2.8,3.5,4.1,4.1,3.3,2.0,2.6,1.7,-0.2,-2.0,-2.7,-1.8,0.2,-3.9,-8.5,-10.9,-9.7,-5.7,-1.1,1.3,0.5,-2.0,-4.8,-6.9,-7.9,-7.5,-6.4,-4.3,-2.4,-1.1,-0.4,-0.3,-0.6,-2.4,-1.8,-2.9,-5.0,-6.9,-7.5,-6.4,-4.3,1175.1,1174.9,1175.0,1175.2,1175.6,1176.1,1175.8,1175.5,1179.8,1177.4,1175.0,1174.1,1175.0,1176.7,1178.8,1177.2,1175.5,1174.8,1175.6,1177.7,1176.3,1176.4,1176.4,1176.3,1176.1,1176.0,1176.0,1176.1,1132.7,1133.4,1133.7,1133.5,1132.8,1132.2,1131.8,1132.3,1134.2,1132.9,1131.7,1131.2,1132.1,1134.0,1136.2,1133.7,1131.6,1130.3,1130.7,1132.4,1133.3,1133.2,1133.3,1133.6,1133.9,1134.0,1133.9,1133.6,-0.4,36.8,1276.9,0.129,0.03,-0.075,460.1,465.6,476.0,489.5,510.6,541.6,575.4,614.0,654.2,692.2,726.6,756.9,780.9,795.2,801.9,805.3,805.1,489.7,512.3,541.8,572.2,600.9,656.5,686.5,715.8,746.2,770.1,632.5,634.6,636.7,639.0,607.5,624.1,640.5,657.2,672.5,528.1,546.6,569.0,587.8,569.0,546.6,676.5,693.6,715.9,734.8,718.9,697.3,582.0,603.3,626.5,642.6,659.4,684.1,706.6,687.2,664.9,646.4,628.6,604.7,593.2,627.5,643.7,661.0,695.9,661.4,643.9,627.3,359.1,406.3,453.8,499.4,542.3,578.8,607.9,628.1,630.9,620.7,595.0,562.2,524.1,480.2,433.0,385.3,337.4,333.6,314.5,308.3,310.5,318.2,312.7,299.9,293.9,295.8,310.3,351.2,376.5,401.8,428.5,457.7,461.0,463.7,458.6,453.1,364.8,353.5,351.9,363.1,369.7,371.3,355.3,341.1,339.9,348.0,357.1,359.0,527.8,508.2,497.0,500.4,495.3,503.1,517.8,542.3,552.7,555.6,555.2,547.9,527.2,515.8,515.9,513.5,519.3,526.7,529.4,529.0,-79.6,-77.3,-72.9,-67.0,-57.3,-43.4,-28.3,-11.3,6.2,22.7,37.9,51.4,62.1,68.3,71.1,72.5,72.4,-64.6,-54.6,-41.8,-28.7,-16.5,7.0,19.7,32.2,45.3,55.8,-3.2,-2.3,-1.4,-0.4,-13.8,-6.7,0.2,7.3,13.8,-48.0,-39.9,-30.3,-22.3,-30.3,-39.9,15.6,22.8,32.4,40.5,33.7,24.4,-24.9,-15.6,-5.7,1.1,8.2,18.7,28.5,20.1,10.5,2.7,-4.8,-15.1,-20.1,-5.3,1.6,8.9,23.9,9.1,1.7,-5.4,-0.4,20.5,41.7,62.0,80.8,96.5,108.6,116.4,117.3,113.2,102.8,88.9,72.3,52.9,32.1,11.1,-9.9,-11.3,-19.4,-22.0,-21.0,-17.7,-20.0,-25.5,-28.1,-27.4,-21.3,-3.7,6.9,17.5,28.7,41.4,42.7,43.8,41.7,39.4,2.1,-2.8,-3.5,1.3,4.2,4.8,-2.0,-8.0,-8.6,-5.1,-1.2,-0.4,72.1,63.0,57.9,59.3,57.2,60.7,67.6,77.6,81.7,82.9,82.9,80.1,71.7,66.1,66.0,65.0,68.1,70.6,71.8,71.7,1328.0,1330.5,1333.9,1334.6,1329.7,1323.0,1313.7,1302.3,1298.7,1302.4,1312.1,1319.4,1321.6,1320.8,1318.2,1315.8,1315.1,1290.0,1283.0,1276.8,1271.9,1268.6,1267.7,1271.4,1275.6,1280.2,1285.4,1267.4,1263.2,1258.7,1254.5,1270.2,1267.7,1265.8,1267.1,1268.5,1286.0,1281.7,1280.4,1279.5,1279.9,1281.7,1278.9,1277.7,1278.8,1282.0,1279.0,1278.0,1288.7,1274.4,1268.3,1267.2,1267.2,1273.3,1284.7,1276.6,1272.0,1271.8,1273.3,1279.1,1285.9,1271.6,1270.2,1270.4,1282.8,1270.9,1270.7,1272.1,2.333,0.163,0.037000000000000005,-0.076,639.148,446.31300000000005,-25.134,6.515,-10.458,0.201,-4.387,-8.615,6.489,-3.4360000000000004,4.776,-7.78,-5.9270000000000005,2.8760000000000003,-3.346,1.181,-3.145,4.7589999999999995,0.617,-1.37,0.515,-4.8260000000000005,-0.765,-3.7239999999999998,0.9670000000000001,-0.21899999999999997,-1.7,0.802,0.995,0.152,0.585,-0.40299999999999997,0.7170000000000001,-0.7140000000000001,0.040999999999999995,0.171,0.0,0.0,0.03,0.0,0.0,0.02,0.0,0.0,0.0,0.0,0.54,0.0,0.65,0.0,0.98,0.95,0.0,0.0,0.0,0.0,1.0,0.0,0.0,0.0,0.0,0.0,0.0,0.0,0.0,1.0,0.0,1.0,1.0,0.0,0.0
10,0.3,0.98,0.08619600000000001,0.239603,-0.967037,-0.071506,0.228129,-0.971002,0.008,0.237,545.0,548.8,559.4,570.5,575.7,572.8,561.4,550.3,531.2,537.0,546.5,558.2,570.2,579.5,586.0,579.6,570.0,558.8,547.7,538.0,555.9,560.8,565.5,567.2,564.9,559.9,555.3,553.6,688.6,691.4,701.8,713.6,720.0,717.2,706.8,694.3,678.9,684.7,693.3,705.0,717.2,727.0,734.7,728.4,719.6,709.2,697.6,686.8,699.9,705.4,710.3,711.6,708.6,703.1,698.3,697.0,361.7,350.6,345.4,349.1,359.7,371.4,376.0,372.2,364.3,358.1,354.2,351.8,353.0,357.3,364.1,367.3,369.2,370.4,370.2,368.1,365.5,367.1,364.8,359.9,355.3,353.6,355.9,360.8,350.5,338.7,332.4,335.3,345.7,357.5,363.8,362.0,355.3,347.9,342.5,339.6,340.5,343.6,349.4,354.3,357.3,359.1,359.4,359.0,354.6,355.9,353.0,347.6,342.7,341.4,344.3,349.8,-37.3,-35.8,-31.6,-27.3,-25.2,-26.4,-30.9,-35.3,-42.9,-40.5,-36.7,-32.1,-27.4,-23.8,-21.3,-23.7,-27.5,-31.9,-36.3,-40.2,-33.1,-31.1,-29.3,-28.6,-29.5,-31.5,-33.3,-33.9,18.4,19.5,23.5,28.0,30.4,29.3,25.3,20.6,14.8,17.0,20.2,24.6,29.3,33.1,36.1,33.6,30.2,26.2,21.8,17.8,22.8,24.8,26.7,27.2,26.1,24.0,22.2,21.6,0.7,-3.7,-5.7,-4.3,-0.1,4.5,6.3,4.8,1.7,-0.7,-2.3,-3.2,-2.7,-1.1,1.6,2.9,3.6,4.1,4.0,3.2,2.1,2.8,1.9,-0.0,-1.8,-2.5,-1.6,0.3,-3.6,-8.1,-10.5,-9.4,-5.4,-1.0,1.4,0.7,-1.8,-4.6,-6.6,-7.8,-7.4,-6.2,-4.1,-2.2,-1.0,-0.3,-0.2,-0.4,-2.1,-1.5,-2.6,-4.7,-6.6,-7.1,-6.0,-3.9,1178.2,1177.5,1177.2,1177.5,1178.2,1179.2,1179.2,1178.9,1183.0,1180.3,1177.5,1176.4,1177.3,1179.0,1181.2,1179.8,1178.3,1177.9,1178.8,1180.9,1179.3,1179.5,1179.3,1179.0,1178.7,1178.6,1178.7,1179.0,1138.3,1139.4,1139.9,1139.7,1138.8,1137.8,1137.2,1137.6,1139.8,1138.6,1137.7,1137.3,1138.4,1140.2,1142.4,1139.6,1137.3,1135.9,1136.1,1137.9,1138.9,1138.8,1139.0,1139.5,1139.9,1140.0,1139.8,1139.3,-0.2,37.1,1276.3,0.131,0.027999999999999997,-0.075,460.7,466.2,476.6,489.9,510.9,541.9,575.7,614.3,654.6,692.7,727.2,757.5,781.4,795.8,802.3,805.5,805.2,490.3,512.9,542.3,572.9,601.6,657.2,687.0,716.3,746.6,770.4,633.2,635.3,637.5,639.8,608.4,624.8,641.2,657.8,673.0,528.8,547.3,569.6,588.4,569.6,547.3,677.0,694.1,716.3,735.2,719.3,697.7,582.6,603.9,627.1,643.2,659.9,684.5,706.7,687.5,665.3,646.9,629.2,605.2,593.7,628.1,644.3,661.5,696.2,661.9,644.5,627.9,359.5,406.8,454.4,500.0,542.8,579.1,608.0,628.1,631.0,621.0,595.3,562.6,524.5,480.5,433.3,385.4,337.5,334.2,315.2,309.0,311.3,319.1,313.5,300.8,294.7,296.5,310.9,351.7,377.1,402.5,429.4,458.2,461.5,464.3,459.2,453.7,365.1,353.9,352.4,363.5,370.0,371.5,355.8,341.7,340.5,348.4,357.5,359.4,527.9,508.7,497.7,501.2,496.2,503.9,518.3,543.1,553.6,556.4,556.0,548.4,527.4,516.2,516.4,514.0,519.8,527.7,530.4,530.0,-79.3,-77.0,-72.6,-66.7,-57.2,-43.3,-28.1,-11.1,6.3,22.9,38.1,51.7,62.3,68.6,71.3,72.6,72.4,-64.3,-54.3,-41.5,-28.4,-16.2,7.3,19.9,32.4,45.5,55.8,-2.9,-2.0,-1.1,-0.1,-13.4,-6.4,0.5,7.5,13.9,-47.6,-39.6,-30.0,-22.0,-30.0,-39.6,15.7,23.0,32.5,40.7,33.8,24.6,-24.6,-15.3,-5.4,1.4,8.4,18.9,28.6,20.2,10.7,2.9,-4.6,-14.8,-19.8,-5.1,1.8,9.1,24.0,9.3,1.9,-5.1,-0.2,20.7,42.0,62.3,81.0,96.6,108.5,116.3,117.3,113.3,102.9,89.1,72.5,53.1,32.2,11.2,-9.9,-11.1,-19.2,-21.7,-20.6,-17.3,-19.6,-25.1,-27.7,-27.1,-21.0,-3.5,7.2,17.8,29.0,41.5,42.9,44.0,41.9,39.6,2.2,-2.6,-3.3,1.5,4.3,4.9,-1.8,-7.8,-8.3,-4.9,-1.1,-0.3,72.1,63.1,58.2,59.6,57.5,61.0,67.8,77.9,82.1,83.2,83.1,80.3,71.7,66.2,66.2,65.2,68.3,71.0,72.1,72.0,1327.3,1329.9,1333.4,1334.3,1329.4,1322.7,1313.0,1301.5,1298.0,1301.9,1311.8,1319.3,1321.6,1320.8,1318.1,1315.6,1314.8,1289.4,1282.4,1276.1,1271.2,1267.6,1266.9,1270.6,1274.8,1279.5,1284.8,1266.6,1262.4,1257.8,1253.5,1269.4,1266.9,1265.0,1266.2,1267.6,1285.2,1280.9,1279.6,1278.8,1279.1,1280.9,1278.3,1277.1,1278.1,1281.4,1278.3,1277.4,1288.0,1273.9,1267.7,1266.6,1266.7,1272.7,1284.1,1276.2,1271.6,1271.4,1272.9,1278.6,1285.2,1271.0,1269.6,1269.9,1282.2,1270.6,1270.3,1271.7,2.334,0.165,0.035,-0.075,639.6759999999999,446.845,-24.315,6.593,-10.141,0.56,-4.38,-8.272,6.957999999999999,-3.4939999999999998,5.115,-7.437,-5.443,2.401,-2.7239999999999998,1.006,-3.176,4.7010000000000005,0.755,-1.536,-0.273,-4.74,-0.6920000000000001,-3.613,0.872,0.06,-1.716,0.802,0.983,0.16,0.547,-0.272,0.687,-0.8059999999999999,0.044000000000000004,0.165,0.0,0.0,0.03,0.1,0.0,0.0,0.0,0.0,0.0,0.0,0.57,0.0,0.63,0.0,1.01,0.98,0.0,0.0,0.0,0.0,1.0,0.0,0.0,0.0,0.0,0.0,0.0,0.0,0.0,1.0,0.0,1.0,1.0,0.0,0.0
11,0.33399999999999996,0.98,0.088305,0.243588,-0.96585,-0.072875,0.22219899999999998,-0.972274,0.008,0.23600000000000002,545.7,549.5,559.9,570.9,576.0,573.1,561.9,550.9,531.5,537.3,547.0,558.6,570.5,579.8,586.4,580.2,570.7,559.6,548.3,538.5,556.5,561.3,565.9,567.6,565.3,560.4,555.8,554.2,689.0,691.8,702.2,714.1,720.6,717.8,707.4,694.8,679.4,685.2,693.8,705.5,717.7,727.5,735.2,728.9,720.2,709.8,698.3,687.5,700.4,705.9,710.8,712.1,709.1,703.5,698.7,697.4,362.3,351.3,346.2,349.8,360.2,371.8,376.3,372.6,364.7,358.6,354.5,352.1,353.3,357.7,364.5,367.8,369.7,371.1,370.9,368.8,366.0,367.6,365.3,360.5,355.9,354.3,356.5,361.4,350.8,338.9,332.6,335.4,345.9,357.8,364.2,362.4,355.9,348.2,342.7,339.6,340.6,343.7,349.6,354.6,357.7,359.6,360.0,359.5,355.0,356.3,353.4,347.8,343.0,341.6,344.6,350.1,-37.1,-35.6,-31.5,-27.2,-25.2,-26.3,-30.7,-35.1,-42.9,-40.5,-36.6,-32.0,-27.3,-23.7,-21.1,-23.6,-27.3,-31.6,-36.1,-40.0,-32.9,-31.0,-29.2,-28.5,-29.4,-31.3,-33.1,-33.8,18.5,19.5,23.5,28.0,30.4,29.3,25.4,20.7,14.9,17.0,20.3,24.7,29.3,33.1,36.0,33.6,30.2,26.3,21.9,17.9,22.8,24.9,26.7,27.2,26.1,24.0,22.2,21.7,0.9,-3.4,-5.4,-4.0,0.1,4.6,6.4,5.0,1.9,-0.6,-2.1,-3.1,-2.6,-0.9,1.8,3.1,3.8,4.3,4.3,3.5,2.3,3.0,2.1,0.2,-1.6,-2.3,-1.4,0.5,-3.5,-8.0,-10.4,-9.3,-5.3,-0.8,1.6,0.9,-1.6,-4.4,-6.5,-7.7,-7.3,-6.1,-4.0,-2.0,-0.9,-0.1,-0.0,-0.2,-1.9,-1.4,-2.5,-4.6,-6.4,-6.9,-5.8,-3.7,1180.3,1179.6,1179.3,1179.6,1180.4,1181.5,1181.4,1181.1,1185.2,1182.5,1179.7,1178.6,1179.5,1181.3,1183.6,1182.2,1180.7,1180.1,1181.0,1183.1,1181.5,1181.6,1181.5,1181.2,1180.9,1180.7,1180.8,1181.1,1131.5,1132.5,1133.2,1133.0,1132.1,1131.1,1130.4,1130.8,1132.7,1131.6,1130.7,1130.5,1131.5,1133.5,1135.6,1132.8,1130.4,1128.9,1129.2,1130.8,1132.0,1132.0,1132.3,1132.8,1133.2,1133.3,1133.0,1132.5,-0.0,37.2,1276.6,0.13,0.027999999999999997,-0.075,461.0,466.6,477.0,490.3,511.2,541.9,575.6,614.3,654.7,693.0,727.8,758.4,782.2,796.4,802.8,806.1,805.8,490.6,513.1,542.6,573.3,602.0,657.5,687.3,716.7,747.0,770.9,633.7,635.8,637.8,640.1,608.7,625.2,641.6,658.3,673.4,529.2,547.7,570.1,588.9,570.0,547.7,677.4,694.6,716.8,735.7,719.8,698.2,583.0,604.4,627.7,643.7,660.3,684.9,707.3,687.9,665.7,647.4,629.7,605.8,594.1,628.6,644.7,661.9,696.6,662.3,645.0,628.5,359.9,407.1,454.6,500.1,542.8,579.1,607.9,628.1,631.1,621.0,595.2,562.4,524.3,480.4,433.5,386.0,338.4,334.5,315.4,309.3,311.6,319.6,314.1,301.2,295.1,296.8,311.2,352.3,377.7,403.1,429.9,458.7,462.1,464.8,459.7,454.2,365.4,354.2,352.7,364.0,370.5,372.0,356.3,342.0,340.7,348.8,358.0,359.8,528.2,509.0,498.0,501.4,496.4,504.0,518.4,543.0,553.5,556.3,555.9,548.5,527.7,516.6,516.6,514.2,519.9,527.7,530.4,530.0,-79.2,-76.9,-72.5,-66.6,-57.1,-43.3,-28.2,-11.2,6.4,23.0,38.4,52.1,62.7,68.9,71.6,72.9,72.7,-64.2,-54.3,-41.4,-28.3,-16.0,7.4,20.1,32.6,45.7,56.1,-2.7,-1.8,-0.9,0.1,-13.2,-6.2,0.7,7.7,14.1,-47.5,-39.4,-29.8,-21.8,-29.8,-39.4,16.0,23.2,32.7,40.9,34.0,24.8,-24.5,-15.1,-5.2,1.5,8.6,19.0,28.8,20.4,10.9,3.1,-4.4,-14.6,-19.7,-4.8,2.0,9.3,24.2,9.4,2.1,-4.9,-0.0,20.9,42.1,62.3,81.0,96.6,108.5,116.3,117.3,113.3,102.9,89.0,72.4,53.0,32.3,11.4,-9.5,-11.0,-19.1,-21.6,-20.5,-17.1,-19.4,-24.9,-27.6,-27.0,-20.9,-3.3,7.4,18.1,29.2,41.8,43.1,44.2,42.1,39.8,2.3,-2.5,-3.1,1.7,4.5,5.1,-1.6,-7.7,-8.2,-4.8,-0.9,-0.1,72.2,63.3,58.3,59.7,57.6,61.1,67.8,77.9,82.0,83.2,83.1,80.4,71.9,66.3,66.3,65.3,68.4,71.0,72.1,72.1,1327.8,1330.4,1333.6,1334.5,1329.7,1323.1,1313.6,1302.0,1298.3,1302.1,1312.0,1319.6,1321.9,1321.1,1318.5,1316.2,1315.5,1289.8,1282.7,1276.4,1271.5,1268.0,1267.3,1271.0,1275.2,1280.0,1285.2,1267.0,1262.8,1258.2,1253.9,1269.7,1267.2,1265.4,1266.6,1268.0,1285.7,1281.3,1279.9,1279.2,1279.5,1281.3,1278.8,1277.5,1278.6,1281.9,1278.8,1277.8,1288.3,1274.2,1267.9,1266.9,1267.0,1273.0,1284.5,1276.3,1271.7,1271.5,1272.9,1278.7,1285.6,1271.3,1269.9,1270.1,1282.6,1270.7,1270.4,1271.8,2.334,0.165,0.035,-0.075,640.0980000000001,447.108,-23.523000000000003,6.502000000000001,-10.370999999999999,0.183,-4.456,-8.432,6.546,-3.403,4.904,-7.093,-5.55,2.82,-3.0989999999999998,1.193,-2.958,4.481,1.014,-1.5430000000000001,0.022000000000000002,-4.487,-0.546,-3.5839999999999996,0.899,0.078,-1.55,0.99,1.041,0.162,0.58,-0.265,0.726,-0.728,0.059000000000000004,0.132,0.0,0.04,0.01,0.16,0.0,0.0,0.0,0.0,0.0,0.0,0.54,0.0,0.58,0.0,1.01,0.97,0.0,0.0,0.0,0.0,1.0,0.0,0.0,0.0,0.0,0.0,0.0,0.0,0.0,1.0,0.0,1.0,1.0,0.0,0.0
12,0.36700000000000005,0.98,0.087394,0.237826,-0.967368,-0.07161100000000001,0.225104,-0.971699,0.008,0.23399999999999999,546.2,549.9,560.3,571.3,576.5,573.6,562.4,551.4,531.9,537.8,547.5,559.2,571.0,580.2,586.8,580.7,571.1,560.0,548.8,538.9,556.9,561.7,566.3,568.0,565.7,560.8,556.3,554.6,689.4,692.3,702.6,714.4,720.8,718.0,707.6,695.2,679.9,685.5,694.1,705.8,718.1,727.9,735.5,729.2,720.3,709.8,698.3,687.7,700.9,706.3,711.0,712.3,709.4,704.0,699.3,698.0,362.3,351.3,346.1,349.8,360.2,371.8,376.4,372.7,365.2,358.9,354.7,352.2,353.5,357.9,364.6,367.9,369.8,371.2,371.1,369.1,366.0,367.7,365.4,360.5,356.0,354.3,356.6,361.5,351.1,339.2,332.8,335.7,346.1,358.1,364.5,362.6,356.0,348.4,342.9,340.0,341.0,344.1,349.9,354.9,358.0,359.9,360.2,359.6,355.0,356.3,353.4,348.0,343.2,341.9,344.8,350.2,-36.9,-35.5,-31.4,-27.0,-25.0,-26.2,-30.6,-34.9,-42.7,-40.3,-36.4,-31.8,-27.2,-23.6,-21.0,-23.4,-27.1,-31.5,-35.9,-39.9,-32.8,-30.8,-29.0,-28.4,-29.3,-31.2,-33.0,-33.6,18.8,19.9,23.8,28.3,30.7,29.7,25.7,21.0,15.2,17.3,20.6,25.0,29.7,33.5,36.4,33.9,30.5,26.5,22.1,18.1,23.2,25.2,27.0,27.5,26.4,24.4,22.6,22.1,0.9,-3.4,-5.5,-4.0,0.1,4.7,6.5,5.0,2.0,-0.4,-2.1,-3.1,-2.6,-0.8,1.8,3.1,3.9,4.4,4.4,3.6,2.4,3.0,2.1,0.2,-1.6,-2.2,-1.3,0.6,-3.4,-7.9,-10.4,-9.3,-5.3,-0.7,1.7,1.0,-1.5,-4.4,-6.5,-7.6,-7.2,-6.1,-3.8,-1.9,-0.8,-0.0,0.1,-0.1,-1.9,-1.4,-2.5,-4.6,-6.4,-6.9,-5.8,-3.7,1181.2,1180.7,1180.5,1180.9,1181.5,1182.4,1182.2,1181.9,1186.1,1183.4,1180.8,1179.8,1180.8,1182.6,1184.8,1183.3,1181.7,1181.1,1182.0,1184.0,1182.4,1182.6,1182.5,1182.3,1182.0,1181.8,1181.9,1182.2,1141.1,1141.9,1142.3,1142.1,1141.4,1140.6,1140.1,1140.6,1142.6,1141.3,1140.3,1139.9,1140.8,1142.7,1144.9,1142.3,1140.0,1138.7,1139.0,1140.7,1141.6,1141.5,1141.7,1142.1,1142.5,1142.5,1142.3,1142.0,0.2,37.2,1276.3,0.132,0.028999999999999998,-0.075,461.3,466.9,477.3,490.5,511.3,542.1,576.1,615.1,655.8,694.2,728.9,759.2,783.0,797.0,803.4,806.7,806.3,491.1,513.6,543.0,573.7,602.5,657.7,687.7,717.0,747.4,771.3,634.0,636.1,638.2,640.6,609.2,625.7,642.0,658.7,673.9,529.7,548.1,570.5,589.3,570.5,548.2,677.8,694.9,717.1,736.0,720.1,698.5,583.4,604.8,628.1,644.1,660.7,685.3,707.8,688.4,666.1,647.8,630.2,606.2,594.6,629.0,645.2,662.3,697.1,662.7,645.4,628.9,359.7,406.7,454.0,499.4,542.2,578.8,608.0,628.4,631.4,621.0,595.1,562.1,524.0,480.1,433.2,385.8,338.2,334.8,315.7,309.4,311.6,319.5,314.1,301.3,295.4,297.2,311.6,352.4,377.6,402.9,429.5,458.6,461.9,464.7,459.6,454.1,365.7,354.5,352.9,364.1,370.7,372.2,356.4,342.3,341.0,349.1,358.2,360.0,528.5,509.2,498.1,501.6,496.5,504.2,518.6,543.2,553.7,556.5,556.1,548.7,527.9,516.7,516.8,514.4,520.1,527.9,530.6,530.2,-79.1,-76.8,-72.3,-66.5,-57.0,-43.2,-28.0,-10.8,6.8,23.5,38.9,52.4,63.0,69.1,71.8,73.1,72.9,-64.0,-54.0,-41.2,-28.1,-15.8,7.5,20.2,32.7,45.8,56.2,-2.5,-1.6,-0.7,0.2,-13.0,-6.0,0.9,7.9,14.3,-47.2,-39.2,-29.6,-21.6,-29.6,-39.2,16.1,23.4,32.9,41.0,34.1,24.9,-24.3,-14.9,-5.0,1.7,8.7,19.2,29.0,20.6,11.1,3.3,-4.2,-14.4,-19.5,-4.6,2.2,9.4,24.4,9.6,2.3,-4.7,-0.1,20.7,41.8,62.0,80.8,96.5,108.6,116.5,117.4,113.3,102.8,88.9,72.2,52.9,32.2,11.3,-9.5,-10.8,-18.9,-21.5,-20.5,-17.1,-19.4,-24.9,-27.5,-26.8,-20.7,-3.2,7.4,18.0,29.1,41.7,43.0,44.1,42.1,39.8,2.4,-2.4,-3.0,1.7,4.6,5.2,-1.5,-7.5,-8.1,-4.7,-0.8,0.0,72.3,63.3,58.4,59.8,57.6,61.2,67.9,77.9,82.1,83.3,83.2,80.4,71.9,66.4,66.3,65.3,68.4,71.1,72.2,72.1,1327.8,1330.4,1333.6,1334.4,1329.6,1322.9,1313.4,1301.8,1298.2,1302.0,1311.9,1319.2,1321.5,1320.6,1318.0,1315.6,1314.9,1289.4,1282.3,1276.0,1271.0,1267.6,1266.9,1270.7,1274.9,1279.6,1284.9,1266.6,1262.4,1257.9,1253.6,1269.5,1267.0,1265.2,1266.3,1267.7,1285.3,1280.9,1279.6,1278.8,1279.1,1280.9,1278.4,1277.1,1278.3,1281.5,1278.5,1277.5,1288.1,1273.9,1267.7,1266.6,1266.7,1272.8,1284.3,1276.1,1271.4,1271.2,1272.7,1278.5,1285.4,1271.0,1269.6,1269.8,1282.4,1270.4,1270.1,1271.6,2.334,0.166,0.036000000000000004,-0.076,640.547,447.159,-23.438000000000002,7.075,-10.401,-0.031,-4.7589999999999995,-8.832,6.599,-3.516,5.254,-6.9110000000000005,-5.96,2.738,-3.377,1.011,-3.1,4.575,0.941,-1.376,0.075,-4.636,-0.7440000000000001,-3.582,0.853,-0.098,-1.8840000000000001,0.9079999999999999,1.044,0.159,0.589,-0.336,0.713,-0.7290000000000001,0.051,0.11900000000000001,0.0,0.04,0.0,0.26,0.0,0.0,0.0,0.0,0.0,0.0,0.54,0.0,0.55,0.0,0.99,0.97,0.0,0.0,0.0,0.0,1.0,0.0,0.0,0.0,0.0,0.0,0.0,0.0,0.0,1.0,0.0,1.0,1.0,0.0,0.0
13,0.4,0.98,0.090976,0.23806799999999997,-0.9669780000000001,-0.06865299999999999,0.22419699999999998,-0.972123,0.012,0.23399999999999999,546.8,550.5,560.8,571.8,576.9,574.0,562.9,551.9,532.5,538.2,547.7,559.3,571.2,580.6,587.5,581.2,571.6,560.6,549.3,539.5,557.5,562.3,566.8,568.4,566.2,561.4,556.9,555.3,689.7,692.6,703.0,714.8,721.2,718.3,707.9,695.4,680.2,685.8,694.3,706.1,718.4,728.2,735.8,729.5,720.6,710.2,698.6,688.0,701.1,706.6,711.4,712.8,709.8,704.3,699.5,698.2,362.4,351.5,346.4,350.1,360.5,372.0,376.5,372.8,365.2,359.1,354.9,352.4,353.7,358.1,364.8,368.2,370.1,371.5,371.5,369.4,366.1,367.7,365.5,360.7,356.2,354.6,356.8,361.6,351.3,339.3,332.9,335.8,346.4,358.4,364.7,362.8,356.1,348.7,343.3,340.4,341.4,344.3,349.9,355.0,358.2,360.2,360.4,359.8,355.2,356.6,353.7,348.1,343.2,341.9,344.8,350.4,-36.6,-35.2,-31.1,-26.8,-24.8,-25.9,-30.3,-34.6,-42.4,-40.1,-36.2,-31.7,-27.0,-23.3,-20.7,-23.1,-26.9,-31.2,-35.7,-39.6,-32.4,-30.6,-28.8,-28.1,-29.0,-30.9,-32.7,-33.3,18.9,20.0,23.9,28.5,30.9,29.7,25.8,21.0,15.3,17.4,20.6,25.1,29.8,33.6,36.5,34.0,30.6,26.6,22.2,18.2,23.2,25.3,27.1,27.7,26.6,24.5,22.6,22.1,1.0,-3.3,-5.3,-3.9,0.2,4.7,6.5,5.0,2.1,-0.4,-2.0,-3.0,-2.5,-0.8,1.9,3.2,4.0,4.5,4.5,3.7,2.4,3.0,2.2,0.3,-1.5,-2.1,-1.3,0.6,-3.3,-7.9,-10.3,-9.2,-5.2,-0.6,1.8,1.1,-1.5,-4.3,-6.3,-7.4,-7.1,-6.0,-3.8,-1.9,-0.7,0.1,0.2,-0.1,-1.8,-1.3,-2.4,-4.5,-6.4,-6.9,-5.8,-3.7,1178.7,1178.0,1177.7,1178.0,1178.7,1179.8,1179.8,1179.5,1183.9,1181.0,1178.2,1176.9,1177.8,1179.6,1181.9,1180.5,1179.1,1178.6,1179.5,1181.7,1179.9,1180.0,1179.9,1179.5,1179.2,1179.1,1179.2,1179.5,1139.5,1140.2,1140.6,1140.4,1139.8,1139.1,1138.7,1139.1,1141.0,1139.7,1138.6,1138.2,1139.2,1141.1,1143.3,1140.8,1138.5,1137.2,1137.5,1139.2,1140.1,1140.0,1140.2,1140.5,1140.8,1140.9,1140.7,1140.4,0.3,37.3,1275.9,0.132,0.026000000000000002,-0.07400000000000001,461.5,467.1,477.5,490.7,511.6,542.5,576.4,615.4,655.8,693.8,728.3,758.7,782.6,796.9,803.5,806.9,806.7,491.2,513.5,543.0,573.7,602.7,658.2,688.0,717.3,747.7,771.6,634.4,636.6,638.8,641.2,609.7,626.2,642.6,659.2,674.4,530.1,548.6,570.9,589.8,571.0,548.7,678.0,695.2,717.4,736.3,720.4,698.8,583.7,605.1,628.5,644.5,661.2,685.8,708.2,688.8,666.5,648.2,630.5,606.4,594.8,629.4,645.6,662.7,697.5,663.1,645.8,629.3,359.6,406.6,453.8,499.3,542.2,578.9,608.2,628.9,632.0,621.7,595.8,562.9,524.8,481.0,433.9,386.3,338.6,335.2,316.0,309.6,311.9,319.7,314.3,301.6,295.6,297.3,311.7,352.6,377.8,403.0,429.7,458.8,462.1,464.8,459.8,454.3,365.9,354.7,353.2,364.3,370.9,372.4,356.6,342.5,341.3,349.3,358.4,360.3,528.5,509.3,498.3,501.7,496.7,504.4,518.8,543.6,554.1,556.9,556.5,549.0,528.0,516.9,517.0,514.6,520.3,528.1,530.8,530.4,-79.0,-76.7,-72.2,-66.4,-56.9,-43.0,-27.8,-10.7,6.8,23.4,38.6,52.2,62.8,69.1,71.8,73.2,73.1,-64.0,-54.0,-41.2,-28.1,-15.8,7.7,20.3,32.8,45.9,56.4,-2.3,-1.4,-0.5,0.5,-12.8,-5.8,1.1,8.1,14.5,-47.1,-39.0,-29.4,-21.4,-29.4,-39.0,16.2,23.5,33.0,41.1,34.3,25.0,-24.2,-14.8,-4.8,1.9,8.9,19.4,29.2,20.7,11.2,3.5,-4.0,-14.3,-19.3,-4.5,2.4,9.6,24.6,9.8,2.5,-4.5,-0.2,20.6,41.7,61.9,80.7,96.5,108.7,116.6,117.7,113.6,103.1,89.2,72.6,53.2,32.5,11.5,-9.4,-10.6,-18.8,-21.4,-20.4,-17.0,-19.3,-24.7,-27.4,-26.7,-20.7,-3.1,7.5,18.0,29.1,41.8,43.1,44.2,42.1,39.8,2.5,-2.3,-2.9,1.8,4.6,5.3,-1.4,-7.4,-8.0,-4.6,-0.7,0.1,72.3,63.4,58.4,59.8,57.7,61.2,68.0,78.1,82.2,83.4,83.4,80.5,72.0,66.4,66.4,65.4,68.5,71.2,72.3,72.2,1327.1,1329.7,1333.0,1333.8,1329.0,1322.4,1313.1,1301.6,1298.1,1301.9,1311.7,1319.1,1321.4,1320.6,1318.0,1315.7,1315.0,1289.0,1281.9,1275.6,1270.6,1267.2,1266.6,1270.4,1274.7,1279.5,1284.7,1266.2,1262.0,1257.4,1253.1,1269.1,1266.6,1264.7,1265.9,1267.3,1284.8,1280.4,1279.1,1278.4,1278.7,1280.4,1278.1,1276.9,1278.0,1281.3,1278.2,1277.2,1287.7,1273.5,1267.3,1266.2,1266.3,1272.4,1284.0,1275.8,1271.1,1270.9,1272.4,1278.2,1285.0,1270.7,1269.3,1269.5,1282.1,1270.1,1269.8,1271.2,2.335,0.166,0.032,-0.075,640.8380000000001,447.413,-23.298000000000002,6.664,-9.933,0.48100000000000004,-4.631,-8.816,6.805,-3.267,5.345,-7.23,-6.311,3.002,-3.282,1.186,-3.082,4.36,0.8340000000000001,-1.318,-0.052000000000000005,-4.7989999999999995,-0.85,-3.9539999999999997,0.941,-0.034,-1.9040000000000001,0.912,1.074,0.187,0.616,-0.303,0.693,-0.7659999999999999,0.04,0.098,0.0,0.04,0.0,0.21,0.0,0.0,0.0,0.0,0.0,0.0,0.47,0.0,0.51,0.0,1.0,1.02,0.0,0.0,0.0,0.0,1.0,0.0,0.0,0.0,0.0,0.0,0.0,0.0,0.0,1.0,0.0,1.0,1.0,0.0,0.0
14,0.434,0.98,0.093079,0.23985700000000001,-0.9663360000000001,-0.070921,0.22567399999999999,-0.971618,0.011000000000000001,0.23600000000000002,547.3,551.0,561.4,572.3,577.5,574.5,563.4,552.5,532.9,538.8,548.4,560.0,571.8,581.1,587.8,581.7,572.1,561.0,549.7,539.8,558.1,562.8,567.2,568.8,566.6,561.9,557.5,555.9,690.2,693.1,703.6,715.5,721.8,718.9,708.4,695.9,680.9,686.3,694.7,706.5,719.0,729.1,737.0,730.3,721.2,710.6,699.0,688.6,701.8,707.2,712.0,713.4,710.5,705.0,700.2,698.9,362.6,351.6,346.5,350.2,360.6,372.2,376.7,373.0,365.7,359.4,355.2,352.7,354.0,358.4,365.0,368.3,370.1,371.4,371.5,369.6,366.3,367.9,365.7,361.0,356.5,354.9,357.1,361.9,351.5,339.4,332.9,335.9,346.6,358.7,365.2,363.2,356.4,349.1,343.8,341.0,341.8,344.5,350.0,355.1,358.3,360.4,360.7,360.0,355.4,356.8,353.9,348.3,343.4,342.1,345.0,350.6,-36.6,-35.1,-31.0,-26.7,-24.7,-25.9,-30.3,-34.6,-42.5,-40.0,-36.2,-31.5,-26.9,-23.3,-20.6,-23.0,-26.8,-31.2,-35.7,-39.7,-32.4,-30.5,-28.8,-28.1,-29.0,-30.8,-32.6,-33.2,19.0,20.1,24.1,28.6,31.0,29.8,25.9,21.1,15.5,17.5,20.7,25.1,29.9,33.7,36.8,34.2,30.7,26.7,22.3,18.4,23.4,25.4,27.3,27.8,26.7,24.6,22.8,22.3,1.0,-3.3,-5.3,-3.9,0.2,4.8,6.6,5.1,2.3,-0.2,-1.9,-2.9,-2.4,-0.6,2.0,3.3,4.0,4.5,4.5,3.8,2.5,3.1,2.3,0.4,-1.4,-2.0,-1.1,0.7,-3.2,-7.8,-10.2,-9.1,-5.1,-0.5,2.0,1.2,-1.3,-4.1,-6.1,-7.2,-6.9,-5.9,-3.8,-1.9,-0.6,0.1,0.3,0.0,-1.7,-1.2,-2.3,-4.4,-6.3,-6.8,-5.7,-3.6,1184.2,1183.7,1183.6,1183.9,1184.4,1185.2,1185.0,1184.7,1189.2,1186.6,1183.9,1182.8,1183.7,1185.4,1187.6,1186.1,1184.5,1183.9,1184.8,1187.0,1185.3,1185.4,1185.3,1185.2,1184.9,1184.8,1184.9,1185.1,1135.4,1136.0,1136.1,1135.7,1135.1,1134.5,1134.4,1135.0,1137.0,1135.6,1134.3,1133.6,1134.4,1136.1,1138.3,1135.9,1133.9,1132.8,1133.2,1135.1,1135.8,1135.7,1135.7,1136.0,1136.3,1136.5,1136.4,1136.1,0.5,37.4,1275.8,0.136,0.025,-0.07200000000000001,462.1,467.6,477.8,490.9,511.6,542.3,576.3,615.4,656.0,694.1,728.6,758.9,782.9,797.2,803.8,807.3,807.2,491.9,514.4,543.9,574.6,603.5,658.8,688.8,718.2,748.6,772.5,634.9,637.1,639.3,641.7,610.2,626.7,643.0,659.6,674.7,530.6,549.1,571.4,590.3,571.5,549.2,678.6,695.9,718.0,737.0,721.0,699.5,584.1,605.6,628.9,645.0,661.6,686.2,708.4,689.2,667.0,648.7,631.0,606.9,595.3,629.8,646.0,663.1,697.8,663.6,646.2,629.7,359.7,406.5,453.5,498.8,541.6,578.4,608.0,628.9,632.1,621.8,595.9,563.0,524.8,480.9,433.9,386.3,338.5,335.2,316.2,310.0,312.3,320.1,314.6,301.9,295.9,297.8,312.2,353.0,378.3,403.6,430.3,459.1,462.4,465.2,460.1,454.7,366.1,355.0,353.4,364.5,371.0,372.6,356.9,342.9,341.7,349.6,358.7,360.5,528.6,509.5,498.5,502.0,497.0,504.6,518.9,543.7,554.2,557.0,556.6,549.1,528.1,517.1,517.2,514.8,520.4,528.2,530.9,530.5,-78.7,-76.4,-72.1,-66.3,-56.9,-43.1,-27.9,-10.7,6.9,23.5,38.7,52.3,62.9,69.2,72.0,73.4,73.3,-63.6,-53.7,-40.8,-27.7,-15.4,7.9,20.7,33.2,46.3,56.7,-2.1,-1.2,-0.3,0.7,-12.6,-5.6,1.3,8.3,14.7,-46.9,-38.8,-29.2,-21.2,-29.2,-38.8,16.5,23.8,33.2,41.4,34.5,25.3,-24.0,-14.6,-4.7,2.1,9.1,19.6,29.3,20.9,11.4,3.7,-3.8,-14.1,-19.1,-4.3,2.5,9.8,24.7,10.0,2.6,-4.4,-0.1,20.6,41.5,61.7,80.5,96.3,108.6,116.7,117.8,113.7,103.2,89.3,72.6,53.2,32.5,11.5,-9.4,-10.7,-18.7,-21.3,-20.2,-16.8,-19.1,-24.6,-27.2,-26.5,-20.5,-2.9,7.7,18.3,29.4,41.9,43.2,44.3,42.3,40.0,2.6,-2.1,-2.8,1.9,4.7,5.4,-1.3,-7.3,-7.8,-4.5,-0.6,0.2,72.4,63.5,58.5,59.9,57.8,61.3,68.0,78.1,82.3,83.5,83.4,80.6,72.0,66.5,66.5,65.5,68.6,71.2,72.4,72.3,1326.7,1329.4,1332.7,1333.6,1329.0,1322.5,1313.2,1301.7,1298.3,1302.2,1312.1,1319.5,1321.8,1320.9,1318.3,1315.8,1314.9,1288.8,1281.6,1275.2,1270.3,1266.8,1266.0,1269.9,1274.3,1279.1,1284.6,1265.9,1261.8,1257.3,1253.0,1269.0,1266.6,1264.7,1265.9,1267.3,1284.7,1280.4,1279.0,1278.3,1278.6,1280.4,1277.9,1276.7,1277.8,1281.1,1278.1,1277.0,1287.7,1273.4,1267.2,1266.2,1266.3,1272.3,1283.9,1275.8,1271.2,1271.0,1272.5,1278.2,1284.9,1270.7,1269.3,1269.5,1282.0,1270.1,1269.8,1271.2,2.335,0.17,0.031,-0.073,641.298,447.582,-22.802,6.1339999999999995,-10.036,0.525,-4.772,-8.796,6.688,-3.341,5.218999999999999,-7.4,-6.069,2.3409999999999997,-3.384,1.047,-2.842,4.364,0.747,-1.288,-0.005,-4.832,-0.715,-3.7569999999999997,0.972,-0.08800000000000001,-2.0669999999999997,0.747,1.167,0.196,0.557,-0.312,0.765,-0.745,0.107,0.134,0.0,0.01,0.0,0.19,0.0,0.0,0.0,0.0,0.0,0.0,0.42,0.0,0.48,0.0,1.01,1.04,0.0,0.0,0.0,0.0,1.0,0.0,0.0,0.0,0.0,0.0,0.0,0.0,0.0,1.0,0.0,1.0,1.0,0.0,0.0
15,0.467,0.98,0.09652999999999999,0.24059,-0.965815,-0.07094299999999999,0.235929,-0.9691770000000001,0.013000000000000001,0.24100000000000002,547.6,551.3,561.7,572.7,577.9,574.9,563.7,552.7,533.0,539.2,548.9,560.4,572.0,581.3,588.0,582.0,572.4,561.2,549.9,539.9,558.3,563.0,567.5,569.1,566.9,562.2,557.8,556.2,690.8,693.7,704.1,715.8,722.0,719.1,708.8,696.4,681.5,686.9,695.4,707.1,719.4,729.3,737.0,730.5,721.5,711.0,699.5,689.1,702.2,707.5,712.3,713.6,710.8,705.4,700.7,699.3,362.6,351.5,346.3,350.1,360.6,372.4,376.8,373.1,365.6,359.4,355.0,352.6,354.1,358.4,364.9,368.4,370.1,371.3,371.4,369.6,366.5,368.1,365.9,361.1,356.6,355.0,357.2,362.0,351.8,339.9,333.5,336.5,347.0,359.0,365.3,363.3,356.5,349.2,343.8,340.9,341.8,344.7,350.2,355.3,358.5,360.5,360.8,360.1,355.6,357.0,354.1,348.7,343.9,342.5,345.4,350.8,-36.5,-35.1,-30.9,-26.6,-24.6,-25.8,-30.2,-34.5,-42.5,-40.0,-36.0,-31.4,-26.9,-23.2,-20.6,-23.0,-26.7,-31.1,-35.6,-39.7,-32.3,-30.5,-28.7,-28.1,-28.9,-30.8,-32.5,-33.2,19.5,20.6,24.5,29.0,31.4,30.3,26.3,21.6,15.9,18.0,21.2,25.6,30.4,34.2,37.2,34.7,31.2,27.1,22.7,18.8,23.8,25.9,27.7,28.2,27.1,25.1,23.2,22.7,1.0,-3.4,-5.4,-3.9,0.2,4.9,6.7,5.2,2.2,-0.3,-2.0,-2.9,-2.3,-0.6,1.9,3.3,4.0,4.5,4.5,3.8,2.6,3.2,2.3,0.4,-1.3,-2.0,-1.1,0.8,-3.2,-7.7,-10.1,-9.0,-5.0,-0.4,2.0,1.3,-1.3,-4.2,-6.2,-7.3,-7.0,-5.9,-3.8,-1.8,-0.6,0.2,0.3,0.0,-1.7,-1.1,-2.2,-4.3,-6.2,-6.7,-5.6,-3.5,1186.3,1186.2,1186.3,1186.6,1186.8,1187.3,1186.9,1186.6,1191.1,1188.7,1186.3,1185.4,1186.3,1188.0,1190.0,1188.4,1186.6,1185.9,1186.7,1188.8,1187.4,1187.5,1187.6,1187.5,1187.4,1187.3,1187.3,1187.3,1148.3,1148.8,1149.1,1148.8,1148.3,1147.7,1147.5,1148.0,1150.0,1148.6,1147.4,1146.8,1147.7,1149.6,1151.8,1149.4,1147.2,1146.0,1146.4,1148.2,1148.9,1148.8,1148.9,1149.1,1149.4,1149.5,1149.4,1149.1,0.6,37.4,1277.8,0.13699999999999998,0.026000000000000002,-0.073,462.2,467.8,478.1,491.2,511.8,542.6,576.7,615.8,656.4,694.5,729.0,759.2,783.1,797.3,803.8,807.4,807.3,491.9,514.3,543.9,574.8,603.9,659.2,689.2,718.5,748.8,772.7,635.4,637.6,639.8,642.2,610.6,627.1,643.4,660.0,675.0,530.9,549.3,571.7,590.5,571.7,549.4,679.1,696.3,718.5,737.3,721.4,699.9,584.3,605.8,629.1,645.2,662.0,686.5,708.5,689.4,667.3,648.9,631.1,607.1,595.6,630.0,646.3,663.5,697.9,663.9,646.5,629.9,359.8,406.6,453.6,498.9,541.8,578.6,608.1,628.9,632.1,621.6,595.5,562.4,524.3,480.5,433.7,386.4,338.9,335.5,316.3,310.0,312.2,320.1,314.7,302.0,296.1,297.8,312.1,353.1,378.4,403.8,430.5,459.2,462.5,465.3,460.3,454.8,366.0,355.0,353.4,364.4,371.0,372.5,356.9,343.0,341.7,349.7,358.8,360.6,528.6,509.4,498.5,502.0,496.9,504.6,519.1,543.8,554.3,557.2,556.8,549.3,528.1,517.1,517.2,514.9,520.6,528.3,531.0,530.6,-78.8,-76.4,-72.0,-66.3,-56.9,-43.0,-27.8,-10.5,7.1,23.7,39.0,52.5,63.1,69.3,72.1,73.5,73.4,-63.7,-53.8,-40.9,-27.7,-15.2,8.1,20.9,33.4,46.5,56.9,-1.9,-1.0,-0.1,0.9,-12.5,-5.5,1.4,8.4,14.8,-46.8,-38.7,-29.2,-21.1,-29.2,-38.7,16.7,24.0,33.5,41.6,34.7,25.5,-23.9,-14.6,-4.6,2.2,9.3,19.7,29.4,21.1,11.6,3.8,-3.8,-14.1,-19.1,-4.2,2.7,10.0,24.8,10.1,2.7,-4.3,-0.1,20.7,41.7,61.8,80.6,96.5,108.7,116.8,117.9,113.7,103.1,89.1,72.5,53.1,32.4,11.6,-9.2,-10.5,-18.7,-21.3,-20.3,-16.9,-19.1,-24.6,-27.2,-26.5,-20.5,-2.9,7.8,18.4,29.5,42.0,43.4,44.5,42.4,40.1,2.6,-2.2,-2.8,1.9,4.7,5.3,-1.3,-7.3,-7.8,-4.4,-0.5,0.2,72.5,63.5,58.6,60.0,57.9,61.4,68.2,78.3,82.5,83.7,83.6,80.8,72.1,66.7,66.6,65.6,68.7,71.4,72.5,72.4,1328.4,1331.2,1334.7,1335.6,1330.8,1324.2,1314.9,1303.5,1300.1,1304.1,1313.8,1321.1,1323.3,1322.3,1319.6,1317.1,1316.1,1290.7,1283.5,1277.1,1272.1,1268.7,1268.2,1271.9,1276.1,1280.9,1286.2,1267.9,1263.8,1259.4,1255.3,1271.1,1268.7,1266.9,1268.0,1269.3,1286.4,1282.1,1280.8,1280.0,1280.4,1282.1,1279.8,1278.5,1279.7,1282.9,1279.9,1278.9,1289.4,1275.4,1269.3,1268.3,1268.4,1274.3,1285.7,1277.9,1273.5,1273.2,1274.7,1280.2,1286.8,1272.8,1271.4,1271.7,1283.8,1272.3,1272.0,1273.4,2.332,0.171,0.032,-0.07400000000000001,641.572,447.61199999999997,-24.342,6.71,-10.520999999999999,-0.126,-4.5280000000000005,-8.966000000000001,6.525,-3.44,5.591,-7.289,-6.06,2.217,-3.0260000000000002,1.59,-2.786,4.158,0.541,-1.183,0.027000000000000003,-4.6419999999999995,-0.723,-3.904,0.958,-0.067,-2.085,0.835,1.06,0.312,0.584,-0.349,0.728,-0.7659999999999999,0.115,0.138,0.0,0.06,0.01,0.16,0.0,0.0,0.0,0.0,0.0,0.0,0.4,0.0,0.4,0.0,1.02,1.01,0.0,0.0,0.0,0.0,1.0,0.0,0.0,0.0,0.0,0.0,0.0,0.0,0.0,1.0,0.0,1.0,1.0,0.0,0.0
16,0.501,0.98,0.094938,0.23858800000000002,-0.966469,-0.073259,0.23046399999999997,-0.970319,0.011000000000000001,0.23800000000000002,548.0,551.8,562.3,573.2,578.3,575.3,564.1,553.1,533.4,539.5,549.2,560.9,572.6,582.0,588.6,582.5,572.9,561.8,550.4,540.5,558.8,563.5,568.0,569.6,567.4,562.7,558.3,556.6,691.1,694.0,704.4,716.2,722.5,719.6,709.2,696.7,681.8,687.2,695.6,707.4,719.9,730.0,737.9,731.2,722.0,711.4,699.8,689.4,702.6,708.0,712.7,714.0,711.2,705.8,701.1,699.8,362.5,351.5,346.4,350.2,360.7,372.3,376.8,373.0,365.4,359.3,355.1,352.7,354.0,358.4,365.0,368.5,370.4,371.8,371.7,369.6,366.3,367.9,365.7,361.0,356.5,354.9,357.1,361.8,351.8,339.8,333.4,336.3,346.9,359.0,365.4,363.4,356.5,349.2,343.9,341.0,341.9,344.7,350.2,355.3,358.6,360.6,360.9,360.2,355.6,357.0,354.1,348.6,343.8,342.5,345.4,350.8,-36.1,-34.6,-30.5,-26.2,-24.2,-25.5,-29.9,-34.2,-42.0,-39.6,-35.7,-31.1,-26.5,-22.8,-20.2,-22.6,-26.4,-30.7,-35.2,-39.2,-31.9,-30.1,-28.3,-27.7,-28.5,-30.4,-32.1,-32.8,19.4,20.5,24.5,28.9,31.3,30.2,26.2,21.5,15.9,17.9,21.1,25.6,30.3,34.2,37.3,34.6,31.1,27.1,22.7,18.8,23.8,25.8,27.6,28.1,27.0,25.0,23.2,22.7,1.0,-3.3,-5.3,-3.8,0.3,4.8,6.6,5.1,2.1,-0.3,-1.9,-2.9,-2.3,-0.6,2.0,3.3,4.1,4.6,4.6,3.8,2.5,3.1,2.2,0.4,-1.4,-2.0,-1.2,0.7,-3.1,-7.7,-10.1,-9.0,-5.0,-0.4,2.0,1.3,-1.3,-4.1,-6.1,-7.2,-6.9,-5.8,-3.7,-1.8,-0.5,0.2,0.3,0.1,-1.7,-1.1,-2.3,-4.3,-6.2,-6.7,-5.6,-3.5,1178.7,1178.2,1178.0,1178.4,1179.0,1179.9,1179.7,1179.3,1183.6,1180.9,1178.3,1177.2,1178.2,1180.0,1182.2,1180.7,1179.1,1178.5,1179.3,1181.4,1179.9,1180.0,1180.0,1179.7,1179.5,1179.3,1179.4,1179.6,1139.1,1139.6,1139.7,1139.3,1138.8,1138.3,1138.2,1138.8,1140.9,1139.3,1138.0,1137.3,1138.1,1140.0,1142.2,1139.8,1137.7,1136.6,1137.1,1139.0,1139.6,1139.4,1139.5,1139.7,1140.0,1140.1,1140.1,1139.9,0.8,37.4,1276.4,0.136,0.025,-0.07200000000000001,462.5,468.0,478.3,491.6,512.6,543.5,577.4,616.1,656.5,694.5,729.0,759.3,783.2,797.5,804.1,807.7,807.5,492.6,515.3,544.9,575.4,604.2,659.9,689.7,718.9,749.2,773.0,635.9,638.0,640.1,642.5,610.9,627.4,643.7,660.3,675.4,531.3,549.8,572.2,591.1,572.2,549.8,679.5,696.7,719.0,737.8,721.9,700.3,584.7,606.1,629.5,645.6,662.4,686.9,709.0,689.8,667.7,649.2,631.4,607.4,595.9,630.4,646.6,663.9,698.3,664.3,646.8,630.2,359.7,406.7,454.0,499.6,542.4,579.1,608.5,629.2,632.3,622.1,596.0,563.0,524.7,480.8,433.7,386.1,338.4,335.0,316.1,310.0,312.3,320.0,314.6,302.1,296.2,298.1,312.5,352.9,378.2,403.6,430.3,459.2,462.5,465.3,460.3,454.9,366.0,354.9,353.4,364.5,371.1,372.6,357.0,343.0,341.8,349.8,358.9,360.7,528.7,509.5,498.4,502.0,496.9,504.6,519.1,544.1,554.7,557.6,557.1,549.4,528.2,517.1,517.2,514.8,520.6,528.6,531.3,530.9,-78.5,-76.2,-71.9,-66.0,-56.5,-42.5,-27.4,-10.4,7.1,23.7,38.9,52.5,63.1,69.4,72.1,73.6,73.4,-63.3,-53.3,-40.5,-27.4,-15.1,8.4,21.1,33.6,46.6,56.9,-1.7,-0.8,0.1,1.0,-12.3,-5.3,1.6,8.6,15.0,-46.6,-38.5,-28.9,-20.9,-28.9,-38.5,16.8,24.2,33.6,41.8,34.9,25.7,-23.8,-14.4,-4.4,2.4,9.5,19.9,29.5,21.2,11.7,3.9,-3.7,-13.9,-18.9,-4.1,2.8,10.1,24.9,10.3,2.9,-4.2,-0.1,20.7,41.8,62.1,80.8,96.6,108.8,116.9,117.9,113.8,103.3,89.3,72.6,53.2,32.4,11.5,-9.5,-10.8,-18.8,-21.3,-20.2,-16.9,-19.2,-24.5,-27.1,-26.4,-20.4,-3.0,7.7,18.3,29.4,42.0,43.3,44.4,42.3,40.1,2.6,-2.2,-2.8,1.9,4.7,5.4,-1.3,-7.2,-7.8,-4.4,-0.5,0.3,72.4,63.5,58.5,59.9,57.8,61.4,68.1,78.3,82.6,83.8,83.6,80.7,72.1,66.6,66.6,65.6,68.7,71.4,72.6,72.4,1327.3,1329.9,1333.4,1334.2,1329.4,1322.9,1313.5,1302.2,1299.0,1303.0,1312.8,1320.0,1322.2,1321.2,1318.5,1316.1,1315.3,1289.1,1282.0,1275.8,1270.9,1267.5,1266.9,1270.7,1275.0,1279.7,1284.9,1266.6,1262.5,1257.9,1253.7,1269.5,1267.1,1265.3,1266.5,1267.9,1285.1,1280.8,1279.5,1278.8,1279.1,1280.8,1278.5,1277.3,1278.4,1281.7,1278.7,1277.7,1288.2,1274.0,1267.9,1266.8,1266.9,1273.0,1284.5,1276.5,1271.9,1271.7,1273.1,1278.8,1285.5,1271.3,1270.0,1270.2,1282.6,1270.8,1270.4,1271.9,2.334,0.17,0.03,-0.073,641.976,447.72,-23.753,6.841,-10.014,0.49,-4.691,-8.927,6.711,-3.625,4.996,-7.739,-5.864,2.428,-3.028,1.094,-3.2089999999999996,4.086,0.8909999999999999,-1.337,0.10400000000000001,-5.037,-0.708,-3.675,0.8540000000000001,0.026000000000000002,-1.89,0.805,1.274,0.129,0.574,-0.257,0.685,-0.7070000000000001,0.099,0.10800000000000001,0.0,0.05,0.04,0.12,0.0,0.0,0.0,0.0,0.0,0.0,0.44,0.0,0.39,0.0,0.99,1.06,0.0,0.0,0.0,0.0,1.0,0.0,0.0,0.0,0.0,0.0,0.0,0.0,0.0,1.0,0.0,1.0,1.0,0.0,0.0
17,0.534,0.98,0.091978,0.241213,-0.9661040000000001,-0.074646,0.23348899999999997,-0.96949,0.009000000000000001,0.24100000000000002,548.3,552.1,562.5,573.5,578.6,575.6,564.4,553.4,534.0,539.8,549.5,561.3,573.2,582.5,589.0,582.8,573.2,562.0,550.8,540.9,559.1,563.9,568.3,569.9,567.8,563.0,558.6,557.0,691.5,694.3,704.6,716.4,722.7,719.9,709.6,697.1,682.0,687.7,696.2,707.8,720.1,730.1,738.1,731.5,722.5,711.9,700.4,689.8,702.8,708.3,713.1,714.5,711.5,706.0,701.2,699.9,362.7,351.8,346.7,350.4,360.8,372.4,376.9,373.1,365.3,359.3,355.3,352.9,354.1,358.5,365.2,368.6,370.5,371.8,371.7,369.5,366.3,368.0,365.8,361.1,356.6,355.0,357.2,361.9,352.1,340.3,334.0,336.9,347.2,359.0,365.3,363.6,356.8,349.5,344.1,341.0,341.9,344.9,350.5,355.6,358.7,360.6,360.9,360.5,356.2,357.5,354.6,349.1,344.2,342.9,345.9,351.4,-36.0,-34.5,-30.4,-26.1,-24.1,-25.3,-29.7,-34.0,-41.8,-39.4,-35.5,-30.9,-26.2,-22.6,-20.1,-22.5,-26.3,-30.6,-35.1,-39.0,-31.8,-29.9,-28.2,-27.5,-28.4,-30.2,-32.0,-32.6,19.5,20.6,24.6,29.0,31.4,30.3,26.4,21.7,15.9,18.1,21.3,25.7,30.4,34.2,37.3,34.7,31.2,27.2,22.9,18.9,23.8,25.9,27.8,28.3,27.2,25.1,23.2,22.7,1.1,-3.2,-5.2,-3.8,0.3,4.9,6.6,5.2,2.1,-0.3,-1.9,-2.8,-2.3,-0.6,2.0,3.4,4.1,4.7,4.6,3.7,2.5,3.1,2.3,0.4,-1.3,-2.0,-1.1,0.7,-3.0,-7.5,-9.9,-8.8,-4.9,-0.4,2.0,1.4,-1.2,-4.0,-6.0,-7.2,-6.9,-5.7,-3.6,-1.7,-0.5,0.2,0.4,0.2,-1.4,-0.9,-2.1,-4.1,-6.0,-6.5,-5.4,-3.3,1178.5,1177.8,1177.5,1177.9,1178.6,1179.7,1179.6,1179.3,1183.5,1180.7,1177.9,1176.8,1177.7,1179.5,1181.8,1180.4,1178.9,1178.3,1179.3,1181.3,1179.7,1179.9,1179.7,1179.4,1179.1,1179.0,1179.1,1179.4,1138.1,1139.0,1139.4,1139.1,1138.2,1137.2,1136.8,1137.4,1139.6,1138.3,1137.2,1136.8,1137.7,1139.6,1141.8,1139.0,1136.6,1135.4,1135.7,1137.6,1138.5,1138.3,1138.5,1138.9,1139.4,1139.6,1139.4,1138.9,0.9,37.5,1277.1,0.133,0.025,-0.071,462.8,468.3,478.7,492.0,513.1,544.1,577.9,616.4,656.5,694.3,728.8,759.1,783.1,797.5,804.1,807.7,807.6,492.8,515.4,545.1,575.9,604.9,660.1,689.9,719.2,749.6,773.5,636.3,638.4,640.5,642.8,611.1,627.6,643.9,660.6,675.7,531.6,550.2,572.6,591.5,572.6,550.2,679.8,697.1,719.3,738.2,722.3,700.6,584.8,606.3,629.7,645.8,662.6,687.1,709.2,689.9,667.7,649.3,631.4,607.5,596.0,630.5,646.8,664.1,698.5,664.4,646.9,630.3,359.4,406.5,454.1,499.8,542.8,579.6,609.0,629.6,632.6,622.4,596.5,563.5,525.4,481.5,434.5,386.9,339.1,335.4,316.2,310.0,312.4,320.5,315.1,302.3,296.3,298.2,312.7,353.1,378.5,403.8,430.6,459.4,462.7,465.5,460.5,455.1,366.1,355.0,353.5,364.7,371.2,372.6,357.2,343.1,341.9,349.9,359.1,360.9,528.8,509.7,498.7,502.2,497.1,504.9,519.4,544.0,554.4,557.3,556.8,549.3,528.4,517.4,517.5,515.1,520.9,528.3,531.1,530.7,-78.4,-76.2,-71.7,-65.9,-56.3,-42.3,-27.2,-10.2,7.1,23.6,38.9,52.4,63.1,69.4,72.2,73.6,73.5,-63.3,-53.3,-40.4,-27.2,-14.8,8.5,21.2,33.7,46.8,57.2,-1.6,-0.7,0.2,1.2,-12.2,-5.2,1.7,8.7,15.1,-46.5,-38.4,-28.7,-20.7,-28.8,-38.4,17.0,24.3,33.8,42.0,35.1,25.8,-23.7,-14.3,-4.4,2.5,9.6,20.0,29.6,21.2,11.8,3.9,-3.6,-13.9,-18.9,-4.0,2.9,10.2,25.0,10.4,2.9,-4.1,-0.3,20.6,41.8,62.2,81.1,96.9,109.1,117.1,118.1,114.0,103.5,89.6,72.9,53.6,32.8,11.8,-9.2,-10.6,-18.7,-21.3,-20.2,-16.7,-19.0,-24.4,-27.1,-26.4,-20.3,-2.9,7.8,18.4,29.5,42.1,43.4,44.5,42.4,40.2,2.6,-2.1,-2.8,2.0,4.8,5.4,-1.2,-7.2,-7.7,-4.3,-0.4,0.4,72.5,63.6,58.6,60.1,57.9,61.5,68.3,78.3,82.5,83.7,83.6,80.7,72.2,66.7,66.7,65.7,68.8,71.3,72.5,72.4,1328.1,1330.8,1334.1,1335.0,1330.1,1323.4,1314.0,1302.7,1299.5,1303.4,1313.2,1320.6,1322.7,1321.8,1319.2,1316.9,1316.0,1290.0,1282.9,1276.6,1271.7,1268.4,1267.7,1271.5,1275.8,1280.6,1286.0,1267.4,1263.2,1258.7,1254.4,1270.3,1267.8,1266.0,1267.3,1268.7,1285.9,1281.6,1280.3,1279.5,1279.9,1281.6,1279.3,1278.1,1279.3,1282.6,1279.5,1278.5,1288.8,1274.6,1268.5,1267.5,1267.7,1273.7,1285.2,1277.1,1272.5,1272.2,1273.6,1279.3,1286.1,1272.0,1270.6,1270.9,1283.3,1271.4,1271.0,1272.4,2.333,0.16699999999999998,0.031,-0.07200000000000001,642.2080000000001,447.92,-23.712,7.075,-10.157,0.583,-4.551,-8.41,6.607,-3.5780000000000003,5.061,-7.986000000000001,-6.047000000000001,2.551,-3.3110000000000004,1.462,-3.217,4.275,0.648,-1.3130000000000002,0.188,-4.869,-0.795,-3.969,1.0,-0.065,-1.6580000000000001,0.836,1.329,0.145,0.594,-0.252,0.752,-0.701,0.11199999999999999,0.098,0.0,0.05,0.14,0.12,0.0,0.04,0.0,0.0,0.0,0.0,0.52,0.0,0.42,0.0,0.99,1.15,0.0,0.0,0.0,0.0,1.0,0.0,0.0,0.0,0.0,0.0,0.0,0.0,0.0,1.0,0.0,1.0,1.0,0.0,0.0
18,0.5670000000000001,0.98,0.091675,0.244852,-0.965217,-0.072867,0.23701799999999998,-0.9687690000000001,0.01,0.244,548.3,552.1,562.7,573.7,578.7,575.6,564.4,553.3,534.0,540.1,549.8,561.4,573.0,582.3,588.9,582.8,573.3,562.2,550.9,541.0,559.0,563.8,568.4,570.1,567.9,563.1,558.5,556.8,691.7,694.6,704.9,716.6,722.8,719.9,709.6,697.3,682.3,687.9,696.3,708.0,720.3,730.3,738.2,731.6,722.5,711.9,700.4,689.9,703.0,708.4,713.2,714.5,711.7,706.3,701.5,700.1,362.8,351.7,346.6,350.5,361.0,372.7,377.2,373.3,365.3,359.4,355.4,353.0,354.3,358.5,365.0,368.6,370.5,371.8,371.6,369.5,366.7,368.3,366.1,361.3,356.7,355.0,357.2,362.1,352.2,340.4,334.1,337.0,347.5,359.3,365.6,363.7,356.8,349.6,344.3,341.3,342.2,345.0,350.5,355.6,358.9,360.8,361.1,360.5,356.2,357.5,354.6,349.2,344.3,342.9,345.9,351.3,-36.2,-34.6,-30.5,-26.2,-24.2,-25.4,-29.9,-34.2,-42.0,-39.5,-35.6,-31.0,-26.4,-22.8,-20.2,-22.6,-26.3,-30.7,-35.1,-39.1,-32.0,-30.1,-28.3,-27.6,-28.5,-30.4,-32.2,-32.8,19.7,20.8,24.8,29.2,31.6,30.5,26.5,21.8,16.2,18.3,21.5,25.9,30.6,34.5,37.6,35.0,31.4,27.4,23.0,19.0,24.0,26.1,27.9,28.4,27.4,25.3,23.5,23.0,1.1,-3.3,-5.3,-3.8,0.4,5.0,6.8,5.3,2.1,-0.2,-1.8,-2.7,-2.3,-0.6,2.0,3.4,4.1,4.7,4.6,3.7,2.6,3.3,2.4,0.5,-1.3,-2.0,-1.1,0.8,-3.0,-7.5,-9.9,-8.8,-4.8,-0.3,2.1,1.4,-1.2,-4.0,-6.0,-7.1,-6.8,-5.7,-3.6,-1.7,-0.4,0.3,0.4,0.2,-1.5,-0.9,-2.0,-4.1,-6.0,-6.5,-5.4,-3.3,1183.2,1182.7,1182.6,1182.9,1183.6,1184.4,1184.2,1183.8,1187.8,1185.3,1182.7,1181.8,1182.7,1184.5,1186.7,1185.2,1183.5,1182.9,1183.7,1185.7,1184.4,1184.6,1184.5,1184.3,1184.0,1183.9,1183.9,1184.1,1144.4,1145.0,1145.2,1144.9,1144.2,1143.6,1143.4,1143.9,1146.1,1144.6,1143.3,1142.8,1143.7,1145.6,1147.9,1145.3,1143.1,1141.9,1142.3,1144.1,1144.8,1144.7,1144.8,1145.1,1145.4,1145.6,1145.5,1145.2,1.0,37.6,1276.8,0.136,0.023,-0.071,462.7,468.1,478.5,491.7,512.8,543.9,577.7,616.4,656.6,694.6,729.1,759.4,783.2,797.5,804.2,807.7,807.6,493.1,515.8,545.5,576.2,605.1,660.5,690.1,719.1,749.3,773.0,636.6,638.7,640.8,643.2,611.4,627.9,644.2,660.8,675.9,531.8,550.3,572.7,591.5,572.6,550.3,680.1,697.3,719.4,738.2,722.3,700.8,585.0,606.5,629.8,646.1,663.0,687.4,709.2,690.1,668.1,649.5,631.5,607.6,596.2,630.6,647.0,664.5,698.6,664.8,647.1,630.4,359.2,406.4,453.8,499.6,542.7,579.6,609.1,629.7,632.8,622.5,596.4,563.3,525.3,481.6,434.8,387.4,339.9,335.3,316.3,310.2,312.7,320.7,315.4,302.7,296.6,298.3,312.5,353.3,378.7,404.2,431.0,459.7,463.0,465.8,460.8,455.4,366.1,355.1,353.6,364.7,371.2,372.6,357.3,343.4,342.2,350.1,359.1,360.9,529.0,509.9,498.9,502.4,497.3,505.1,519.6,544.1,554.6,557.6,557.1,549.5,528.6,517.6,517.8,515.3,521.2,528.5,531.3,530.9,-78.5,-76.2,-71.8,-66.0,-56.4,-42.4,-27.3,-10.3,7.2,23.7,39.0,52.5,63.1,69.4,72.2,73.6,73.5,-63.1,-53.1,-40.2,-27.0,-14.7,8.6,21.2,33.6,46.6,57.0,-1.5,-0.6,0.3,1.3,-12.1,-5.1,1.8,8.8,15.2,-46.4,-38.3,-28.7,-20.7,-28.7,-38.3,17.1,24.4,33.9,42.0,35.1,25.9,-23.6,-14.2,-4.3,2.6,9.7,20.1,29.7,21.3,11.9,4.0,-3.6,-13.8,-18.8,-4.0,3.0,10.4,25.1,10.5,3.0,-4.1,-0.3,20.6,41.7,62.1,81.0,96.9,109.1,117.1,118.1,114.0,103.5,89.5,72.9,53.6,32.9,12.0,-8.8,-10.6,-18.7,-21.2,-20.0,-16.6,-18.9,-24.3,-26.9,-26.3,-20.3,-2.8,7.9,18.5,29.7,42.2,43.5,44.6,42.6,40.3,2.6,-2.1,-2.7,2.0,4.8,5.4,-1.2,-7.1,-7.6,-4.2,-0.4,0.4,72.6,63.7,58.7,60.2,58.0,61.6,68.4,78.4,82.6,83.8,83.7,80.8,72.2,66.8,66.8,65.8,68.9,71.4,72.6,72.5,1327.5,1330.3,1333.9,1334.9,1330.0,1323.2,1313.7,1302.4,1299.2,1303.3,1313.1,1320.5,1322.7,1321.8,1319.0,1316.6,1315.7,1289.2,1282.2,1276.0,1271.2,1267.8,1267.4,1271.1,1275.3,1280.1,1285.3,1267.0,1262.8,1258.4,1254.1,1270.0,1267.6,1265.7,1266.9,1268.4,1285.2,1280.9,1279.7,1279.0,1279.3,1281.0,1279.0,1277.7,1278.8,1282.1,1279.1,1278.1,1288.3,1274.2,1268.2,1267.2,1267.4,1273.5,1284.9,1277.0,1272.4,1272.1,1273.4,1279.0,1285.6,1271.7,1270.4,1270.7,1282.9,1271.2,1270.8,1272.2,2.333,0.17,0.028999999999999998,-0.071,642.344,448.07800000000003,-23.734,7.419,-10.434000000000001,0.322,-4.9,-8.297,7.107,-3.125,5.045,-7.682,-5.737,2.55,-2.988,1.659,-3.162,4.06,0.431,-1.156,0.032,-5.013999999999999,-0.675,-3.8710000000000004,1.052,-0.09,-1.656,0.718,1.395,0.21100000000000002,0.5720000000000001,-0.27,0.754,-0.7190000000000001,0.11,0.133,0.0,0.0,0.19,0.05,0.0,0.04,0.0,0.0,0.0,0.0,0.57,0.0,0.49,0.0,0.95,1.25,0.0,0.0,0.0,0.0,1.0,0.0,0.0,0.0,0.0,0.0,0.0,0.0,0.0,1.0,0.0,1.0,1.0,0.0,0.0
19,0.601,0.98,0.0878,0.241569,-0.966403,-0.076499,0.234725,-0.9690469999999999,0.006,0.24100000000000002,548.1,551.8,562.3,573.4,578.6,575.6,564.3,553.2,534.2,540.0,549.6,561.2,573.0,582.3,588.9,582.7,573.2,562.1,550.8,541.0,558.9,563.7,568.2,569.9,567.6,562.9,558.3,556.7,691.4,694.2,704.5,716.3,722.6,719.8,709.5,697.1,681.9,687.7,696.2,707.9,720.1,730.1,737.9,731.4,722.5,712.1,700.5,689.8,702.7,708.2,713.0,714.3,711.3,705.9,701.1,699.8,362.8,351.8,346.6,350.4,360.9,372.6,377.1,373.3,365.6,359.5,355.5,353.0,354.2,358.5,365.3,368.6,370.6,371.9,371.8,369.6,366.5,368.2,366.0,361.2,356.7,355.0,357.2,362.0,352.3,340.4,334.1,336.9,347.3,359.2,365.5,363.8,357.0,349.7,344.2,341.2,342.1,345.1,350.6,355.7,358.9,360.8,361.1,360.7,356.3,357.6,354.7,349.2,344.3,343.0,346.0,351.5,-36.2,-34.7,-30.5,-26.2,-24.2,-25.4,-29.8,-34.2,-41.8,-39.4,-35.6,-31.0,-26.4,-22.7,-20.2,-22.6,-26.3,-30.7,-35.1,-39.1,-31.9,-30.1,-28.3,-27.6,-28.5,-30.4,-32.2,-32.8,19.5,20.6,24.5,29.0,31.4,30.3,26.4,21.7,15.9,18.1,21.3,25.7,30.4,34.2,37.3,34.7,31.3,27.3,22.9,18.9,23.8,25.9,27.7,28.2,27.1,25.0,23.2,22.7,1.1,-3.2,-5.3,-3.8,0.4,5.0,6.7,5.2,2.2,-0.2,-1.8,-2.7,-2.3,-0.6,2.1,3.4,4.2,4.7,4.6,3.8,2.6,3.2,2.3,0.5,-1.3,-2.0,-1.1,0.8,-2.9,-7.4,-9.9,-8.8,-4.8,-0.3,2.1,1.4,-1.2,-3.9,-6.0,-7.1,-6.8,-5.7,-3.6,-1.6,-0.4,0.3,0.4,0.3,-1.4,-0.9,-2.0,-4.1,-5.9,-6.5,-5.3,-3.2,1181.1,1180.4,1180.2,1180.5,1181.2,1182.1,1182.1,1181.8,1185.8,1183.2,1180.5,1179.4,1180.3,1182.1,1184.3,1182.9,1181.4,1180.8,1181.7,1183.8,1182.2,1182.4,1182.3,1182.0,1181.7,1181.6,1181.7,1181.9,1138.4,1139.2,1139.7,1139.4,1138.6,1137.7,1137.3,1137.7,1139.8,1138.5,1137.5,1137.1,1138.1,1140.0,1142.3,1139.5,1137.1,1135.8,1136.1,1137.9,1138.9,1138.7,1138.9,1139.4,1139.7,1139.9,1139.7,1139.2,0.9,37.6,1276.7,0.136,0.021,-0.071,462.3,467.9,478.4,491.7,512.8,543.7,577.3,615.7,655.9,694.0,728.6,759.1,783.1,797.4,804.1,807.6,807.5,492.6,515.3,545.2,576.1,605.2,660.0,689.9,719.2,749.7,773.5,636.5,638.6,640.8,643.2,611.3,627.8,644.2,660.9,676.1,531.6,550.3,572.7,591.5,572.6,550.2,679.8,697.1,719.3,738.2,722.2,700.6,584.9,606.5,629.9,646.1,663.0,687.3,709.3,690.1,668.0,649.4,631.5,607.6,596.1,630.7,647.0,664.4,698.6,664.7,647.1,630.4,359.0,406.4,454.0,499.8,542.8,579.4,608.6,629.3,632.6,622.6,596.6,563.4,525.0,480.9,433.8,386.1,338.3,335.6,316.4,310.2,312.6,320.6,315.3,302.6,296.5,298.3,312.8,353.3,378.7,404.1,430.9,459.5,462.9,465.8,460.7,455.3,366.2,355.2,353.7,364.8,371.3,372.7,357.3,343.4,342.2,350.1,359.2,361.0,529.1,509.9,498.9,502.5,497.4,505.2,519.7,544.2,554.7,557.5,557.0,549.4,528.6,517.6,517.8,515.4,521.2,528.5,531.3,530.8,-78.6,-76.3,-71.8,-65.9,-56.4,-42.5,-27.5,-10.6,6.9,23.4,38.8,52.4,63.1,69.4,72.1,73.6,73.5,-63.3,-53.3,-40.3,-27.1,-14.7,8.5,21.1,33.7,46.8,57.2,-1.5,-0.6,0.3,1.3,-12.2,-5.1,1.8,8.8,15.2,-46.4,-38.3,-28.7,-20.7,-28.7,-38.3,17.0,24.3,33.8,41.9,35.1,25.8,-23.7,-14.2,-4.3,2.6,9.7,20.1,29.7,21.3,11.9,4.0,-3.6,-13.8,-18.8,-4.0,3.0,10.3,25.1,10.5,3.0,-4.1,-0.5,20.6,41.8,62.2,81.0,96.7,108.9,116.9,118.0,114.1,103.6,89.5,72.8,53.3,32.4,11.5,-9.5,-10.5,-18.6,-21.2,-20.1,-16.6,-18.9,-24.3,-27.0,-26.3,-20.2,-2.8,7.9,18.5,29.6,42.1,43.5,44.6,42.5,40.3,2.6,-2.1,-2.7,2.0,4.8,5.4,-1.2,-7.1,-7.6,-4.2,-0.3,0.4,72.6,63.7,58.7,60.2,58.0,61.6,68.4,78.4,82.5,83.7,83.6,80.8,72.3,66.8,66.8,65.8,68.9,71.4,72.5,72.4,1327.2,1329.9,1333.4,1334.3,1329.5,1322.9,1313.7,1302.5,1299.3,1303.2,1313.1,1320.6,1322.7,1321.8,1319.1,1316.7,1315.9,1289.3,1282.2,1275.9,1271.0,1267.7,1267.3,1271.1,1275.4,1280.3,1285.7,1266.9,1262.8,1258.3,1254.1,1269.9,1267.4,1265.6,1266.9,1268.3,1285.1,1280.8,1279.6,1278.9,1279.2,1280.8,1278.9,1277.7,1278.8,1282.1,1279.1,1278.1,1288.3,1274.3,1268.2,1267.1,1267.3,1273.4,1284.9,1276.8,1272.1,1271.8,1273.3,1278.9,1285.6,1271.6,1270.3,1270.6,1283.0,1271.0,1270.6,1272.0,2.334,0.17,0.026000000000000002,-0.07200000000000001,642.231,447.99800000000005,-23.523000000000003,6.847,-10.344000000000001,0.569,-4.82,-8.456,6.4910000000000005,-3.985,5.131,-7.877999999999999,-6.159,2.687,-3.19,1.806,-3.3310000000000004,4.189,0.8959999999999999,-1.73,0.04,-5.053,-0.6579999999999999,-3.799,1.133,0.046,-1.632,0.9490000000000001,1.159,0.233,0.599,-0.262,0.746,-0.72,0.087,0.10099999999999999,0.0,0.04,0.21,0.11,0.0,0.04,0.0,0.0,0.0,0.0,0.58,0.0,0.54,0.0,0.97,1.26,0.01,0.0,0.0,0.0,1.0,0.0,0.0,0.0,0.0,0.0,0.0,0.0,0.0,1.0,0.0,1.0,1.0,0.0,0.0
20,0.634,0.98,0.096981,0.242594,-0.965268,-0.07840499999999999,0.234114,-0.969042,0.01,0.242,548.0,551.7,562.2,573.1,578.2,575.2,564.0,553.0,533.7,539.5,549.1,560.8,572.6,581.9,588.5,582.2,572.6,561.5,550.3,540.5,558.7,563.4,568.0,569.6,567.4,562.7,558.1,556.5,691.0,693.8,704.1,715.9,722.2,719.4,709.1,696.7,681.6,687.3,695.8,707.5,719.9,729.9,737.8,731.2,722.1,711.6,700.0,689.4,702.4,707.8,712.5,713.8,710.9,705.6,700.8,699.5,362.5,351.5,346.4,350.2,360.7,372.2,376.7,372.9,365.2,359.2,355.2,352.8,354.0,358.3,364.9,368.2,370.1,371.3,371.2,369.2,366.3,367.9,365.7,360.9,356.4,354.7,356.9,361.7,352.0,340.2,333.8,336.6,347.1,358.9,365.3,363.5,356.6,349.3,344.0,341.0,341.9,344.8,350.4,355.5,358.6,360.5,360.9,360.3,355.9,357.3,354.3,348.9,344.1,342.8,345.7,351.1,-36.3,-34.8,-30.7,-26.4,-24.4,-25.6,-30.0,-34.4,-42.2,-39.7,-35.9,-31.2,-26.6,-23.0,-20.4,-22.8,-26.6,-31.0,-35.4,-39.4,-32.1,-30.3,-28.5,-27.8,-28.7,-30.5,-32.3,-33.0,19.4,20.4,24.4,28.8,31.2,30.1,26.2,21.5,15.8,18.0,21.2,25.6,30.3,34.2,37.2,34.6,31.1,27.1,22.7,18.7,23.7,25.7,27.5,28.0,27.0,24.9,23.1,22.6,1.0,-3.4,-5.4,-3.9,0.3,4.8,6.6,5.1,2.1,-0.3,-1.9,-2.9,-2.4,-0.7,1.9,3.2,4.0,4.5,4.4,3.6,2.5,3.1,2.3,0.4,-1.4,-2.1,-1.2,0.7,-3.0,-7.5,-10.0,-8.9,-4.9,-0.4,2.0,1.3,-1.3,-4.0,-6.1,-7.2,-6.9,-5.8,-3.6,-1.7,-0.5,0.2,0.3,0.1,-1.5,-1.0,-2.2,-4.2,-6.0,-6.5,-5.4,-3.4,1184.3,1183.7,1183.4,1183.7,1184.4,1185.3,1185.2,1184.9,1189.2,1186.5,1183.8,1182.7,1183.5,1185.3,1187.5,1186.1,1184.5,1184.0,1184.9,1187.0,1185.4,1185.5,1185.5,1185.2,1184.9,1184.8,1184.9,1185.1,1138.8,1139.6,1139.9,1139.6,1138.8,1138.1,1137.7,1138.3,1140.4,1139.0,1137.8,1137.3,1138.3,1140.2,1142.5,1139.8,1137.5,1136.3,1136.6,1138.5,1139.3,1139.1,1139.3,1139.6,1140.0,1140.1,1140.0,1139.7,0.7,37.4,1275.5,0.133,0.02,-0.07,462.0,467.4,477.8,491.1,512.3,543.3,576.8,615.2,655.4,693.4,728.0,758.4,782.5,796.9,803.6,807.1,807.0,492.6,515.2,544.8,575.4,604.3,660.1,689.9,719.2,749.5,773.1,636.0,638.2,640.4,642.7,610.8,627.4,643.8,660.5,675.7,531.1,549.8,572.1,591.0,572.1,549.7,679.5,696.8,719.0,737.9,721.9,700.3,584.3,606.1,629.6,645.7,662.4,687.0,709.1,689.7,667.4,649.1,631.3,607.2,595.6,630.4,646.6,663.8,698.4,664.1,646.7,630.2,358.9,406.1,453.8,499.5,542.5,579.1,608.5,629.1,632.4,622.5,596.7,563.7,525.4,481.4,434.3,386.6,338.8,334.8,315.8,309.6,312.0,319.9,314.6,302.0,296.1,298.1,312.8,352.8,378.3,403.7,430.6,459.2,462.6,465.4,460.4,455.0,365.8,354.8,353.3,364.4,370.9,372.4,357.0,343.1,342.0,349.9,358.9,360.7,528.8,509.6,498.5,502.1,497.0,504.9,519.4,544.1,554.6,557.4,556.9,549.3,528.4,517.4,517.5,515.2,520.9,528.3,531.0,530.5,-78.7,-76.4,-72.0,-66.2,-56.5,-42.6,-27.6,-10.7,6.7,23.2,38.5,52.1,62.8,69.1,71.9,73.3,73.2,-63.3,-53.3,-40.5,-27.3,-15.1,8.5,21.1,33.6,46.7,57.0,-1.7,-0.8,0.1,1.1,-12.4,-5.3,1.6,8.6,15.1,-46.6,-38.5,-28.9,-20.9,-28.9,-38.5,16.8,24.2,33.6,41.8,34.9,25.7,-23.9,-14.4,-4.4,2.4,9.4,19.9,29.6,21.1,11.6,3.8,-3.7,-14.0,-19.0,-4.1,2.8,10.1,25.0,10.2,2.8,-4.2,-0.5,20.4,41.7,62.0,80.8,96.5,108.7,116.7,117.9,113.9,103.5,89.6,72.9,53.5,32.6,11.6,-9.3,-10.8,-18.9,-21.4,-20.3,-16.9,-19.1,-24.6,-27.1,-26.4,-20.2,-3.0,7.7,18.3,29.5,42.0,43.3,44.4,42.3,40.1,2.5,-2.2,-2.8,1.9,4.6,5.3,-1.3,-7.2,-7.7,-4.3,-0.5,0.3,72.4,63.5,58.5,60.0,57.8,61.4,68.2,78.3,82.4,83.6,83.5,80.6,72.1,66.6,66.6,65.7,68.8,71.2,72.3,72.2,1326.2,1328.8,1332.2,1333.1,1328.3,1321.7,1312.4,1301.2,1298.0,1302.0,1312.0,1319.6,1321.9,1320.9,1318.2,1315.7,1314.9,1288.0,1281.0,1274.9,1270.1,1266.8,1266.2,1270.2,1274.6,1279.4,1284.7,1265.9,1261.7,1257.1,1252.8,1268.6,1266.2,1264.3,1265.6,1267.2,1284.1,1279.8,1278.6,1277.9,1278.1,1279.8,1277.9,1276.7,1277.9,1281.2,1278.1,1277.0,1287.3,1273.0,1266.8,1265.8,1266.0,1272.3,1284.0,1275.6,1270.7,1270.4,1271.8,1277.6,1284.6,1270.3,1269.0,1269.3,1282.0,1269.6,1269.2,1270.6,2.336,0.16699999999999998,0.025,-0.07,641.818,447.764,-23.163,6.9110000000000005,-10.059,0.85,-4.955,-8.335,6.305,-3.353,4.838,-8.012,-6.2379999999999995,2.852,-3.053,1.024,-3.388,4.372,1.079,-1.7530000000000001,0.297,-5.154,-0.629,-3.745,1.304,0.036000000000000004,-1.703,0.99,1.266,0.13699999999999998,0.5670000000000001,-0.285,0.792,-0.721,0.109,0.127,0.0,0.04,0.13,0.09,0.0,0.0,0.0,0.0,0.0,0.0,0.6,0.0,0.58,0.0,0.95,1.15,0.01,0.0,0.0,0.0,1.0,0.0,0.0,0.0,0.0,0.0,0.0,0.0,0.0,1.0,0.0,1.0,1.0,0.0,0.0
21,0.667,0.98,0.090546,0.240419,-0.9664370000000001,-0.069761,0.223856,-0.9721219999999999,0.011000000000000001,0.235,547.0,550.8,561.4,572.4,577.5,574.5,563.2,552.1,532.8,538.9,548.6,560.2,571.9,581.2,587.8,581.7,572.1,560.9,549.6,539.7,557.7,562.6,567.3,569.0,566.7,561.8,557.2,555.5,690.5,693.4,703.9,715.7,722.0,719.1,708.6,696.1,681.0,686.7,695.2,707.0,719.3,729.3,737.2,730.5,721.4,710.9,699.4,688.8,701.9,707.4,712.2,713.6,710.7,705.2,700.4,699.0,362.2,351.0,345.9,349.7,360.3,372.1,376.6,372.7,365.0,358.8,354.7,352.3,353.7,358.1,364.7,368.0,369.7,370.9,370.8,368.9,366.2,367.9,365.6,360.7,356.0,354.3,356.6,361.5,351.4,339.4,333.0,336.0,346.6,358.6,365.0,363.0,356.2,348.9,343.6,340.7,341.6,344.5,350.0,355.1,358.4,360.3,360.6,359.9,355.4,356.8,353.9,348.3,343.4,342.1,345.0,350.5,-36.6,-35.1,-31.0,-26.6,-24.6,-25.8,-30.3,-34.6,-42.4,-39.9,-36.0,-31.4,-26.8,-23.2,-20.6,-23.0,-26.8,-31.2,-35.6,-39.6,-32.4,-30.5,-28.7,-28.0,-28.9,-30.8,-32.7,-33.3,19.1,20.2,24.2,28.6,31.0,29.9,25.9,21.2,15.5,17.6,20.9,25.3,30.0,33.8,36.9,34.3,30.8,26.8,22.4,18.5,23.4,25.5,27.3,27.8,26.8,24.7,22.9,22.3,0.8,-3.5,-5.6,-4.0,0.1,4.8,6.5,5.0,2.0,-0.5,-2.1,-3.0,-2.5,-0.8,1.9,3.2,3.8,4.3,4.3,3.5,2.4,3.1,2.2,0.3,-1.6,-2.2,-1.3,0.6,-3.3,-7.8,-10.2,-9.1,-5.1,-0.5,1.9,1.1,-1.4,-4.2,-6.2,-7.3,-6.9,-5.9,-3.8,-1.9,-0.6,0.1,0.2,-0.0,-1.7,-1.2,-2.3,-4.4,-6.3,-6.8,-5.7,-3.6,1181.9,1181.5,1181.5,1181.7,1182.1,1182.8,1182.5,1182.3,1186.6,1184.1,1181.6,1180.7,1181.5,1183.2,1185.3,1183.7,1182.1,1181.4,1182.3,1184.4,1183.0,1183.1,1183.0,1182.9,1182.7,1182.6,1182.6,1182.8,1134.7,1135.4,1135.7,1135.4,1134.7,1134.0,1133.7,1134.2,1136.2,1134.8,1133.6,1133.0,1134.0,1135.8,1138.1,1135.5,1133.3,1132.1,1132.5,1134.3,1135.2,1135.0,1135.2,1135.5,1135.8,1136.0,1135.8,1135.5,0.5,37.2,1274.7,0.13,0.02,-0.07,461.4,466.9,477.2,490.6,511.8,542.8,576.4,614.9,655.3,693.5,728.1,758.5,782.3,796.6,803.2,806.7,806.5,492.1,514.8,544.3,574.9,603.7,659.5,689.2,718.4,748.6,772.2,635.5,637.7,639.8,642.2,610.3,626.9,643.3,660.0,675.3,530.5,549.1,571.5,590.4,571.4,549.1,678.9,696.2,718.4,737.2,721.3,699.7,584.0,605.7,629.2,645.2,661.9,686.4,708.5,689.2,667.0,648.6,630.9,606.9,595.2,630.0,646.2,663.4,697.9,663.7,646.3,629.8,358.6,405.8,453.5,499.3,542.3,578.9,608.1,628.6,631.8,621.8,596.0,563.1,524.9,481.0,434.1,386.6,339.1,334.4,315.3,309.0,311.4,319.3,314.0,301.4,295.5,297.5,312.1,352.3,377.7,403.0,429.7,458.8,462.1,464.9,459.9,454.4,365.5,354.5,353.0,364.1,370.6,372.1,356.6,342.7,341.6,349.6,358.6,360.3,528.6,509.3,498.2,501.8,496.7,504.6,519.1,543.3,553.6,556.4,555.9,548.6,528.2,517.0,517.1,514.8,520.6,527.5,530.2,529.8,-78.9,-76.7,-72.3,-66.4,-56.7,-42.8,-27.8,-10.9,6.6,23.2,38.5,52.1,62.7,68.9,71.7,73.1,72.9,-63.5,-53.5,-40.7,-27.6,-15.3,8.2,20.8,33.3,46.3,56.6,-1.9,-1.0,-0.1,0.9,-12.6,-5.5,1.4,8.4,14.9,-46.8,-38.8,-29.2,-21.1,-29.2,-38.8,16.6,23.9,33.4,41.5,34.6,25.4,-24.0,-14.5,-4.6,2.2,9.2,19.7,29.3,20.9,11.4,3.6,-3.9,-14.1,-19.2,-4.2,2.6,9.9,24.7,10.0,2.7,-4.3,-0.6,20.3,41.5,61.9,80.7,96.4,108.5,116.4,117.5,113.5,103.1,89.3,72.6,53.3,32.5,11.7,-9.2,-11.0,-19.1,-21.6,-20.6,-17.2,-19.4,-24.8,-27.4,-26.6,-20.5,-3.2,7.4,18.0,29.1,41.7,43.0,44.2,42.1,39.9,2.4,-2.4,-3.0,1.7,4.5,5.1,-1.4,-7.4,-7.9,-4.5,-0.6,0.1,72.3,63.3,58.3,59.8,57.6,61.3,68.1,77.9,81.9,83.1,83.0,80.2,71.9,66.4,66.4,65.4,68.6,70.9,72.0,71.9,1325.9,1328.4,1331.8,1332.5,1327.7,1321.0,1311.7,1300.3,1297.0,1300.9,1311.0,1318.7,1321.0,1320.1,1317.5,1315.2,1314.6,1287.3,1280.4,1274.2,1269.4,1266.0,1265.6,1269.6,1274.0,1278.9,1284.2,1265.2,1260.9,1256.3,1251.9,1267.8,1265.3,1263.4,1264.7,1266.2,1283.4,1279.1,1277.9,1277.1,1277.4,1279.1,1277.2,1276.1,1277.3,1280.6,1277.5,1276.4,1286.3,1272.0,1265.9,1264.9,1265.0,1271.3,1283.1,1274.6,1269.7,1269.3,1270.7,1276.5,1283.5,1269.3,1268.0,1268.3,1281.1,1268.6,1268.2,1269.6,2.3369999999999997,0.16399999999999998,0.026000000000000002,-0.071,641.342,447.305,-22.026999999999997,7.461,-10.365,0.9159999999999999,-4.993,-8.418,6.486000000000001,-3.0639999999999996,4.666,-7.5760000000000005,-6.245,3.218,-3.188,1.021,-3.312,4.349,0.872,-1.636,0.147,-5.166,-0.635,-3.553,1.2770000000000001,-0.11,-1.67,0.728,1.1440000000000001,0.19699999999999998,0.52,-0.295,0.804,-0.7609999999999999,0.068,0.131,0.0,0.07,0.1,0.23,0.0,0.0,0.0,0.0,0.0,0.0,0.58,0.0,0.58,0.0,0.96,1.11,0.01,0.0,0.0,0.0,1.0,0.0,0.0,0.0,0.0,0.0,0.0,0.0,0.0,1.0,0.0,1.0,1.0,0.0,0.0
22,0.701,0.98,0.103332,0.22855599999999998,-0.968031,-0.07268200000000001,0.22164699999999998,-0.9724139999999999,0.016,0.228,546.5,550.3,560.8,571.9,577.1,574.0,562.7,551.6,531.6,538.0,547.8,559.4,571.0,580.4,587.0,581.1,571.5,560.3,548.9,538.8,557.3,562.1,566.6,568.2,566.0,561.2,556.7,555.1,689.7,692.6,703.0,714.9,721.3,718.4,708.0,695.5,680.4,686.0,694.6,706.4,718.7,728.7,736.6,729.9,720.9,710.4,698.9,688.2,701.2,706.7,711.5,712.8,709.9,704.4,699.6,698.3,361.4,350.2,345.0,348.9,359.6,371.5,376.0,372.1,365.2,358.7,354.2,351.6,353.0,357.4,363.9,367.7,369.5,370.8,370.9,369.2,365.6,367.2,365.0,360.2,355.6,353.9,356.2,361.0,350.8,338.8,332.3,335.3,345.8,357.9,364.3,362.5,355.5,348.3,343.0,340.2,341.1,343.9,349.3,354.5,357.7,359.7,360.0,359.3,354.8,356.1,353.2,347.6,342.8,341.4,344.4,349.9,-36.6,-35.1,-31.0,-26.7,-24.7,-25.9,-30.3,-34.6,-42.6,-40.0,-36.1,-31.5,-27.0,-23.4,-20.8,-23.1,-26.8,-31.2,-35.7,-39.7,-32.4,-30.5,-28.8,-28.1,-29.0,-30.9,-32.6,-33.3,18.8,19.9,23.8,28.3,30.7,29.6,25.7,20.9,15.3,17.4,20.6,25.0,29.7,33.5,36.6,34.0,30.5,26.5,22.2,18.2,23.1,25.2,27.0,27.5,26.4,24.4,22.5,22.0,0.6,-3.8,-5.9,-4.3,-0.2,4.5,6.3,4.7,2.0,-0.5,-2.3,-3.3,-2.8,-1.0,1.5,3.0,3.7,4.2,4.3,3.6,2.2,2.8,2.0,0.1,-1.7,-2.4,-1.5,0.4,-3.5,-8.0,-10.5,-9.4,-5.4,-0.8,1.6,0.9,-1.7,-4.4,-6.4,-7.5,-7.1,-6.1,-4.0,-2.1,-0.9,-0.1,-0.0,-0.3,-2.0,-1.5,-2.6,-4.7,-6.5,-7.0,-5.9,-3.8,1174.7,1174.8,1175.0,1175.3,1175.4,1175.6,1175.1,1174.8,1179.1,1176.9,1174.6,1173.9,1174.8,1176.4,1178.4,1176.7,1174.8,1174.1,1174.8,1176.9,1175.8,1175.9,1176.0,1176.0,1176.0,1175.9,1175.8,1175.7,1133.1,1133.8,1134.2,1133.9,1133.1,1132.4,1132.1,1132.6,1134.5,1133.2,1132.0,1131.5,1132.4,1134.3,1136.6,1134.0,1131.8,1130.5,1130.8,1132.6,1133.6,1133.5,1133.6,1133.9,1134.3,1134.4,1134.3,1133.9,0.2,37.0,1273.7,0.129,0.019,-0.071,460.8,466.1,476.4,489.8,511.0,542.1,575.9,614.6,654.9,692.9,727.3,757.6,781.5,795.9,802.6,806.1,805.8,491.5,514.2,543.8,574.5,603.3,658.5,688.3,717.5,747.8,771.5,634.7,637.0,639.2,641.6,609.6,626.2,642.7,659.4,674.6,529.6,548.2,570.7,589.6,570.6,548.3,678.2,695.6,717.8,736.7,720.7,699.1,583.4,605.2,628.6,644.6,661.2,685.7,707.8,688.5,666.3,648.0,630.3,606.3,594.7,629.4,645.6,662.7,697.1,663.0,645.6,629.1,358.5,405.7,453.4,499.2,542.2,578.9,608.2,628.8,631.8,621.7,595.8,562.6,524.3,480.2,433.2,385.6,338.0,333.8,314.7,308.3,310.4,318.3,312.9,300.3,294.5,296.6,311.3,351.6,377.1,402.6,429.5,458.5,461.8,464.6,459.5,454.1,365.2,354.1,352.5,363.6,370.2,371.8,356.1,342.1,341.0,349.0,358.0,359.8,528.3,508.9,497.7,501.2,496.2,504.1,518.7,543.1,553.4,556.2,555.8,548.4,527.8,516.6,516.8,514.4,520.1,527.2,529.9,529.5,-79.1,-76.9,-72.5,-66.6,-57.0,-43.1,-28.0,-11.0,6.4,22.9,38.1,51.6,62.3,68.6,71.4,72.8,72.6,-63.7,-53.7,-40.8,-27.7,-15.5,7.8,20.4,32.9,45.9,56.2,-2.2,-1.3,-0.3,0.7,-12.9,-5.8,1.1,8.2,14.6,-47.2,-39.1,-29.5,-21.4,-29.5,-39.1,16.3,23.6,33.1,41.2,34.3,25.1,-24.2,-14.8,-4.8,1.9,8.9,19.3,29.0,20.6,11.1,3.4,-4.1,-14.3,-19.4,-4.5,2.3,9.6,24.4,9.7,2.4,-4.6,-0.7,20.2,41.4,61.8,80.6,96.3,108.5,116.4,117.5,113.4,103.0,89.0,72.3,52.9,32.1,11.2,-9.6,-11.2,-19.3,-22.0,-21.0,-17.6,-19.9,-25.2,-27.8,-27.0,-20.8,-3.5,7.2,17.8,29.0,41.6,42.9,44.0,41.9,39.7,2.2,-2.5,-3.2,1.5,4.3,5.0,-1.7,-7.6,-8.1,-4.7,-0.8,-0.1,72.1,63.1,58.1,59.5,57.4,61.0,67.8,77.7,81.8,83.0,82.9,80.1,71.7,66.2,66.2,65.2,68.3,70.7,71.8,71.7,1324.5,1327.1,1330.4,1331.3,1326.5,1320.0,1310.8,1299.6,1296.4,1300.3,1310.2,1317.7,1320.0,1319.2,1316.7,1314.4,1313.7,1286.4,1279.6,1273.4,1268.6,1265.3,1264.8,1268.8,1273.2,1278.0,1283.2,1264.4,1260.1,1255.4,1251.1,1266.9,1264.4,1262.5,1263.8,1265.4,1282.5,1278.2,1277.0,1276.1,1276.4,1278.2,1276.3,1275.2,1276.4,1279.7,1276.5,1275.4,1285.1,1271.0,1264.9,1263.9,1264.1,1270.3,1282.0,1273.6,1268.8,1268.4,1269.8,1275.5,1282.4,1268.3,1267.0,1267.3,1280.0,1267.7,1267.3,1268.7,2.339,0.16399999999999998,0.024,-0.07200000000000001,640.664,446.85400000000004,-22.524,6.99,-10.567,1.435,-5.141,-8.824,6.577999999999999,-3.596,4.123,-7.792999999999999,-6.2,3.19,-2.983,1.1059999999999999,-3.41,4.09,0.48200000000000004,-1.506,0.40299999999999997,-5.0089999999999995,-0.764,-3.4619999999999997,1.288,0.066,-1.8619999999999999,0.968,1.127,0.20600000000000002,0.527,-0.429,0.799,-0.616,0.086,0.141,0.0,0.06,0.05,0.3,0.0,0.09,0.0,0.0,0.0,0.0,0.58,0.0,0.6,0.0,0.96,1.14,0.0,0.0,0.0,0.0,1.0,0.0,0.0,0.0,0.0,0.0,0.0,0.0,0.0,1.0,0.0,1.0,1.0,0.0,0.0
23,0.7340000000000001,0.98,0.09585,0.227964,-0.9689399999999999,-0.07141499999999999,0.21825,-0.973276,0.013000000000000001,0.226,545.5,549.4,560.0,571.0,576.1,573.0,561.7,550.6,531.1,537.3,547.0,558.5,570.2,579.5,586.3,580.2,570.6,559.4,548.1,538.2,556.2,561.1,565.9,567.6,565.4,560.4,555.6,553.9,688.7,691.6,702.2,714.2,720.6,717.7,707.1,694.4,679.4,685.2,693.8,705.6,717.8,727.7,735.6,729.0,720.0,709.5,697.9,687.3,700.1,705.8,710.9,712.3,709.3,703.6,698.5,697.1,360.8,349.7,344.6,348.5,359.1,370.9,375.3,371.4,364.2,357.9,353.4,350.9,352.3,356.8,363.4,367.2,369.0,370.4,370.3,368.4,365.1,366.9,364.6,359.5,354.7,353.0,355.3,360.3,350.1,338.0,331.6,334.6,345.2,357.3,363.7,361.8,354.8,347.5,342.3,339.4,340.3,343.2,348.6,353.8,357.1,359.0,359.3,358.6,354.4,355.8,352.8,347.0,342.0,340.5,343.6,349.3,-37.0,-35.5,-31.4,-27.0,-25.0,-26.3,-30.7,-35.0,-42.8,-40.3,-36.4,-31.9,-27.4,-23.7,-21.1,-23.5,-27.2,-31.6,-36.0,-40.0,-32.9,-30.9,-29.1,-28.4,-29.3,-31.2,-33.1,-33.8,18.3,19.4,23.4,27.9,30.3,29.2,25.2,20.4,14.8,17.0,20.2,24.6,29.2,33.0,36.1,33.5,30.0,26.1,21.7,17.8,22.6,24.8,26.7,27.2,26.1,23.9,22.0,21.5,0.3,-4.1,-6.0,-4.5,-0.3,4.3,6.0,4.5,1.7,-0.8,-2.6,-3.6,-3.0,-1.3,1.4,2.8,3.5,4.1,4.0,3.3,2.0,2.7,1.8,-0.2,-2.1,-2.8,-1.9,0.1,-3.7,-8.3,-10.7,-9.6,-5.6,-1.0,1.4,0.7,-1.9,-4.7,-6.7,-7.7,-7.4,-6.3,-4.3,-2.3,-1.1,-0.4,-0.3,-0.5,-2.1,-1.6,-2.7,-4.9,-6.8,-7.3,-6.2,-4.0,1175.5,1175.3,1175.4,1175.6,1175.8,1176.3,1175.9,1175.7,1180.1,1177.8,1175.4,1174.5,1175.3,1176.9,1178.9,1177.3,1175.6,1174.9,1175.8,1177.9,1176.5,1176.6,1176.6,1176.6,1176.5,1176.4,1176.3,1176.4,1127.8,1128.7,1129.1,1128.8,1127.9,1127.0,1126.6,1127.2,1129.2,1127.9,1126.9,1126.4,1127.3,1129.1,1131.3,1128.7,1126.4,1125.1,1125.5,1127.3,1128.2,1128.1,1128.3,1128.7,1129.1,1129.3,1129.1,1128.7,-0.1,36.7,1273.8,0.12300000000000001,0.02,-0.07200000000000001,460.0,465.6,476.0,489.3,510.4,541.5,575.3,613.9,654.2,692.2,726.6,757.0,780.8,795.1,801.8,805.4,805.2,490.2,512.8,542.4,573.1,602.1,657.6,687.5,716.7,746.9,770.6,633.9,636.1,638.3,640.7,608.7,625.4,641.9,658.6,673.8,528.9,547.5,569.9,588.8,569.9,547.5,677.3,694.7,716.9,735.8,719.8,698.2,582.5,604.1,627.6,643.8,660.5,685.0,707.0,687.8,665.7,647.2,629.4,605.3,593.7,628.5,644.8,662.1,696.4,662.4,644.9,628.2,358.4,405.7,453.4,499.3,542.3,579.0,608.3,628.6,631.5,621.3,595.3,562.2,524.0,480.1,433.2,385.7,338.2,333.1,313.7,307.0,309.0,316.7,311.4,299.1,293.6,295.8,310.5,350.6,376.0,401.3,428.1,457.6,460.8,463.5,458.5,453.1,364.6,353.4,351.8,362.9,369.6,371.1,355.3,341.4,340.3,348.3,357.4,359.1,527.8,508.2,496.9,500.4,495.2,503.2,518.0,542.4,552.8,555.7,555.4,548.1,527.3,515.9,515.9,513.5,519.5,526.5,529.3,528.9,-79.5,-77.2,-72.8,-66.9,-57.3,-43.3,-28.3,-11.3,6.1,22.6,37.8,51.3,61.9,68.2,71.0,72.4,72.4,-64.3,-54.3,-41.4,-28.3,-16.0,7.4,20.1,32.6,45.6,55.9,-2.6,-1.6,-0.7,0.3,-13.2,-6.2,0.8,7.8,14.3,-47.5,-39.4,-29.8,-21.8,-29.8,-39.4,15.9,23.2,32.7,40.9,34.0,24.7,-24.6,-15.2,-5.2,1.6,8.7,19.1,28.6,20.3,10.9,3.1,-4.5,-14.7,-19.8,-4.9,2.0,9.3,24.0,9.5,2.1,-5.0,-0.7,20.2,41.4,61.8,80.6,96.3,108.4,116.3,117.3,113.2,102.7,88.8,72.1,52.8,32.1,11.3,-9.5,-11.5,-19.7,-22.5,-21.6,-18.3,-20.5,-25.8,-28.2,-27.4,-21.2,-4.0,6.7,17.3,28.4,41.2,42.5,43.6,41.5,39.3,2.0,-2.8,-3.5,1.2,4.1,4.7,-2.0,-7.9,-8.4,-5.0,-1.1,-0.4,71.9,62.8,57.7,59.1,57.0,60.6,67.5,77.4,81.5,82.8,82.7,80.0,71.5,65.9,65.9,64.8,68.0,70.4,71.5,71.4,1325.0,1327.5,1330.7,1331.4,1326.3,1319.6,1310.3,1299.0,1295.8,1299.7,1309.5,1317.0,1319.2,1318.5,1316.2,1314.2,1313.8,1286.9,1280.0,1273.7,1268.9,1265.6,1265.2,1269.3,1273.7,1278.4,1283.5,1264.8,1260.4,1255.8,1251.4,1267.1,1264.6,1262.7,1264.0,1265.5,1282.7,1278.4,1277.2,1276.4,1276.7,1278.3,1276.7,1275.6,1276.8,1280.1,1276.9,1275.8,1285.0,1271.0,1264.9,1263.9,1264.1,1270.2,1281.8,1273.5,1268.7,1268.3,1269.7,1275.4,1282.3,1268.3,1267.0,1267.3,1279.8,1267.7,1267.2,1268.6,2.339,0.157,0.027000000000000003,-0.07200000000000001,639.842,446.207,-23.552,7.672000000000001,-10.657,1.232,-4.691,-9.107000000000001,6.417000000000001,-3.3539999999999996,4.3,-7.315,-6.712000000000001,3.339,-3.0460000000000003,1.537,-3.2489999999999997,3.9339999999999997,0.41700000000000004,-1.619,0.375,-5.1339999999999995,-0.7240000000000001,-3.668,1.051,-0.069,-2.01,0.909,1.263,0.077,0.49700000000000005,-0.315,0.669,-0.621,0.042,0.102,0.0,0.08,0.04,0.38,0.0,0.09,0.0,0.0,0.0,0.0,0.54,0.0,0.62,0.0,0.99,1.26,0.02,0.0,0.0,0.0,1.0,0.0,0.0,0.0,0.0,0.0,0.0,0.0,0.0,1.0,0.0,1.0,1.0,0.0,0.0
24,0.767,0.98,0.09454299999999999,0.235258,-0.967324,-0.077198,0.224617,-0.971384,0.009000000000000001,0.233,544.6,548.5,559.2,570.3,575.4,572.3,560.8,549.7,530.2,536.4,546.1,557.8,569.6,579.0,585.8,579.4,569.7,558.5,547.2,537.3,555.3,560.3,565.1,566.9,564.6,559.6,554.8,553.0,687.9,690.9,701.4,713.3,719.6,716.7,706.2,693.6,678.6,684.6,693.3,705.0,717.2,727.1,734.9,728.2,719.2,708.7,697.2,686.5,699.2,704.9,710.0,711.4,708.4,702.7,697.7,696.2,359.8,348.6,343.5,347.5,358.2,370.0,374.5,370.5,362.8,356.6,352.4,350.0,351.4,355.8,362.6,365.9,367.7,368.9,368.7,366.7,364.1,365.8,363.5,358.5,353.7,351.9,354.2,359.2,349.3,337.3,331.0,334.0,344.6,356.6,362.9,361.0,354.0,346.6,341.3,338.5,339.5,342.5,348.0,353.2,356.4,358.3,358.5,357.8,353.6,355.1,352.1,346.3,341.3,339.8,342.9,348.6,-37.2,-35.6,-31.5,-27.2,-25.2,-26.4,-30.9,-35.2,-43.0,-40.5,-36.6,-32.0,-27.4,-23.8,-21.2,-23.7,-27.4,-31.8,-36.2,-40.1,-33.0,-31.1,-29.2,-28.5,-29.4,-31.4,-33.2,-33.9,18.0,19.2,23.1,27.6,30.0,28.8,24.9,20.2,14.6,16.8,20.0,24.4,29.0,32.8,35.8,33.2,29.8,25.8,21.5,17.5,22.3,24.4,26.3,26.9,25.8,23.6,21.7,21.2,-0.1,-4.4,-6.4,-4.9,-0.7,3.9,5.7,4.1,1.1,-1.3,-2.9,-3.9,-3.3,-1.6,1.0,2.3,3.0,3.5,3.4,2.6,1.6,2.3,1.4,-0.6,-2.5,-3.2,-2.3,-0.3,-4.0,-8.5,-10.9,-9.8,-5.8,-1.3,1.1,0.4,-2.3,-5.0,-7.0,-8.1,-7.7,-6.6,-4.5,-2.6,-1.3,-0.6,-0.6,-0.8,-2.4,-1.9,-3.0,-5.1,-7.1,-7.6,-6.5,-4.3,1169.3,1168.9,1168.7,1169.0,1169.4,1170.1,1169.9,1169.7,1174.0,1171.4,1168.9,1167.8,1168.6,1170.3,1172.3,1170.8,1169.2,1168.7,1169.6,1171.8,1170.3,1170.4,1170.4,1170.2,1170.0,1169.9,1170.0,1170.1,1129.0,1129.9,1130.3,1130.0,1129.2,1128.3,1127.9,1128.4,1130.3,1129.1,1128.1,1127.7,1128.6,1130.5,1132.7,1130.0,1127.7,1126.4,1126.7,1128.4,1129.5,1129.3,1129.5,1130.0,1130.3,1130.5,1130.3,1129.9,-0.5,36.3,1271.4,0.12300000000000001,0.019,-0.07,459.2,464.6,474.9,488.3,509.5,540.5,574.1,612.5,652.8,690.9,725.4,755.8,779.7,794.0,800.8,804.5,804.5,489.5,512.0,541.6,572.4,601.5,657.1,687.0,716.4,746.6,770.1,633.3,635.4,637.6,639.9,607.8,624.5,641.0,657.7,673.0,528.0,546.7,569.2,588.1,569.1,546.7,676.5,694.0,716.3,735.2,719.1,697.4,581.2,602.9,626.5,642.7,659.6,684.3,706.2,687.0,664.7,646.2,628.2,604.0,592.4,627.4,643.8,661.2,695.6,661.5,643.9,627.1,357.5,404.9,452.7,498.6,541.7,578.4,607.7,628.3,631.3,621.1,594.8,561.4,523.1,479.1,432.3,385.0,337.6,331.9,312.3,305.4,307.3,315.2,310.0,297.7,292.2,294.7,309.8,349.4,374.9,400.3,427.2,456.6,459.9,462.7,457.7,452.3,363.4,352.3,350.8,361.8,368.4,369.9,354.4,340.5,339.5,347.5,356.5,358.2,526.8,507.0,495.6,499.2,494.1,502.1,517.2,542.1,552.8,555.7,555.2,547.6,526.3,514.9,515.0,512.6,518.7,526.0,528.8,528.4,-79.7,-77.5,-73.1,-67.2,-57.6,-43.7,-28.7,-11.9,5.5,22.0,37.2,50.7,61.3,67.6,70.4,71.9,71.9,-64.4,-54.5,-41.7,-28.5,-16.2,7.2,19.9,32.4,45.4,55.6,-2.8,-1.9,-1.0,-0.0,-13.6,-6.5,0.4,7.5,13.9,-47.8,-39.7,-30.1,-22.0,-30.1,-39.7,15.5,22.9,32.4,40.5,33.6,24.4,-25.2,-15.7,-5.7,1.2,8.3,18.7,28.2,19.9,10.4,2.6,-5.0,-15.3,-20.3,-5.3,1.6,8.9,23.7,9.1,1.6,-5.4,-1.1,19.8,41.0,61.4,80.2,95.9,108.0,116.0,117.0,112.9,102.3,88.3,71.6,52.3,31.7,10.9,-9.8,-12.0,-20.3,-23.1,-22.2,-18.9,-21.1,-26.3,-28.7,-27.8,-21.5,-4.5,6.3,16.9,28.0,40.7,42.0,43.1,41.1,38.9,1.4,-3.3,-3.9,0.8,3.6,4.2,-2.4,-8.3,-8.7,-5.3,-1.5,-0.8,71.3,62.1,57.1,58.5,56.4,60.1,67.0,77.2,81.4,82.6,82.5,79.6,70.9,65.4,65.3,64.3,67.6,70.0,71.2,71.1,1322.3,1324.9,1328.1,1328.8,1323.9,1317.2,1308.0,1296.8,1293.7,1297.6,1307.3,1314.6,1316.7,1316.0,1313.7,1311.9,1311.7,1284.4,1277.6,1271.3,1266.4,1263.0,1262.7,1266.8,1271.3,1276.2,1281.3,1262.3,1257.9,1253.2,1248.8,1264.5,1262.1,1260.2,1261.5,1263.0,1280.2,1275.9,1274.7,1273.8,1274.2,1275.8,1274.2,1273.1,1274.3,1277.6,1274.4,1273.3,1282.5,1268.4,1262.2,1261.2,1261.4,1267.5,1279.3,1271.1,1266.3,1265.9,1267.3,1273.0,1279.8,1265.8,1264.4,1264.8,1277.4,1265.2,1264.8,1266.1,2.343,0.157,0.026000000000000002,-0.071,638.951,445.32599999999996,-23.583000000000002,7.756,-9.925,1.9409999999999998,-4.66,-9.7,6.351,-3.6039999999999996,3.698,-7.327999999999999,-6.638,3.1830000000000003,-2.7680000000000002,1.636,-3.013,3.738,0.39,-1.67,0.5710000000000001,-5.275,-0.557,-3.773,1.3,0.047,-1.9980000000000002,0.868,1.228,0.08900000000000001,0.499,-0.321,0.648,-0.66,0.011000000000000001,0.098,0.0,0.12,0.01,0.34,0.0,0.09,0.0,0.0,0.0,0.0,0.47,0.0,0.56,0.0,1.03,1.35,0.02,0.0,0.0,0.0,1.0,0.0,0.0,0.0,0.0,0.0,0.0,0.0,0.0,1.0,0.0,1.0,1.0,0.0,0.0
25,0.8009999999999999,0.98,0.10538800000000001,0.22213000000000002,-0.969305,-0.074775,0.212369,-0.974324,0.016,0.22,543.9,547.8,558.6,569.9,575.1,572.0,560.5,549.2,529.3,535.7,545.5,557.0,568.7,578.2,585.1,578.8,569.1,558.0,546.5,536.5,554.8,559.9,564.7,566.5,564.1,559.0,554.2,552.5,687.2,690.0,700.5,712.6,719.3,716.5,705.9,693.1,677.9,683.9,692.8,704.6,716.5,726.2,733.9,727.6,719.0,708.6,697.1,686.1,698.7,704.4,709.4,710.8,707.6,701.9,696.9,695.6,359.0,347.6,342.3,346.2,357.1,369.2,373.8,369.9,362.2,356.2,351.9,349.6,350.9,355.3,362.0,365.3,366.9,368.1,367.9,366.0,363.3,365.1,362.7,357.6,352.7,351.0,353.3,358.5,348.5,336.6,330.2,333.1,343.6,355.5,361.8,360.1,353.5,346.2,340.8,338.0,339.0,342.1,347.6,352.6,355.6,357.4,357.7,357.2,352.8,354.2,351.2,345.6,340.7,339.3,342.3,347.9,-37.3,-35.8,-31.6,-27.2,-25.2,-26.4,-30.9,-35.3,-43.1,-40.6,-36.7,-32.2,-27.7,-24.0,-21.4,-23.8,-27.5,-31.8,-36.3,-40.3,-33.1,-31.1,-29.3,-28.6,-29.5,-31.5,-33.3,-34.0,17.6,18.7,22.7,27.2,29.7,28.6,24.6,19.9,14.2,16.4,19.7,24.1,28.6,32.3,35.2,32.8,29.5,25.6,21.3,17.2,22.0,24.1,26.0,26.5,25.3,23.2,21.3,20.8,-0.4,-4.8,-6.9,-5.4,-1.1,3.6,5.4,3.8,0.8,-1.5,-3.1,-4.0,-3.5,-1.8,0.8,2.1,2.7,3.1,3.1,2.3,1.3,2.0,1.1,-0.9,-2.8,-3.5,-2.6,-0.6,-4.3,-8.8,-11.1,-10.1,-6.1,-1.7,0.7,0.0,-2.4,-5.2,-7.2,-8.2,-7.8,-6.7,-4.6,-2.8,-1.6,-1.0,-0.9,-1.0,-2.7,-2.2,-3.3,-5.4,-7.2,-7.8,-6.6,-4.5,1165.3,1165.2,1165.2,1165.5,1165.7,1166.1,1165.7,1165.5,1169.7,1167.4,1165.1,1164.2,1165.0,1166.5,1168.4,1166.8,1165.2,1164.5,1165.4,1167.5,1166.3,1166.4,1166.4,1166.4,1166.3,1166.2,1166.2,1166.2,1121.5,1122.9,1123.7,1123.5,1122.4,1121.0,1120.2,1120.6,1122.4,1121.5,1120.8,1120.7,1121.8,1123.7,1125.8,1122.9,1120.3,1118.8,1118.9,1120.5,1122.0,1121.9,1122.3,1123.0,1123.5,1123.6,1123.2,1122.5,-0.7,36.0,1271.8,0.12,0.017,-0.07,458.9,464.1,474.2,487.6,508.8,539.8,573.4,611.7,652.0,690.0,724.5,754.9,779.0,793.5,800.2,803.8,803.8,488.9,511.6,541.1,571.8,600.8,656.4,686.4,715.6,745.7,769.2,632.4,634.6,636.8,639.2,607.2,623.9,640.4,657.1,672.4,527.3,545.9,568.4,587.5,568.4,546.0,675.9,693.5,715.7,734.7,718.6,696.9,579.9,602.0,626.2,642.6,659.8,684.9,707.0,687.9,665.4,646.5,628.2,603.3,591.3,627.1,643.7,661.4,696.4,661.9,644.0,627.0,357.3,404.7,452.6,498.4,541.2,577.7,607.1,628.0,631.4,621.4,595.3,562.0,523.5,479.2,432.2,384.8,337.5,331.0,311.7,305.0,306.7,314.3,309.1,297.0,291.7,294.2,308.9,348.5,373.9,399.3,426.1,455.9,459.1,461.9,456.7,451.4,362.9,351.8,350.3,361.1,367.6,369.2,353.8,340.0,339.0,347.0,355.8,357.5,525.5,506.1,494.9,498.4,493.2,500.9,515.5,541.6,552.9,556.0,555.6,547.6,525.2,514.1,514.2,511.7,517.2,525.9,528.8,528.4,-79.8,-77.6,-73.4,-67.5,-57.9,-44.0,-29.0,-12.2,5.2,21.7,36.8,50.4,61.0,67.3,70.2,71.7,71.6,-64.7,-54.7,-41.9,-28.8,-16.5,6.9,19.6,32.1,45.0,55.2,-3.2,-2.3,-1.3,-0.3,-13.8,-6.8,0.2,7.2,13.7,-48.1,-40.0,-30.4,-22.3,-30.4,-40.0,15.2,22.7,32.2,40.3,33.4,24.2,-25.7,-16.1,-5.8,1.1,8.3,19.0,28.6,20.3,10.7,2.7,-5.0,-15.6,-20.8,-5.4,1.6,9.0,24.0,9.2,1.7,-5.5,-1.2,19.7,41.0,61.3,80.0,95.6,107.7,115.8,117.1,113.1,102.6,88.5,71.8,52.3,31.6,10.9,-9.9,-12.4,-20.6,-23.3,-22.5,-19.3,-21.4,-26.6,-29.0,-28.0,-21.8,-4.8,5.8,16.4,27.5,40.4,41.7,42.8,40.7,38.5,1.2,-3.5,-4.1,0.5,3.2,3.9,-2.7,-8.5,-8.9,-5.6,-1.8,-1.1,70.8,61.8,56.8,58.2,56.0,59.6,66.3,77.0,81.5,82.7,82.7,79.6,70.5,65.0,65.0,64.0,66.9,70.0,71.2,71.1,1321.8,1324.3,1327.7,1328.5,1323.6,1316.8,1307.7,1296.8,1293.9,1298.1,1307.8,1315.1,1317.1,1316.3,1314.0,1312.3,1312.1,1285.0,1278.2,1272.0,1267.0,1263.6,1263.3,1267.3,1271.9,1276.7,1281.7,1262.9,1258.4,1253.6,1249.0,1264.8,1262.3,1260.4,1261.8,1263.4,1280.8,1276.5,1275.3,1274.5,1274.8,1276.4,1274.8,1273.7,1274.8,1278.0,1274.9,1273.9,1283.0,1268.8,1262.6,1261.5,1261.7,1267.9,1279.7,1271.7,1266.9,1266.5,1267.9,1273.5,1280.4,1266.2,1264.9,1265.2,1277.8,1265.7,1265.3,1266.6,2.342,0.154,0.023,-0.071,638.488,444.80199999999996,-25.201999999999998,6.535,-8.581,2.022,-4.992,-9.847999999999999,5.968,-2.898,4.004,-7.439,-6.709,2.6010000000000004,-2.8089999999999997,1.3730000000000002,-3.59,3.335,-0.20600000000000002,-1.86,0.695,-5.609,0.076,-3.7489999999999997,1.002,0.652,-2.017,0.953,0.956,0.23,0.41,-0.249,0.589,-0.698,-0.006999999999999999,0.048,0.0,0.16,0.0,0.24,0.0,0.0,0.0,0.0,0.0,0.0,0.38,0.0,0.63,0.0,1.14,1.37,0.02,0.0,0.0,0.0,1.0,0.0,0.0,0.0,0.0,0.0,0.0,0.0,0.0,1.0,0.0,1.0,1.0,0.0,0.0
26,0.8340000000000001,0.98,0.10653699999999999,0.21533400000000003,-0.9707120000000001,-0.071306,0.2123,-0.974599,0.018000000000000002,0.21600000000000003,543.2,547.0,557.7,569.2,574.6,571.6,560.1,548.6,528.4,534.9,544.8,556.2,567.9,577.5,584.5,578.3,568.7,557.6,546.1,535.8,554.2,559.3,564.1,565.8,563.4,558.3,553.5,551.8,686.6,689.5,699.9,711.9,718.4,715.6,705.1,692.4,677.4,683.2,692.0,703.7,715.8,725.5,733.1,726.8,718.1,707.7,696.2,685.4,698.1,703.7,708.6,709.9,706.9,701.3,696.4,695.1,359.1,347.5,342.0,345.8,356.8,369.1,373.9,370.0,362.4,356.3,352.0,349.5,350.7,355.1,361.8,365.5,367.5,368.9,368.7,366.6,363.3,365.0,362.6,357.4,352.6,350.9,353.3,358.5,348.3,336.4,330.0,332.9,343.4,355.4,361.8,359.9,353.3,345.9,340.6,337.8,338.8,341.8,347.5,352.4,355.5,357.3,357.5,357.0,352.5,353.9,350.9,345.3,340.4,339.0,342.0,347.6,-37.2,-35.8,-31.6,-27.2,-25.2,-26.3,-30.8,-35.2,-43.1,-40.5,-36.6,-32.2,-27.7,-24.1,-21.4,-23.7,-27.4,-31.7,-36.1,-40.1,-33.0,-31.1,-29.2,-28.6,-29.5,-31.5,-33.3,-33.9,17.6,18.7,22.6,27.2,29.6,28.5,24.5,19.8,14.1,16.3,19.6,24.0,28.6,32.3,35.2,32.8,29.4,25.5,21.1,17.1,21.9,24.0,25.9,26.4,25.3,23.1,21.3,20.8,-0.3,-4.8,-6.9,-5.4,-1.2,3.5,5.3,3.9,0.9,-1.4,-3.1,-4.0,-3.6,-1.9,0.7,2.1,2.9,3.4,3.4,2.6,1.3,1.9,1.0,-1.0,-2.9,-3.5,-2.6,-0.6,-4.4,-8.9,-11.3,-10.2,-6.2,-1.7,0.7,-0.0,-2.5,-5.3,-7.3,-8.4,-8.0,-6.9,-4.7,-2.9,-1.7,-1.0,-0.9,-1.1,-2.8,-2.3,-3.4,-5.5,-7.4,-7.9,-6.8,-4.7,1153.7,1153.7,1153.9,1154.1,1154.3,1154.7,1154.2,1153.9,1158.0,1155.8,1153.5,1152.7,1153.6,1155.1,1157.0,1155.4,1153.7,1153.0,1153.7,1155.8,1154.8,1154.9,1155.0,1155.0,1154.9,1154.8,1154.7,1154.8,1130.9,1131.9,1132.6,1132.4,1131.5,1130.4,1129.8,1130.2,1132.0,1130.9,1130.0,1129.8,1130.9,1132.8,1135.0,1132.2,1129.8,1128.3,1128.5,1130.2,1131.4,1131.3,1131.6,1132.1,1132.6,1132.6,1132.4,1131.8,-0.8,36.1,1273.5,0.124,0.012,-0.071,458.5,463.4,473.3,486.4,507.7,539.0,572.8,611.7,652.0,689.7,723.9,754.1,778.5,793.1,799.7,803.1,802.8,488.4,511.2,540.7,571.3,600.1,655.5,685.6,714.9,745.1,768.8,631.5,633.9,636.3,638.9,606.6,623.5,640.1,657.0,672.4,526.5,545.2,567.8,587.0,567.9,545.4,675.1,692.7,715.0,734.0,717.9,696.2,578.3,600.8,625.5,642.7,660.5,686.3,708.8,689.7,666.7,647.1,628.1,602.4,589.9,626.5,643.8,662.2,698.1,662.8,644.2,626.5,357.4,404.4,452.1,497.7,540.3,576.9,606.8,628.3,631.9,621.9,595.7,562.3,524.0,479.6,432.3,384.6,336.9,330.8,311.8,305.4,307.0,314.5,309.5,297.0,291.8,294.4,309.1,348.8,374.2,399.6,426.4,456.2,459.4,462.2,456.8,451.5,363.0,351.9,350.3,361.2,367.7,369.3,353.7,339.9,338.9,346.8,355.7,357.4,525.0,505.3,494.1,497.6,492.2,499.7,514.3,541.7,554.0,557.4,557.0,548.4,524.7,514.1,514.2,511.5,516.1,525.9,529.0,528.5,-80.0,-78.0,-73.8,-68.1,-58.4,-44.4,-29.3,-12.2,5.2,21.5,36.6,50.1,60.9,67.3,70.0,71.4,71.2,-65.0,-54.9,-42.1,-29.1,-16.8,6.5,19.3,31.8,44.8,55.1,-3.6,-2.6,-1.6,-0.5,-14.1,-7.0,0.1,7.1,13.7,-48.5,-40.4,-30.7,-22.5,-30.7,-40.3,14.9,22.4,31.9,40.1,33.1,23.9,-26.4,-16.6,-6.1,1.1,8.6,19.6,29.4,21.1,11.3,3.0,-5.0,-16.0,-21.4,-5.7,1.6,9.4,24.8,9.6,1.8,-5.7,-1.1,19.6,40.8,61.0,79.6,95.3,107.7,116.1,117.4,113.5,102.9,88.8,72.1,52.5,31.7,10.8,-10.1,-12.5,-20.5,-23.2,-22.4,-19.2,-21.3,-26.6,-29.0,-27.9,-21.8,-4.7,6.0,16.6,27.7,40.6,41.9,43.0,40.8,38.6,1.3,-3.5,-4.1,0.5,3.3,4.0,-2.7,-8.5,-9.0,-5.6,-1.8,-1.1,70.6,61.5,56.5,57.9,55.7,59.1,65.9,77.2,82.1,83.4,83.4,80.1,70.4,65.1,65.1,64.0,66.6,70.1,71.4,71.2,1321.7,1324.5,1328.4,1329.6,1324.9,1318.2,1309.1,1298.3,1295.7,1300.0,1309.7,1317.0,1318.8,1318.0,1315.3,1313.3,1312.5,1285.8,1279.0,1273.1,1268.5,1265.5,1265.1,1269.0,1273.5,1278.1,1282.8,1264.6,1260.2,1255.6,1251.2,1266.7,1264.2,1262.5,1263.9,1265.6,1281.9,1277.8,1276.7,1276.0,1276.2,1277.8,1276.3,1275.2,1276.3,1279.4,1276.4,1275.4,1284.9,1270.3,1264.0,1262.9,1263.1,1269.3,1281.4,1273.8,1268.8,1268.4,1269.8,1275.5,1282.4,1267.9,1266.5,1266.8,1279.6,1267.5,1267.0,1268.4,2.34,0.158,0.018000000000000002,-0.07200000000000001,638.13,444.796,-27.750999999999998,5.46,-7.57,1.047,-6.659,-10.398,5.289,-1.544,3.8569999999999998,-7.87,-6.777,2.009,-2.565,2.074,-3.7680000000000002,3.9819999999999998,-0.682,-2.291,1.912,-6.09,-0.171,-4.175,0.758,1.129,-2.2319999999999998,1.11,0.5920000000000001,-0.047,0.396,-0.377,0.349,-0.685,-0.033,0.033,0.0,0.14,0.0,0.2,0.0,0.04,0.0,0.0,0.01,0.0,0.29,0.0,0.7,0.0,1.35,1.41,0.01,0.0,0.0,0.0,1.0,0.0,0.0,0.0,0.0,0.0,0.0,0.0,0.0,1.0,0.0,1.0,1.0,0.0,0.0
27,0.868,0.98,0.102539,0.225275,-0.968884,-0.066866,0.218153,-0.973621,0.018000000000000002,0.22399999999999998,542.9,546.7,557.4,568.6,573.9,570.9,559.5,548.2,528.3,534.8,544.6,556.1,567.7,577.1,584.1,577.9,568.4,557.3,545.9,535.7,553.8,558.8,563.5,565.2,562.8,557.9,553.2,551.5,686.1,688.8,699.4,711.5,718.2,715.4,704.9,692.1,676.7,682.9,691.8,703.3,715.1,724.9,732.9,726.5,717.7,707.3,695.8,684.9,697.6,703.5,708.5,709.8,706.7,700.8,695.8,694.5,359.6,348.1,342.8,346.7,357.5,369.6,374.2,370.4,362.8,356.7,352.4,350.0,351.2,355.5,361.9,365.9,367.9,369.3,369.1,367.1,363.8,365.5,363.1,358.1,353.3,351.6,354.0,359.0,348.9,337.2,330.9,333.6,343.7,355.4,361.7,360.2,353.7,346.4,341.1,338.3,339.2,342.2,347.7,352.7,355.6,357.4,357.8,357.5,353.2,354.5,351.5,345.9,341.1,339.8,342.8,348.4,-37.7,-36.2,-32.1,-27.8,-25.7,-26.9,-31.3,-35.7,-43.6,-40.9,-37.1,-32.6,-28.1,-24.5,-21.8,-24.2,-27.8,-32.1,-36.6,-40.6,-33.5,-31.6,-29.8,-29.1,-30.0,-31.9,-33.8,-34.4,17.3,18.3,22.3,26.8,29.3,28.2,24.3,19.5,13.8,16.1,19.4,23.7,28.1,31.8,34.9,32.4,29.0,25.1,20.8,16.8,21.6,23.8,25.7,26.2,25.0,22.8,20.9,20.4,-0.2,-4.6,-6.7,-5.2,-1.0,3.7,5.5,4.0,1.1,-1.3,-2.9,-3.9,-3.4,-1.8,0.8,2.3,3.1,3.6,3.5,2.8,1.5,2.1,1.2,-0.7,-2.6,-3.3,-2.3,-0.4,-4.2,-8.5,-10.9,-9.9,-6.1,-1.7,0.6,0.1,-2.4,-5.1,-7.1,-8.1,-7.8,-6.7,-4.6,-2.8,-1.6,-1.0,-0.8,-0.9,-2.5,-2.0,-3.2,-5.3,-7.1,-7.6,-6.5,-4.4,1166.0,1166.0,1166.1,1166.3,1166.5,1166.8,1166.3,1166.1,1170.2,1168.0,1165.7,1164.9,1165.8,1167.3,1169.2,1167.6,1165.8,1165.1,1165.9,1168.0,1167.0,1167.1,1167.2,1167.2,1167.1,1167.0,1166.9,1166.9,1123.3,1124.9,1125.7,1125.4,1124.0,1122.4,1121.5,1122.0,1124.3,1123.4,1122.7,1122.5,1123.5,1125.2,1127.2,1124.2,1121.6,1120.1,1120.4,1122.2,1123.6,1123.4,1123.8,1124.6,1125.2,1125.4,1125.0,1124.2,-1.0,36.2,1273.4,0.132,0.006999999999999999,-0.071,457.8,462.8,472.4,485.3,506.3,537.4,571.4,610.7,651.4,689.4,723.8,753.9,778.4,793.0,799.3,802.6,802.2,487.8,510.6,540.0,570.6,599.5,654.8,684.9,714.2,744.4,768.2,630.9,633.4,635.9,638.5,605.9,623.1,639.9,656.9,672.6,526.1,544.9,567.4,586.9,567.6,545.2,674.6,692.2,714.5,733.7,717.4,695.8,576.0,599.1,624.7,642.7,661.5,688.2,711.0,692.1,668.4,647.7,627.8,600.9,587.8,625.8,643.9,663.3,700.5,664.3,644.6,626.0,357.4,404.5,452.0,497.4,539.6,576.0,606.0,628.1,632.1,622.4,596.4,563.0,524.5,479.8,432.1,384.0,335.8,331.3,312.5,306.0,307.3,314.5,309.5,297.1,292.1,294.8,309.4,349.1,374.7,400.3,427.3,456.4,459.8,462.7,457.1,451.6,363.4,352.3,350.8,361.6,367.9,369.5,354.1,340.4,339.3,347.1,355.8,357.5,523.5,504.3,493.5,497.0,491.4,498.3,512.5,542.1,555.9,559.6,559.2,549.4,523.4,513.3,513.4,510.4,514.4,527.7,530.9,530.3,-80.2,-78.2,-74.1,-68.5,-59.0,-45.1,-29.9,-12.7,4.9,21.4,36.6,50.0,60.9,67.2,69.8,71.2,70.9,-65.2,-55.1,-42.4,-29.3,-17.1,6.2,19.0,31.5,44.5,54.8,-3.8,-2.8,-1.7,-0.6,-14.4,-7.1,-0.0,7.1,13.7,-48.6,-40.5,-30.9,-22.6,-30.8,-40.3,14.7,22.2,31.7,39.9,32.9,23.7,-27.4,-17.3,-6.4,1.1,9.1,20.4,30.3,22.1,12.0,3.3,-5.2,-16.6,-22.3,-6.0,1.6,9.8,25.8,10.3,2.0,-5.9,-1.1,19.6,40.7,60.8,79.3,94.9,107.3,116.0,117.5,113.7,103.2,89.1,72.3,52.6,31.6,10.5,-10.6,-12.3,-20.3,-22.9,-22.3,-19.2,-21.3,-26.6,-28.8,-27.7,-21.6,-4.6,6.2,16.9,28.1,40.7,42.0,43.2,40.9,38.7,1.5,-3.3,-3.9,0.7,3.4,4.0,-2.5,-8.3,-8.8,-5.5,-1.8,-1.0,70.1,61.1,56.2,57.7,55.3,58.5,65.1,77.4,82.9,84.4,84.3,80.6,69.9,64.8,64.8,63.5,65.9,70.9,72.2,72.0,1320.1,1322.9,1326.8,1328.5,1324.1,1317.8,1308.8,1298.0,1295.7,1300.3,1310.2,1317.4,1319.0,1318.1,1315.0,1312.9,1312.2,1285.1,1278.3,1272.4,1267.7,1264.7,1264.5,1268.3,1272.8,1277.2,1281.7,1264.1,1259.8,1255.3,1251.1,1266.5,1264.0,1262.3,1263.8,1265.4,1281.0,1277.0,1276.0,1275.4,1275.5,1277.0,1275.7,1274.5,1275.5,1278.5,1275.6,1274.8,1285.4,1270.4,1263.9,1262.7,1262.9,1269.3,1281.6,1274.3,1269.3,1268.9,1270.3,1276.2,1283.2,1267.9,1266.4,1266.6,1280.0,1267.9,1267.5,1268.9,2.34,0.166,0.013000000000000001,-0.07200000000000001,637.8380000000001,444.92900000000003,-29.928,3.5469999999999997,-4.383,-0.322,-7.477,-10.712,4.931,-0.677,3.657,-7.27,-7.365,0.856,-1.964,2.714,-4.4430000000000005,3.937,-0.35,-2.524,1.834,-6.367999999999999,0.44,-3.8810000000000002,0.165,1.526,-2.295,1.341,0.201,-0.16399999999999998,0.436,-0.41,0.23199999999999998,-0.752,-0.023,0.02,0.0,0.07,0.0,0.25,0.0,0.19,0.0,0.0,0.13,0.0,0.24,0.0,0.89,0.0,1.63,1.39,0.03,0.0,0.0,0.0,1.0,0.0,0.0,0.0,0.0,0.0,0.0,0.0,0.0,1.0,0.0,1.0,1.0,0.0,0.0
28,0.9009999999999999,0.98,0.099065,0.21081100000000003,-0.9724940000000001,-0.060846000000000004,0.21730500000000003,-0.9742049999999999,0.02,0.21600000000000003,542.4,546.2,557.0,568.4,573.7,570.7,559.1,547.7,528.1,534.6,544.3,555.8,567.4,577.0,583.9,577.9,568.2,557.1,545.6,535.4,553.5,558.4,563.1,564.8,562.4,557.5,552.8,551.1,686.2,688.8,699.2,711.1,717.7,715.1,704.7,692.1,676.8,682.6,691.2,702.8,714.7,724.5,732.4,726.1,717.3,707.0,695.5,684.7,697.6,703.3,708.2,709.5,706.3,700.7,695.8,694.5,360.1,348.6,343.2,347.2,358.1,370.4,375.0,371.1,364.3,357.9,353.4,350.8,351.9,356.1,362.6,366.9,369.2,370.7,370.7,368.6,364.4,366.1,363.8,358.8,354.0,352.3,354.7,359.7,349.5,337.7,331.3,333.9,344.1,355.8,362.3,360.8,354.1,346.9,341.6,338.7,339.5,342.4,347.9,353.0,356.2,358.1,358.4,358.0,353.6,354.8,351.8,346.2,341.4,340.1,343.1,348.7,-37.6,-36.2,-32.0,-27.6,-25.6,-26.7,-31.2,-35.6,-43.3,-40.7,-36.9,-32.4,-28.0,-24.3,-21.7,-24.0,-27.7,-31.9,-36.4,-40.4,-33.4,-31.5,-29.7,-29.0,-29.9,-31.8,-33.6,-34.3,17.5,18.5,22.5,27.0,29.5,28.4,24.5,19.7,13.9,16.1,19.4,23.8,28.3,32.1,35.1,32.6,29.3,25.3,21.0,16.9,21.8,24.0,25.8,26.3,25.2,23.0,21.2,20.7,0.0,-4.4,-6.5,-4.9,-0.7,4.0,5.8,4.3,1.7,-0.8,-2.6,-3.6,-3.1,-1.5,1.0,2.7,3.5,4.1,4.1,3.3,1.7,2.4,1.5,-0.5,-2.3,-3.0,-2.1,-0.1,-4.0,-8.4,-10.9,-9.9,-6.0,-1.6,0.9,0.3,-2.2,-5.0,-7.0,-8.1,-7.8,-6.7,-4.6,-2.6,-1.4,-0.7,-0.6,-0.8,-2.4,-2.0,-3.1,-5.2,-7.1,-7.6,-6.4,-4.3,1156.5,1156.6,1156.9,1157.1,1157.1,1157.2,1156.6,1156.5,1160.5,1158.4,1156.3,1155.6,1156.5,1158.0,1159.8,1158.2,1156.3,1155.6,1156.4,1158.4,1157.5,1157.5,1157.7,1157.7,1157.7,1157.7,1157.5,1157.5,1136.6,1137.9,1138.5,1138.2,1137.1,1135.9,1135.2,1135.7,1137.9,1136.9,1136.0,1135.7,1136.6,1138.4,1140.5,1137.6,1135.2,1133.8,1134.1,1135.9,1137.0,1136.9,1137.2,1137.8,1138.3,1138.5,1138.2,1137.6,-0.9,36.5,1275.0,0.141,0.005,-0.075,457.4,462.5,472.1,484.9,506.1,537.5,572.0,611.7,652.7,690.7,724.8,754.7,779.1,793.5,799.4,802.2,801.5,487.6,510.6,539.7,570.1,598.9,654.9,685.0,714.2,744.1,767.6,630.7,633.2,635.8,638.6,606.0,623.3,640.2,657.2,672.9,526.0,544.7,567.2,586.6,567.4,545.1,674.4,691.8,714.1,733.3,717.1,695.6,574.6,598.2,624.6,643.2,662.7,690.3,713.4,694.6,670.2,648.8,628.2,600.2,586.4,625.8,644.4,664.5,703.0,666.0,645.6,626.3,358.5,405.5,452.8,498.1,540.1,576.5,606.7,629.2,633.2,623.2,596.8,563.4,524.9,480.1,432.4,384.3,336.0,331.7,313.1,306.7,307.6,314.7,309.5,296.9,292.2,295.2,309.6,350.0,375.4,400.8,427.6,456.9,460.2,463.2,457.4,451.8,364.7,353.2,351.7,362.7,368.9,370.5,354.9,340.9,339.7,347.7,356.3,358.1,522.9,503.8,493.5,496.8,491.1,497.3,510.9,543.1,558.4,562.4,562.0,551.1,522.8,512.7,512.8,509.5,513.1,530.7,534.3,533.6,-80.4,-78.3,-74.3,-68.7,-59.1,-45.1,-29.7,-12.2,5.5,22.0,37.1,50.4,61.2,67.4,69.9,71.0,70.6,-65.3,-55.2,-42.6,-29.5,-17.4,6.3,19.0,31.5,44.4,54.6,-3.9,-2.8,-1.7,-0.6,-14.4,-7.1,0.1,7.2,13.9,-48.7,-40.6,-31.0,-22.7,-30.9,-40.4,14.6,22.0,31.5,39.8,32.8,23.6,-28.1,-17.8,-6.5,1.4,9.6,21.3,31.4,23.3,12.8,3.7,-5.0,-17.0,-23.0,-6.0,1.9,10.4,26.9,11.0,2.4,-5.8,-0.7,20.1,41.1,61.2,79.6,95.2,107.7,116.6,118.1,114.2,103.5,89.4,72.5,52.8,31.7,10.6,-10.5,-12.1,-20.0,-22.6,-22.1,-19.1,-21.3,-26.7,-28.8,-27.6,-21.5,-4.2,6.5,17.1,28.2,40.9,42.3,43.5,41.1,38.8,2.0,-2.9,-3.6,1.1,3.8,4.5,-2.2,-8.1,-8.7,-5.3,-1.6,-0.8,69.9,61.0,56.3,57.7,55.3,58.2,64.6,77.9,84.1,85.8,85.7,81.5,69.8,64.6,64.6,63.2,65.4,72.3,73.8,73.6,1320.4,1323.3,1327.3,1329.1,1324.9,1318.7,1310.1,1299.5,1297.4,1302.0,1311.6,1318.3,1319.5,1318.3,1315.0,1313.2,1312.5,1285.4,1278.8,1273.1,1268.4,1265.6,1265.5,1269.4,1273.9,1278.1,1282.5,1265.1,1261.0,1256.7,1252.6,1267.9,1265.5,1263.8,1265.2,1266.8,1281.6,1277.7,1276.8,1276.5,1276.5,1277.8,1276.7,1275.4,1276.5,1279.4,1276.6,1275.7,1287.9,1272.6,1265.9,1264.7,1264.9,1271.5,1284.0,1277.3,1272.0,1271.6,1273.0,1279.0,1286.0,1269.7,1268.2,1268.4,1282.6,1270.7,1270.2,1271.7,2.338,0.175,0.01,-0.075,638.054,445.5,-35.186,3.693,-0.8440000000000001,-1.9340000000000002,-6.7860000000000005,-11.538,4.752,0.192,4.1930000000000005,-6.23,-8.073,0.353,-2.282,2.551,-4.794,4.16,-0.564,-2.6310000000000002,1.764,-6.31,0.33899999999999997,-3.2889999999999997,-0.47700000000000004,1.889,-2.167,1.4280000000000002,0.096,-0.32799999999999996,0.525,-0.499,0.055999999999999994,-0.7120000000000001,-0.045,0.005,0.0,0.0,0.0,0.3,0.0,0.29,0.01,0.03,0.35,0.0,0.21,0.0,0.97,0.0,1.94,1.39,0.03,0.0,0.0,0.0,1.0,0.0,0.0,0.0,0.0,0.0,0.0,0.0,0.0,1.0,0.0,1.0,1.0,0.0,0.0
29,0.934,0.98,0.100328,0.217486,-0.970894,-0.05481799999999999,0.21436999999999998,-0.9752129999999999,0.023,0.218,542.9,546.7,557.5,568.9,574.2,571.1,559.6,548.2,528.5,535.0,544.8,556.4,568.1,577.6,584.5,578.4,568.7,557.6,546.1,535.8,554.0,558.9,563.5,565.2,562.9,558.0,553.4,551.7,686.9,689.6,700.0,711.9,718.3,715.6,705.3,692.7,677.7,683.4,691.9,703.5,715.3,724.9,732.5,726.4,717.9,707.7,696.3,685.6,698.2,703.8,708.7,710.0,707.0,701.4,696.5,695.2,361.1,349.6,344.2,348.1,359.0,371.2,375.9,372.0,364.4,358.3,354.1,351.6,352.8,357.0,363.5,367.7,370.0,371.5,371.2,369.0,365.2,366.9,364.5,359.6,354.9,353.2,355.5,360.5,349.7,338.1,331.8,334.5,344.7,356.4,362.7,361.0,354.7,347.4,342.1,339.2,340.1,343.0,348.6,353.7,356.9,358.7,359.0,358.6,353.9,355.2,352.2,346.7,341.9,340.6,343.6,349.1,-37.4,-36.0,-31.8,-27.4,-25.4,-26.6,-31.0,-35.4,-43.1,-40.6,-36.7,-32.2,-27.7,-24.1,-21.5,-23.8,-27.5,-31.8,-36.2,-40.2,-33.2,-31.3,-29.5,-28.9,-29.8,-31.6,-33.4,-34.1,17.9,19.0,22.9,27.5,29.9,28.9,24.9,20.1,14.4,16.6,19.8,24.2,28.7,32.5,35.4,33.0,29.7,25.8,21.4,17.4,22.2,24.4,26.3,26.8,25.6,23.5,21.6,21.1,0.4,-4.0,-6.1,-4.6,-0.4,4.3,6.1,4.6,1.7,-0.6,-2.3,-3.2,-2.8,-1.2,1.4,3.0,3.8,4.4,4.3,3.5,2.0,2.6,1.8,-0.2,-2.0,-2.6,-1.7,0.2,-3.9,-8.4,-10.8,-9.7,-5.8,-1.4,1.0,0.4,-2.0,-4.8,-6.8,-7.9,-7.6,-6.5,-4.4,-2.4,-1.2,-0.5,-0.4,-0.6,-2.3,-1.8,-3.0,-5.1,-6.9,-7.4,-6.3,-4.2,1156.9,1156.8,1156.9,1157.2,1157.4,1157.9,1157.5,1157.2,1161.1,1158.8,1156.6,1155.8,1156.7,1158.3,1160.3,1158.8,1157.0,1156.2,1157.0,1159.0,1158.0,1158.1,1158.2,1158.1,1158.0,1157.9,1157.8,1157.9,1145.4,1146.7,1147.4,1147.2,1146.1,1144.9,1144.1,1144.5,1146.7,1145.7,1144.8,1144.6,1145.6,1147.4,1149.5,1146.7,1144.3,1142.8,1143.0,1144.7,1145.9,1145.8,1146.1,1146.7,1147.3,1147.4,1147.0,1146.4,-0.5,36.7,1275.0,0.15,-0.0,-0.077,457.4,462.8,472.4,485.0,505.9,537.1,572.1,612.7,654.4,692.9,726.8,756.1,780.1,794.1,799.8,802.2,801.3,487.8,510.7,539.8,570.3,599.0,655.8,685.7,714.8,744.3,767.6,631.5,634.1,636.8,639.7,606.4,624.0,641.2,658.5,674.2,526.6,545.3,567.7,587.0,567.9,545.7,675.2,692.5,714.6,733.7,717.7,696.3,574.4,598.0,625.0,644.3,664.6,692.4,715.5,697.1,672.4,650.2,628.9,600.3,585.9,626.1,645.4,666.2,705.2,668.3,647.1,627.0,359.3,406.5,453.6,498.7,540.6,576.9,607.1,629.9,633.9,623.7,597.3,564.0,525.2,480.2,432.4,384.1,335.6,333.0,314.2,307.7,308.5,315.4,310.2,297.6,293.0,295.9,309.9,350.9,376.4,401.8,428.6,457.1,460.7,463.9,457.7,451.9,365.6,354.0,352.4,363.5,369.6,371.1,355.7,341.5,340.1,348.2,356.6,358.6,522.6,503.6,493.9,497.1,491.3,496.8,510.2,543.5,559.8,564.1,563.6,552.1,522.5,511.8,511.9,508.5,512.4,533.6,537.5,536.8,-80.3,-78.1,-74.1,-68.6,-59.2,-45.2,-29.7,-11.8,6.2,22.9,37.9,51.0,61.6,67.7,70.0,71.0,70.5,-65.2,-55.1,-42.5,-29.5,-17.3,6.7,19.3,31.7,44.4,54.5,-3.6,-2.5,-1.3,-0.1,-14.2,-6.7,0.5,7.8,14.5,-48.4,-40.3,-30.8,-22.5,-30.7,-40.1,15.0,22.3,31.7,39.9,33.1,24.0,-28.2,-17.8,-6.3,1.8,10.4,22.2,32.3,24.3,13.8,4.3,-4.7,-17.0,-23.2,-5.9,2.3,11.1,27.9,12.0,3.0,-5.5,-0.3,20.5,41.4,61.4,79.7,95.4,107.9,116.9,118.4,114.4,103.8,89.6,72.7,52.8,31.7,10.5,-10.7,-11.6,-19.5,-22.2,-21.7,-18.8,-21.0,-26.4,-28.4,-27.3,-21.4,-3.8,6.9,17.5,28.6,41.0,42.5,43.7,41.2,38.8,2.4,-2.6,-3.2,1.5,4.1,4.7,-1.8,-7.9,-8.5,-5.0,-1.4,-0.6,69.8,61.0,56.5,57.8,55.4,58.0,64.3,78.2,84.8,86.6,86.5,82.0,69.7,64.2,64.2,62.8,65.2,73.6,75.2,75.0,1319.5,1322.5,1326.4,1328.2,1324.4,1318.7,1310.3,1299.6,1297.2,1301.8,1311.6,1318.2,1319.3,1318.0,1314.5,1312.8,1312.3,1284.5,1277.9,1272.2,1267.4,1264.5,1264.8,1268.8,1273.2,1277.5,1282.1,1264.4,1260.4,1256.2,1252.3,1267.8,1265.2,1263.5,1264.8,1266.4,1280.5,1276.8,1276.1,1275.9,1275.8,1277.0,1276.2,1275.0,1276.1,1279.1,1276.2,1275.3,1288.5,1273.2,1266.4,1265.1,1265.5,1272.3,1284.9,1278.4,1273.0,1272.5,1273.9,1279.8,1286.8,1269.7,1268.3,1268.6,1283.6,1271.9,1271.4,1272.9,2.338,0.183,0.005,-0.078,638.822,446.089,-37.838,3.688,2.338,-3.2089999999999996,-6.249,-11.57,4.755,0.581,5.045,-4.905,-8.347999999999999,0.048,-2.383,2.752,-4.784,4.256,-0.127,-2.562,0.585,-5.752000000000001,0.185,-2.1719999999999997,-1.39,1.258,-1.995,1.3969999999999998,-0.114,-0.212,0.625,-0.38799999999999996,-0.04,-0.836,-0.087,0.01,0.0,0.0,0.0,0.25,0.0,0.42,0.01,0.09,0.58,0.04,0.26,0.0,1.05,0.0,2.17,1.33,0.01,0.0,0.0,0.0,1.0,0.0,0.0,0.0,1.0,1.0,0.0,0.0,0.0,1.0,0.0,1.0,1.0,0.0,0.0
30,0.968,0.98,0.103453,0.225231,-0.9687969999999999,-0.063696,0.21265100000000003,-0.97505,0.02,0.222,544.2,548.0,558.6,569.8,575.0,572.0,560.6,549.4,530.1,536.1,545.6,557.2,569.0,578.6,585.6,579.3,569.6,558.4,547.1,537.2,555.1,560.0,564.6,566.3,564.0,559.1,554.5,552.9,687.7,690.4,700.7,712.6,719.2,716.5,706.2,693.6,678.6,684.2,692.8,704.5,716.6,726.3,734.0,727.8,719.2,709.0,697.5,686.7,699.2,704.7,709.5,710.8,707.7,702.2,697.4,696.1,362.4,351.1,345.9,349.8,360.5,372.4,377.0,373.1,365.8,359.6,355.3,352.7,353.8,358.1,364.7,368.7,371.1,372.6,372.5,370.2,366.4,368.0,365.8,360.8,356.2,354.5,356.8,361.7,350.6,338.8,332.4,335.0,345.3,357.1,363.6,362.0,355.7,348.3,342.9,339.9,340.8,343.6,349.2,354.3,357.5,359.4,359.8,359.4,354.6,355.9,352.9,347.4,342.6,341.3,344.3,349.8,-37.2,-35.7,-31.6,-27.2,-25.2,-26.4,-30.8,-35.2,-42.8,-40.4,-36.6,-32.1,-27.5,-23.8,-21.2,-23.6,-27.3,-31.6,-36.0,-40.0,-32.9,-31.1,-29.3,-28.6,-29.5,-31.4,-33.2,-33.8,18.1,19.1,23.0,27.5,30.0,29.0,25.0,20.3,14.6,16.8,20.0,24.4,29.0,32.7,35.7,33.3,30.0,26.1,21.7,17.7,22.4,24.5,26.3,26.8,25.7,23.6,21.7,21.3,0.9,-3.4,-5.5,-4.0,0.2,4.8,6.6,5.1,2.2,-0.2,-1.8,-2.8,-2.4,-0.8,1.8,3.4,4.3,4.9,4.8,4.0,2.5,3.1,2.2,0.3,-1.5,-2.1,-1.2,0.7,-3.6,-8.0,-10.5,-9.5,-5.6,-1.1,1.3,0.7,-1.6,-4.4,-6.5,-7.6,-7.3,-6.2,-4.1,-2.2,-1.0,-0.2,-0.1,-0.2,-2.0,-1.6,-2.7,-4.8,-6.6,-7.1,-5.9,-3.9,1163.6,1163.1,1162.9,1163.1,1163.6,1164.3,1164.2,1164.0,1168.2,1165.6,1163.1,1162.0,1162.8,1164.4,1166.5,1165.0,1163.5,1163.0,1163.9,1166.1,1164.6,1164.7,1164.6,1164.4,1164.2,1164.1,1164.2,1164.4,1135.9,1137.0,1137.7,1137.4,1136.4,1135.2,1134.6,1135.0,1137.0,1135.9,1135.0,1134.8,1135.8,1137.6,1139.8,1137.0,1134.6,1133.1,1133.3,1135.0,1136.3,1136.2,1136.5,1137.1,1137.5,1137.7,1137.4,1136.8,-0.1,37.1,1275.4,0.15,-0.006,-0.076,457.8,463.0,472.5,485.1,506.0,537.5,572.7,613.7,655.7,694.0,727.7,756.9,780.9,794.9,800.3,802.6,801.4,488.9,512.2,541.2,571.6,600.3,657.4,687.3,716.2,745.8,769.1,632.9,635.7,638.6,641.7,608.0,625.6,642.9,660.1,675.8,527.5,546.3,568.7,588.2,569.0,546.7,676.2,693.6,715.8,734.9,719.0,697.6,574.2,598.7,626.2,645.6,665.9,694.0,717.5,698.6,673.5,651.3,630.0,600.7,585.9,627.3,646.7,667.4,707.2,669.4,648.2,628.1,360.1,407.2,454.3,499.4,541.3,577.6,607.9,630.9,634.9,624.8,598.6,565.3,526.6,481.5,433.5,385.0,336.2,333.9,315.3,308.9,309.6,316.4,310.9,298.2,293.6,296.5,310.5,351.7,377.3,402.9,429.9,458.1,461.7,464.9,458.7,452.9,366.8,355.1,353.5,364.6,370.7,372.3,356.5,342.2,340.8,348.9,357.3,359.4,522.7,504.0,494.4,497.5,491.8,497.1,510.2,544.4,560.9,565.1,564.6,552.8,522.8,512.4,512.6,509.1,512.6,534.4,538.2,537.5,-80.1,-78.0,-74.0,-68.6,-59.1,-45.1,-29.4,-11.4,6.8,23.4,38.4,51.4,62.0,68.1,70.3,71.2,70.6,-64.7,-54.4,-41.9,-28.9,-16.7,7.3,20.0,32.4,45.1,55.2,-3.0,-1.8,-0.6,0.7,-13.5,-6.1,1.2,8.5,15.1,-48.0,-39.9,-30.3,-22.0,-30.2,-39.7,15.4,22.8,32.3,40.5,33.6,24.5,-28.3,-17.5,-5.8,2.4,10.9,22.9,33.2,25.0,14.2,4.8,-4.3,-16.8,-23.2,-5.4,2.8,11.6,28.8,12.5,3.5,-5.1,0.0,20.8,41.7,61.7,80.0,95.7,108.3,117.3,118.9,114.9,104.4,90.3,73.3,53.4,32.2,10.9,-10.4,-11.2,-19.1,-21.7,-21.3,-18.4,-20.7,-26.2,-28.2,-27.1,-21.2,-3.5,7.3,18.0,29.2,41.5,42.9,44.2,41.6,39.2,2.9,-2.1,-2.7,1.9,4.6,5.2,-1.5,-7.6,-8.2,-4.8,-1.1,-0.3,69.9,61.1,56.7,58.0,55.6,58.2,64.4,78.6,85.2,87.0,86.9,82.3,69.9,64.5,64.5,63.1,65.3,74.0,75.5,75.3,1319.1,1322.0,1325.9,1327.8,1324.1,1318.6,1310.3,1299.5,1297.4,1302.1,1312.2,1319.0,1320.1,1318.8,1315.1,1313.3,1312.6,1284.1,1277.8,1272.4,1267.7,1264.9,1265.1,1269.2,1273.7,1278.0,1282.8,1264.7,1260.9,1256.8,1253.0,1268.2,1265.7,1264.0,1265.4,1267.0,1280.6,1277.0,1276.4,1276.2,1276.0,1277.1,1276.6,1275.5,1276.6,1279.6,1276.7,1275.8,1289.2,1273.7,1266.8,1265.5,1265.9,1273.0,1285.8,1278.9,1273.1,1272.6,1274.0,1280.3,1287.6,1270.2,1268.8,1269.0,1284.5,1272.1,1271.6,1273.1,2.3369999999999997,0.183,-0.002,-0.076,639.913,446.91900000000004,-38.685,3.19,3.01,-4.103,-6.734,-11.023,3.8739999999999997,0.961,4.534,-5.192,-8.671,-0.248,-2.766,2.6439999999999997,-4.917,4.957,0.282,-2.2119999999999997,0.6409999999999999,-5.646,-0.07,-2.155,-0.946,1.743,-2.289,1.5830000000000002,0.026000000000000002,-0.21899999999999997,0.597,-0.34700000000000003,-0.027000000000000003,-0.794,-0.102,-0.002,0.0,0.03,0.0,0.19,0.0,0.38,0.01,0.19,0.74,0.09,0.27,0.0,1.07,0.0,2.34,1.25,0.0,0.0,0.0,0.0,1.0,0.0,0.0,0.0,1.0,1.0,0.0,0.0,0.0,1.0,0.0,1.0,1.0,0.0,0.0
31,1.001,0.98,0.10818599999999999,0.216902,-0.9701799999999999,-0.05488099999999999,0.223838,-0.97308,0.027000000000000003,0.223,545.4,549.2,559.8,571.0,576.3,573.4,562.0,550.8,531.1,537.3,547.1,558.5,570.2,579.8,586.9,580.7,571.2,560.2,548.8,538.6,556.2,561.3,566.2,567.9,565.4,560.3,555.5,553.8,689.3,692.1,702.4,714.2,720.5,717.7,707.4,695.1,680.4,685.6,693.9,705.5,717.9,728.2,736.4,729.6,720.3,709.6,698.1,687.8,700.8,706.3,711.0,712.3,709.4,704.0,699.2,697.9,363.4,352.1,346.8,350.5,361.2,373.2,377.9,374.1,366.9,360.8,356.4,353.9,354.9,359.2,365.7,370.0,372.5,374.2,374.1,371.7,367.5,369.2,366.8,361.7,356.8,355.1,357.5,362.7,351.6,339.6,333.1,335.9,346.3,358.3,364.8,363.1,356.2,349.3,344.0,341.1,341.8,344.3,349.5,354.8,358.2,360.3,360.7,360.0,355.4,356.6,353.6,348.1,343.3,342.0,345.0,350.6,-36.4,-35.0,-30.9,-26.6,-24.5,-25.7,-30.1,-34.4,-42.1,-39.6,-35.8,-31.4,-26.9,-23.2,-20.5,-22.9,-26.5,-30.7,-35.2,-39.2,-32.3,-30.3,-28.5,-27.8,-28.8,-30.7,-32.6,-33.2,18.8,19.8,23.8,28.2,30.6,29.5,25.6,20.9,15.4,17.4,20.5,24.9,29.6,33.6,36.8,34.1,30.5,26.4,22.1,18.2,23.2,25.2,27.0,27.5,26.4,24.4,22.6,22.1,1.3,-3.0,-5.1,-3.7,0.5,5.1,6.9,5.4,2.7,0.3,-1.4,-2.4,-2.0,-0.3,2.2,3.9,4.8,5.5,5.4,4.5,2.9,3.6,2.6,0.6,-1.2,-1.9,-1.0,1.0,-3.2,-7.7,-10.2,-9.2,-5.2,-0.7,1.8,1.2,-1.4,-4.1,-6.1,-7.2,-6.9,-6.0,-4.0,-2.0,-0.7,0.1,0.3,0.0,-1.8,-1.3,-2.4,-4.5,-6.3,-6.8,-5.7,-3.6,1156.0,1155.7,1155.6,1155.9,1156.3,1157.0,1156.8,1156.5,1160.7,1158.1,1155.6,1154.6,1155.5,1157.2,1159.4,1157.9,1156.4,1155.7,1156.5,1158.5,1157.1,1157.3,1157.2,1157.1,1156.9,1156.7,1156.8,1156.9,1141.5,1142.0,1142.0,1141.5,1140.7,1140.1,1140.1,1140.9,1143.4,1141.7,1140.3,1139.4,1140.1,1141.8,1143.9,1141.6,1139.6,1138.7,1139.3,1141.3,1141.7,1141.5,1141.5,1141.7,1142.1,1142.3,1142.3,1142.1,0.5,37.4,1272.8,0.162,-0.016,-0.076,457.9,463.1,472.5,485.0,506.1,537.8,573.5,614.9,657.1,695.6,729.2,758.2,782.0,795.8,801.2,803.2,801.7,490.2,513.8,542.8,573.1,601.7,659.3,688.7,717.3,746.5,769.5,634.8,637.7,640.7,643.8,609.5,627.3,644.8,662.1,677.8,528.9,547.7,570.1,589.5,570.3,548.1,677.7,695.1,717.1,736.2,720.3,699.1,574.9,600.0,627.8,647.5,668.2,696.3,719.4,700.8,675.7,653.1,631.5,601.9,586.4,628.8,648.5,669.7,709.2,671.8,650.2,629.7,359.9,407.2,454.4,499.8,542.0,578.6,608.9,631.9,635.7,625.3,598.8,565.4,526.7,481.7,434.0,385.4,336.6,334.7,316.2,309.9,310.7,317.5,311.7,299.0,294.4,297.2,311.0,353.0,378.7,404.2,431.2,459.1,462.7,466.0,459.8,453.9,368.1,356.4,354.8,365.9,371.9,373.5,357.5,343.1,341.5,349.6,358.0,360.2,523.2,504.7,495.4,498.4,492.5,497.4,510.0,544.9,561.9,566.4,566.0,553.9,523.3,512.8,512.9,509.1,512.5,536.4,540.5,539.9,-79.9,-77.8,-73.8,-68.5,-59.0,-44.8,-29.0,-10.8,7.4,24.1,39.0,51.9,62.4,68.4,70.5,71.3,70.6,-63.9,-53.6,-41.1,-28.2,-16.1,8.1,20.6,32.8,45.2,55.2,-2.2,-1.0,0.3,1.6,-12.9,-5.3,2.0,9.3,15.9,-47.3,-39.2,-29.7,-21.4,-29.6,-39.0,16.0,23.4,32.8,40.9,34.1,25.1,-27.9,-17.0,-5.1,3.2,11.9,23.8,34.0,25.9,15.1,5.5,-3.6,-16.3,-22.9,-4.7,3.6,12.5,29.6,13.4,4.3,-4.4,-0.0,20.7,41.6,61.8,80.2,95.9,108.5,117.6,119.1,115.0,104.3,90.2,73.2,53.4,32.4,11.1,-10.2,-10.8,-18.6,-21.2,-20.8,-17.9,-20.3,-25.8,-27.8,-26.7,-20.9,-2.9,7.8,18.5,29.7,41.8,43.2,44.6,42.0,39.6,3.5,-1.5,-2.2,2.5,5.1,5.7,-1.0,-7.2,-7.8,-4.4,-0.8,0.1,70.0,61.3,57.1,58.3,55.8,58.2,64.2,78.7,85.6,87.4,87.3,82.6,70.0,64.6,64.5,63.0,65.2,74.7,76.4,76.2,1315.8,1318.8,1322.8,1325.0,1321.7,1316.4,1308.2,1297.5,1295.5,1300.3,1310.5,1317.4,1318.4,1316.9,1313.2,1311.4,1310.7,1280.0,1273.7,1268.5,1264.0,1261.2,1261.9,1266.1,1270.7,1275.1,1279.8,1261.5,1257.7,1253.7,1249.9,1265.3,1262.8,1261.2,1262.6,1264.2,1276.8,1273.2,1272.7,1272.8,1272.5,1273.4,1273.6,1272.6,1273.8,1277.0,1274.0,1272.9,1286.9,1271.4,1264.5,1263.3,1263.9,1271.2,1284.4,1277.3,1271.3,1270.7,1271.9,1278.1,1285.4,1267.7,1266.4,1266.8,1283.1,1270.4,1269.8,1271.1,2.342,0.195,-0.012,-0.076,641.2869999999999,447.73800000000006,-38.721,4.058,4.794,-4.773,-6.632999999999999,-10.62,4.65,1.508,4.236000000000001,-4.353,-8.741,0.253,-2.755,2.483,-5.117,4.873,0.429,-2.193,-0.078,-5.442,0.129,-1.53,-1.306,1.324,-2.075,1.165,0.5589999999999999,-0.415,0.703,-0.321,0.035,-0.745,-0.039,-0.001,0.0,0.03,0.0,0.23,0.0,0.51,0.0,0.22,0.83,0.17,0.31,0.0,1.22,0.0,2.47,1.19,0.0,0.0,0.0,0.0,1.0,0.0,0.0,0.0,1.0,1.0,0.0,0.0,0.0,1.0,0.0,1.0,1.0,0.0,0.0
32,1.034,0.98,0.107644,0.223298,-0.9687879999999999,-0.044384,0.23493000000000003,-0.9709979999999999,0.033,0.23199999999999998,546.5,550.3,561.1,572.5,578.0,574.9,563.4,551.9,531.9,538.9,549.0,560.5,572.0,581.4,588.3,582.3,572.8,561.8,550.2,539.7,557.5,562.6,567.4,569.1,566.7,561.6,556.8,555.1,691.0,693.8,704.1,715.9,722.2,719.3,709.0,696.7,682.1,687.5,695.9,707.4,719.4,729.2,736.9,730.7,721.9,711.5,700.1,689.7,702.3,707.8,712.6,714.0,711.0,705.5,700.7,699.4,364.6,353.0,347.6,351.5,362.5,374.8,379.5,375.6,368.1,362.0,357.6,355.2,356.5,360.7,367.2,371.4,373.4,374.8,374.6,372.5,369.1,370.8,368.4,363.2,358.3,356.6,359.0,364.2,352.8,341.0,334.7,337.5,347.8,359.5,365.9,364.1,357.4,350.3,345.1,342.2,343.0,345.7,351.2,356.3,359.5,361.4,361.8,361.2,356.7,358.1,355.1,349.6,344.8,343.5,346.4,351.9,-35.9,-34.5,-30.3,-25.9,-23.9,-25.0,-29.4,-33.8,-41.7,-38.9,-34.9,-30.5,-26.1,-22.5,-19.9,-22.2,-25.8,-30.0,-34.5,-38.6,-31.7,-29.8,-27.9,-27.3,-28.2,-30.2,-32.0,-32.7,19.6,20.7,24.7,29.2,31.6,30.5,26.5,21.8,16.2,18.3,21.5,25.9,30.5,34.4,37.4,34.9,31.5,27.5,23.1,19.1,24.0,26.1,28.0,28.5,27.4,25.2,23.4,22.9,1.8,-2.7,-4.8,-3.3,0.9,5.7,7.5,6.0,3.1,0.8,-0.9,-1.9,-1.4,0.3,2.8,4.4,5.2,5.7,5.6,4.8,3.5,4.2,3.2,1.2,-0.6,-1.3,-0.4,1.6,-2.8,-7.3,-9.8,-8.7,-4.7,-0.2,2.2,1.6,-1.0,-3.7,-5.7,-6.8,-6.6,-5.5,-3.4,-1.4,-0.2,0.6,0.7,0.5,-1.3,-0.7,-1.9,-4.0,-5.9,-6.4,-5.2,-3.1,1152.6,1152.9,1153.3,1153.6,1153.5,1153.5,1152.8,1152.5,1156.4,1154.3,1152.4,1151.9,1152.8,1154.4,1156.3,1154.5,1152.5,1151.6,1152.2,1154.1,1153.7,1153.8,1153.9,1154.1,1154.1,1154.0,1153.8,1153.7,1154.3,1155.2,1155.6,1155.2,1154.3,1153.4,1153.1,1153.7,1155.9,1154.6,1153.5,1153.0,1153.8,1155.6,1157.7,1155.2,1153.0,1151.8,1152.2,1154.0,1154.7,1154.6,1154.7,1155.1,1155.6,1155.7,1155.6,1155.1,1.1,37.8,1272.3,0.172,-0.027000000000000003,-0.073,458.1,463.3,472.3,484.3,505.1,537.1,573.7,616.3,658.7,697.0,730.1,758.8,782.8,796.9,802.3,804.1,802.4,491.6,515.2,544.4,575.1,603.9,660.6,689.8,718.3,747.5,770.7,636.8,640.0,643.3,646.7,611.8,629.7,647.1,664.3,679.9,530.4,549.3,571.6,591.0,571.8,549.8,679.4,696.7,718.6,737.6,721.8,700.7,575.8,601.5,629.7,649.4,670.0,697.9,720.7,702.1,677.1,654.5,632.9,603.0,587.4,630.4,650.2,671.3,710.7,673.2,651.7,631.1,360.8,407.6,454.1,499.1,541.4,578.4,609.4,632.9,636.9,626.2,599.7,566.5,527.8,482.6,434.2,385.1,335.8,336.2,317.7,311.4,312.2,319.0,313.2,300.4,295.9,298.5,312.1,354.5,380.2,405.8,432.9,460.3,464.0,467.4,461.2,455.3,369.4,357.6,356.0,367.0,373.1,374.6,358.7,344.3,342.7,350.7,359.1,361.3,523.7,505.9,496.9,500.0,494.2,498.8,511.1,546.3,563.2,567.5,566.9,554.7,523.9,513.8,514.0,510.3,513.6,538.1,542.1,541.3,-79.7,-77.6,-73.9,-68.7,-59.4,-45.1,-28.9,-10.3,8.1,24.7,39.4,52.2,62.8,68.9,71.1,71.7,71.0,-63.2,-52.9,-40.4,-27.3,-15.1,8.7,21.0,33.1,45.6,55.7,-1.4,-0.0,1.4,2.8,-11.9,-4.3,3.0,10.2,16.8,-46.6,-38.5,-29.0,-20.8,-28.9,-38.3,16.7,24.0,33.4,41.5,34.7,25.8,-27.5,-16.3,-4.4,3.9,12.6,24.5,34.6,26.5,15.7,6.2,-3.0,-15.7,-22.5,-4.0,4.3,13.2,30.2,14.1,4.9,-3.8,0.4,20.9,41.4,61.4,79.9,95.8,108.7,118.0,119.5,115.4,104.8,90.7,73.8,53.8,32.5,11.0,-10.6,-10.1,-18.0,-20.5,-20.1,-17.2,-19.7,-25.1,-27.1,-26.1,-20.4,-2.3,8.5,19.1,30.4,42.3,43.8,45.1,42.6,40.2,4.0,-1.0,-1.7,3.0,5.6,6.2,-0.6,-6.6,-7.3,-4.0,-0.4,0.6,70.2,61.8,57.7,58.9,56.5,58.8,64.7,79.3,86.1,87.9,87.7,82.9,70.2,65.0,65.0,63.5,65.7,75.4,77.1,76.8,1313.8,1317.0,1321.3,1323.7,1320.5,1315.6,1307.5,1296.9,1295.4,1300.4,1310.9,1317.8,1319.1,1317.8,1313.8,1311.5,1310.3,1278.3,1272.1,1267.0,1262.6,1260.1,1261.2,1265.3,1269.8,1274.0,1278.8,1260.5,1256.8,1252.9,1249.4,1264.7,1262.3,1260.8,1262.2,1263.7,1275.2,1271.8,1271.4,1271.6,1271.2,1272.0,1272.7,1271.8,1273.1,1276.3,1273.4,1272.3,1286.3,1271.1,1264.5,1263.4,1264.0,1271.4,1284.5,1277.6,1271.6,1270.8,1271.9,1277.9,1284.9,1267.5,1266.3,1266.8,1283.2,1270.7,1270.0,1271.2,2.343,0.205,-0.025,-0.07400000000000001,642.643,448.79,-39.282,3.222,4.748,-5.766,-7.086,-9.911,5.3260000000000005,1.403,4.937,-3.847,-8.982000000000001,-0.23399999999999999,-2.524,2.274,-5.817,4.7,0.445,-1.999,-0.759,-5.035,-0.843,-1.459,-1.472,1.3230000000000002,-2.63,1.216,0.6970000000000001,-0.34299999999999997,0.7170000000000001,-0.395,0.142,-0.823,-0.075,-0.013000000000000001,0.0,0.03,0.02,0.43,0.0,0.43,0.0,0.25,0.85,0.15,0.3,0.0,1.21,0.0,2.56,1.17,0.0,0.0,0.0,0.0,1.0,0.0,0.0,0.0,1.0,1.0,1.0,0.0,0.0,1.0,0.0,1.0,1.0,0.0,0.0
33,1.068,0.98,0.110055,0.219473,-0.969391,-0.042752,0.235632,-0.970901,0.035,0.23,548.2,552.0,562.7,574.1,579.4,576.4,564.9,553.5,534.6,540.7,550.3,561.8,573.5,583.2,590.1,583.9,574.2,563.0,551.7,541.7,559.3,564.3,569.0,570.7,568.4,563.3,558.6,556.9,692.5,695.3,705.6,717.3,723.6,720.8,710.5,698.3,683.6,689.0,697.3,708.7,720.9,730.9,739.2,732.5,723.5,713.1,701.7,691.3,703.9,709.4,714.2,715.5,712.6,707.1,702.3,700.9,366.3,354.9,349.5,353.4,364.2,376.4,381.0,377.2,370.4,364.0,359.5,356.9,358.0,362.3,369.0,373.0,375.2,376.7,376.7,374.7,370.5,372.3,369.9,364.8,360.0,358.3,360.7,365.7,354.3,342.5,336.1,338.8,348.9,360.7,367.1,365.5,358.8,351.9,346.6,343.5,344.1,346.8,352.0,357.3,360.6,362.7,363.1,362.7,358.2,359.4,356.4,350.9,346.1,344.9,347.9,353.4,-35.5,-34.0,-29.9,-25.5,-23.4,-24.6,-29.0,-33.4,-40.9,-38.4,-34.7,-30.2,-25.7,-22.0,-19.3,-21.7,-25.4,-29.7,-34.1,-38.1,-31.2,-29.3,-27.4,-26.8,-27.7,-29.6,-31.5,-32.1,20.1,21.2,25.1,29.6,32.0,30.9,27.0,22.3,16.7,18.8,21.9,26.3,30.9,34.8,38.1,35.4,31.9,27.9,23.6,19.6,24.5,26.6,28.4,28.9,27.8,25.7,23.9,23.3,2.4,-2.0,-4.1,-2.6,1.6,6.3,8.1,6.6,4.0,1.5,-0.2,-1.2,-0.8,0.9,3.5,5.0,5.9,6.5,6.4,5.7,4.1,4.7,3.8,1.9,0.0,-0.7,0.3,2.2,-2.2,-6.7,-9.2,-8.1,-4.2,0.3,2.7,2.1,-0.4,-3.1,-5.1,-6.3,-6.1,-5.1,-3.1,-1.0,0.2,1.0,1.2,1.0,-0.7,-0.2,-1.4,-3.5,-5.3,-5.8,-4.6,-2.5,1159.2,1159.1,1159.0,1159.1,1159.2,1159.6,1159.3,1159.3,1163.6,1161.2,1158.8,1157.9,1158.7,1160.2,1162.1,1160.6,1159.0,1158.4,1159.3,1161.4,1160.1,1160.1,1160.1,1160.0,1160.0,1160.0,1160.0,1160.0,1148.4,1149.3,1149.6,1149.0,1148.0,1147.0,1146.7,1147.5,1150.0,1148.6,1147.4,1146.7,1147.5,1149.1,1151.3,1148.6,1146.5,1145.3,1145.9,1147.8,1148.6,1148.3,1148.4,1148.9,1149.4,1149.7,1149.5,1149.1,1.8,38.4,1271.3,0.172,-0.038,-0.073,458.4,463.7,472.9,485.0,505.8,537.8,574.9,618.4,661.4,699.5,732.1,760.0,783.5,797.4,802.8,804.8,803.1,493.3,517.1,546.4,576.9,605.7,662.5,691.6,719.8,748.8,772.1,638.6,642.0,645.4,649.0,613.5,631.6,649.3,666.5,682.2,532.0,550.9,573.2,592.7,573.5,551.5,681.1,698.3,720.2,739.1,723.5,702.4,578.0,603.5,631.3,651.4,672.4,699.9,722.2,704.2,679.6,656.7,634.7,605.1,589.5,632.1,652.2,673.6,712.1,675.6,653.8,632.9,361.6,408.3,454.8,499.8,542.3,579.7,611.0,634.4,638.1,627.3,601.0,568.0,529.3,484.2,435.9,386.6,337.0,338.0,319.5,313.3,314.1,320.6,314.5,301.8,297.3,299.8,313.2,356.1,381.8,407.5,434.6,461.8,465.5,468.8,462.6,456.7,371.3,359.5,357.7,368.8,374.9,376.5,360.1,345.6,343.9,351.9,360.4,362.7,526.4,507.8,498.4,501.4,495.5,500.4,513.4,547.8,564.5,569.0,568.5,556.6,526.4,515.2,515.3,511.5,515.7,539.8,543.9,543.2,-79.4,-77.3,-73.5,-68.3,-59.0,-44.8,-28.4,-9.3,9.2,25.8,40.2,52.7,63.1,69.1,71.3,72.1,71.3,-62.4,-52.0,-39.5,-26.5,-14.4,9.4,21.7,33.8,46.2,56.3,-0.6,0.8,2.3,3.7,-11.2,-3.5,3.9,11.1,17.8,-45.8,-37.7,-28.3,-20.0,-28.1,-37.5,17.4,24.7,34.0,42.1,35.4,26.5,-26.6,-15.5,-3.6,4.8,13.6,25.4,35.2,27.3,16.8,7.1,-2.2,-14.9,-21.6,-3.3,5.2,14.2,30.8,15.1,5.8,-3.0,0.7,21.2,41.7,61.6,80.2,96.3,109.3,118.5,120.0,115.8,105.3,91.3,74.4,54.6,33.2,11.6,-10.1,-9.4,-17.1,-19.7,-19.3,-16.5,-19.1,-24.5,-26.5,-25.6,-19.9,-1.6,9.1,19.8,31.0,42.9,44.4,45.7,43.1,40.7,4.8,-0.2,-1.0,3.7,6.3,7.0,0.1,-6.1,-6.8,-3.4,0.2,1.1,71.3,62.5,58.3,59.5,57.1,59.4,65.6,79.9,86.6,88.5,88.3,83.7,71.2,65.5,65.5,63.9,66.6,76.1,77.8,77.6,1312.2,1315.3,1319.6,1322.0,1319.1,1314.5,1306.6,1296.0,1294.4,1299.6,1310.3,1317.5,1319.1,1317.9,1313.8,1311.5,1310.4,1276.4,1270.3,1265.4,1261.2,1258.8,1260.2,1264.6,1269.2,1273.7,1278.6,1259.5,1255.9,1252.2,1248.7,1263.9,1261.6,1260.0,1261.4,1263.0,1273.6,1270.3,1270.1,1270.4,1269.9,1270.6,1271.9,1271.1,1272.6,1276.0,1272.9,1271.6,1284.8,1269.6,1263.4,1262.3,1263.1,1270.7,1283.8,1276.8,1270.7,1269.8,1270.8,1276.6,1283.5,1266.3,1265.1,1265.8,1282.4,1269.9,1269.1,1270.3,2.345,0.205,-0.037000000000000005,-0.073,644.311,450.30699999999996,-38.469,3.42,4.191,-5.507000000000001,-7.556,-10.435,5.747000000000001,2.099,5.056,-3.833,-9.307,-0.057,-2.7,2.88,-5.694,5.461,0.614,-1.433,-0.8959999999999999,-5.28,-1.068,-0.748,-1.742,0.573,-2.7,1.296,0.782,-0.43799999999999994,0.76,-0.40700000000000003,0.182,-0.787,-0.037000000000000005,-0.045,0.0,0.04,0.02,0.5,0.0,0.5,0.08,0.16,0.69,0.1,0.41,0.0,1.26,0.0,2.6,1.08,0.0,0.0,0.0,0.0,1.0,0.0,0.0,0.0,1.0,1.0,1.0,0.0,0.0,1.0,0.0,1.0,1.0,0.0,0.0
34,1.101,0.98,0.110445,0.218558,-0.9695540000000001,-0.030876,0.233361,-0.9719,0.040999999999999995,0.22899999999999998,549.4,553.0,563.5,574.9,580.4,577.5,566.2,554.9,534.8,541.9,552.1,563.5,574.7,583.9,590.5,585.0,575.9,565.1,553.5,542.7,560.3,565.2,569.7,571.3,568.9,564.0,559.5,558.0,693.9,696.6,706.8,718.5,725.0,722.3,712.1,699.7,685.1,690.3,698.6,710.1,722.0,731.5,739.0,733.2,724.8,714.8,703.4,692.8,705.3,710.7,715.3,716.6,713.6,708.2,703.6,702.3,368.7,357.2,351.7,355.5,366.3,378.5,383.3,379.5,372.5,366.1,361.5,358.9,360.1,364.3,370.7,375.3,377.7,379.3,379.2,377.2,372.8,374.4,372.1,367.1,362.5,360.9,363.2,368.2,356.0,344.4,338.0,340.7,350.8,362.4,368.8,367.2,360.9,353.6,348.2,345.2,345.9,348.7,354.4,359.4,362.5,364.4,364.9,364.5,359.8,361.0,358.1,352.8,348.1,346.9,349.8,355.1,-35.1,-33.7,-29.6,-25.2,-23.1,-24.2,-28.5,-32.9,-40.8,-38.0,-34.0,-29.6,-25.3,-21.7,-19.2,-21.3,-24.8,-29.0,-33.4,-37.7,-30.9,-29.0,-27.2,-26.6,-27.5,-29.4,-31.2,-31.8,20.9,22.0,25.9,30.5,33.0,31.9,27.9,23.2,17.5,19.5,22.7,27.2,31.8,35.6,38.5,36.2,32.9,29.0,24.5,20.5,25.3,27.4,29.2,29.7,28.6,26.5,24.7,24.2,3.4,-1.1,-3.2,-1.8,2.4,7.2,9.0,7.5,4.8,2.4,0.6,-0.4,0.0,1.7,4.1,5.9,6.8,7.5,7.4,6.6,5.0,5.6,4.7,2.8,1.0,0.3,1.3,3.2,-1.6,-6.1,-8.5,-7.5,-3.6,0.9,3.4,2.8,0.3,-2.5,-4.6,-5.8,-5.5,-4.4,-2.2,-0.2,1.0,1.7,1.9,1.7,-0.1,0.4,-0.7,-2.8,-4.6,-5.1,-4.0,-1.9,1160.4,1160.8,1161.4,1161.9,1161.9,1161.8,1160.9,1160.4,1163.8,1162.0,1160.3,1160.0,1161.3,1163.1,1165.2,1163.2,1161.0,1159.8,1160.2,1161.8,1161.7,1161.8,1162.1,1162.3,1162.3,1162.1,1161.8,1161.6,1163.7,1164.8,1165.4,1165.2,1164.2,1163.1,1162.6,1163.0,1165.1,1164.0,1163.1,1162.8,1163.7,1165.6,1167.6,1165.1,1162.8,1161.3,1161.6,1163.3,1164.3,1164.1,1164.4,1164.9,1165.3,1165.5,1165.2,1164.7,2.4,39.3,1277.2,0.17600000000000002,-0.046,-0.073,458.4,464.2,473.7,485.8,506.5,538.6,575.9,619.8,662.8,700.9,733.2,760.8,784.0,797.8,803.4,805.4,803.8,494.6,518.6,548.0,578.6,607.4,664.0,693.0,721.0,749.6,772.8,640.4,643.9,647.4,651.1,615.0,633.2,651.1,668.4,684.1,533.4,552.2,574.4,593.7,574.7,552.7,682.7,699.5,721.3,739.8,724.6,703.7,580.6,605.5,632.6,653.0,674.2,700.9,722.2,705.0,681.1,657.9,635.8,607.0,592.0,633.4,653.7,675.4,712.1,677.3,655.2,634.0,362.9,409.9,456.3,501.3,543.7,581.0,611.8,634.6,637.9,627.1,601.1,568.5,529.8,484.8,436.7,387.5,338.0,340.4,321.9,315.7,316.4,322.6,316.4,304.0,299.5,301.8,314.8,358.5,384.5,410.4,437.6,463.8,467.7,471.2,464.9,458.7,373.6,361.6,359.8,371.1,377.3,378.8,362.1,347.5,345.7,353.7,362.2,364.6,529.5,509.8,500.1,503.1,497.2,502.3,516.3,548.4,564.4,568.9,568.4,557.5,529.2,516.7,516.8,513.0,518.4,540.4,544.7,544.0,-79.7,-77.4,-73.5,-68.2,-58.9,-44.6,-28.1,-8.8,9.9,26.5,40.9,53.3,63.6,69.7,71.9,72.7,71.9,-62.1,-51.6,-38.9,-25.9,-13.7,10.1,22.5,34.4,46.8,56.9,0.2,1.6,3.1,4.6,-10.6,-2.9,4.7,12.0,18.6,-45.4,-37.3,-27.9,-19.7,-27.8,-37.1,18.2,25.3,34.6,42.7,36.1,27.1,-25.6,-14.7,-3.1,5.5,14.5,25.9,35.3,27.8,17.5,7.6,-1.8,-14.1,-20.6,-2.8,5.8,15.0,31.0,15.9,6.4,-2.6,1.3,22.0,42.5,62.5,81.1,97.2,110.2,119.1,120.4,116.2,105.8,92.0,75.0,55.1,33.8,12.1,-9.6,-8.4,-16.2,-18.8,-18.4,-15.8,-18.4,-23.7,-25.7,-24.8,-19.3,-0.6,10.3,21.1,32.5,44.0,45.5,46.9,44.3,41.8,5.8,0.7,-0.1,4.7,7.3,8.0,0.9,-5.3,-6.1,-2.7,1.0,2.0,72.9,63.7,59.3,60.5,58.1,60.6,67.2,80.6,87.0,88.8,88.7,84.4,72.7,66.5,66.5,64.9,68.0,76.8,78.5,78.3,1317.1,1320.5,1325.0,1327.4,1324.6,1320.0,1312.2,1301.5,1299.7,1305.2,1316.1,1323.5,1325.3,1324.2,1320.0,1317.5,1316.3,1281.1,1275.2,1270.5,1266.5,1264.2,1266.2,1270.6,1275.0,1279.4,1284.5,1265.3,1262.2,1258.9,1255.9,1270.4,1268.1,1266.5,1267.7,1269.2,1278.4,1275.2,1275.1,1275.4,1274.9,1275.5,1277.6,1276.8,1278.3,1281.9,1278.8,1277.4,1290.0,1275.5,1269.9,1268.8,1269.7,1277.2,1289.9,1283.0,1276.8,1275.8,1276.9,1282.2,1288.7,1272.4,1271.3,1272.0,1288.3,1276.1,1275.3,1276.5,2.334,0.21,-0.045,-0.073,645.571,451.923,-39.475,3.76,1.4380000000000002,-7.308,-7.051,-9.762,6.206,1.806,5.346,-3.636,-9.587,0.39799999999999996,-2.207,4.418,-5.196000000000001,6.05,0.7090000000000001,-1.71,-1.043,-5.1610000000000005,-1.526,0.239,-1.8630000000000002,-0.177,-2.75,1.4709999999999999,0.86,-0.024,0.879,-0.547,0.379,-0.8420000000000001,-0.023,-0.045,0.0,0.09,0.02,0.53,0.0,0.5,0.13,0.11,0.45,0.04,0.49,0.0,1.13,0.0,2.51,0.92,0.0,0.0,0.0,0.0,1.0,0.0,0.0,0.0,1.0,0.0,1.0,0.0,0.0,1.0,0.0,1.0,1.0,0.0,0.0
35,1.1340000000000001,0.98,0.137553,0.195924,-0.970924,-0.032074,0.238581,-0.970593,0.054000000000000006,0.22,550.6,553.9,564.3,575.7,581.4,578.8,567.8,556.4,532.9,541.3,552.4,564.5,575.8,584.8,591.2,586.2,577.4,566.6,554.6,542.7,561.3,566.2,570.7,572.1,569.7,564.7,560.3,558.8,694.9,697.6,707.8,719.6,726.0,723.3,713.0,700.7,686.2,691.3,699.4,710.9,723.0,733.1,741.1,734.6,725.6,715.2,703.8,693.6,706.4,711.8,716.5,717.7,714.8,709.5,704.8,703.5,370.5,358.9,353.5,357.5,368.5,381.0,385.5,381.6,377.1,369.8,364.2,360.9,362.0,366.4,372.7,377.9,380.2,382.1,382.7,381.4,375.2,376.9,374.6,369.5,364.8,363.1,365.4,370.4,358.3,346.4,339.8,342.5,352.7,364.7,371.2,369.6,362.9,355.7,350.4,347.4,348.0,350.5,355.8,361.1,364.6,366.7,367.2,366.6,361.9,363.1,360.1,354.7,350.0,348.8,351.8,357.2,-32.9,-31.7,-27.9,-23.7,-21.6,-22.6,-26.6,-30.8,-39.5,-36.4,-32.2,-27.8,-23.7,-20.4,-18.1,-19.9,-23.1,-27.0,-31.4,-35.8,-29.0,-27.2,-25.6,-25.0,-26.0,-27.8,-29.4,-29.9,21.2,22.2,26.2,30.7,33.1,32.0,28.1,23.4,17.8,19.8,22.9,27.3,32.0,35.9,39.0,36.5,32.9,28.9,24.5,20.6,25.6,27.7,29.5,30.0,28.8,26.8,25.0,24.5,3.9,-0.4,-2.4,-0.9,3.1,7.7,9.4,7.9,6.3,3.6,1.5,0.3,0.7,2.4,4.7,6.6,7.5,8.1,8.3,7.9,5.6,6.2,5.4,3.5,1.8,1.1,2.0,3.8,-0.7,-5.2,-7.8,-6.8,-2.8,1.8,4.3,3.7,1.1,-1.7,-3.7,-4.8,-4.6,-3.7,-1.6,0.4,1.8,2.6,2.8,2.6,0.7,1.2,0.0,-2.0,-3.9,-4.3,-3.2,-1.1,1103.9,1105.0,1106.4,1107.2,1107.0,1106.2,1104.6,1103.7,1106.8,1105.1,1103.9,1104.1,1105.8,1108.1,1110.5,1108.0,1105.2,1103.6,1103.5,1104.7,1105.5,1105.9,1106.4,1106.9,1107.0,1106.6,1106.1,1105.6,1155.8,1156.5,1156.5,1156.0,1155.2,1154.5,1154.4,1155.2,1157.6,1156.1,1154.7,1154.0,1154.6,1156.3,1158.3,1156.0,1154.0,1153.0,1153.6,1155.6,1156.1,1155.8,1155.9,1156.2,1156.6,1156.8,1156.8,1156.5,2.8,40.0,1275.5,0.18,-0.049,-0.07400000000000001,458.2,464.7,474.7,487.2,508.1,540.1,577.3,620.7,663.7,701.8,734.1,761.7,784.6,798.2,803.8,806.1,804.6,494.5,519.3,549.4,580.2,609.4,664.8,694.1,722.3,751.1,774.5,641.7,645.2,648.8,652.6,616.3,634.5,652.3,669.5,685.0,533.5,552.6,575.0,594.5,575.3,553.0,683.5,700.6,722.4,741.2,725.8,704.8,582.9,607.4,633.8,653.9,674.8,700.7,721.3,704.4,681.2,658.4,636.6,608.7,594.3,634.5,654.6,676.0,711.3,677.6,655.8,635.0,364.4,411.2,457.6,502.6,545.2,582.3,613.1,635.4,638.1,626.7,600.0,567.1,528.6,484.2,437.2,389.1,340.5,342.8,324.6,318.6,319.1,325.3,318.6,306.5,301.9,304.0,316.8,361.1,387.1,413.0,440.1,466.3,470.0,473.3,467.2,461.2,376.5,364.4,362.4,373.7,380.1,381.8,364.3,349.5,347.7,355.6,364.4,366.9,532.0,512.1,501.9,504.9,498.9,504.3,518.6,548.9,564.2,568.8,568.4,558.3,531.6,518.7,518.7,514.8,520.5,540.2,544.6,544.1,-79.8,-77.2,-73.0,-67.6,-58.2,-44.0,-27.4,-8.4,10.3,26.9,41.3,53.7,63.9,69.8,72.1,73.0,72.3,-62.1,-51.2,-38.3,-25.2,-12.9,10.5,22.9,34.9,47.3,57.6,0.7,2.2,3.7,5.3,-10.0,-2.3,5.2,12.5,19.0,-45.3,-37.1,-27.6,-19.3,-27.5,-36.9,18.5,25.8,35.1,43.2,36.5,27.6,-24.5,-13.8,-2.6,5.9,14.7,25.8,34.9,27.5,17.5,7.8,-1.5,-13.4,-19.6,-2.3,6.2,15.3,30.6,16.0,6.7,-2.1,1.9,22.6,43.1,63.1,81.7,97.8,110.7,119.4,120.4,116.0,105.3,91.4,74.5,54.8,34.0,12.8,-8.6,-7.3,-15.0,-17.5,-17.2,-14.6,-17.4,-22.6,-24.7,-23.9,-18.5,0.5,11.4,22.2,33.5,44.9,46.4,47.8,45.3,42.7,7.0,1.8,1.0,5.8,8.5,9.2,1.8,-4.5,-5.2,-1.9,1.9,2.9,73.9,64.6,60.0,61.2,58.7,61.4,68.1,80.7,86.8,88.7,88.6,84.6,73.6,67.2,67.2,65.6,68.8,76.5,78.3,78.2,1317.3,1320.6,1324.9,1327.0,1324.2,1319.7,1312.0,1301.1,1299.4,1304.8,1315.9,1323.2,1325.0,1323.8,1320.1,1318.1,1317.2,1279.9,1273.7,1268.6,1264.2,1261.5,1263.6,1268.5,1273.5,1278.6,1284.5,1263.4,1260.3,1257.0,1254.0,1268.8,1266.5,1264.9,1266.0,1267.4,1277.2,1273.7,1273.5,1273.7,1273.3,1274.0,1276.3,1275.7,1277.3,1281.2,1277.8,1276.2,1288.0,1273.6,1268.2,1267.1,1268.0,1275.5,1288.1,1281.0,1275.0,1274.1,1275.1,1280.2,1286.4,1270.8,1269.7,1270.5,1286.5,1274.2,1273.4,1274.6,2.3369999999999997,0.213,-0.049,-0.07400000000000001,646.475,453.565,-32.663000000000004,5.421,0.39899999999999997,-6.365,-5.352,-10.234,6.457999999999999,1.002,4.512,-3.948,-8.855,0.8909999999999999,-2.5980000000000003,5.3020000000000005,-3.9930000000000003,5.392,0.5770000000000001,-1.242,-1.308,-5.531000000000001,-1.188,0.825,-1.209,-0.46399999999999997,-3.1289999999999996,0.804,1.59,-0.059000000000000004,0.8009999999999999,-0.9229999999999999,0.635,-0.382,-0.043,-0.098,0.0,0.12,0.01,0.37,0.0,0.56,0.19,0.01,0.23,0.04,0.56,0.0,0.88,0.0,2.37,0.95,0.0,0.0,0.0,0.0,1.0,0.0,0.0,0.0,1.0,0.0,1.0,0.0,0.0,1.0,0.0,1.0,1.0,0.0,0.0
36,1.168,0.98,0.13445,0.21279299999999998,-0.9678030000000001,-0.035983999999999995,0.24670999999999998,-0.9684209999999999,0.051,0.233,551.1,554.5,564.8,576.0,581.6,578.9,567.9,556.7,534.6,542.2,552.9,564.7,576.0,584.9,591.3,586.1,577.1,566.4,554.6,543.4,561.7,566.6,571.1,572.6,570.2,565.3,560.8,559.3,695.3,698.1,708.3,719.9,726.2,723.5,713.3,701.0,686.7,691.6,699.6,711.0,723.4,733.8,742.0,735.2,725.9,715.3,704.0,694.0,706.9,712.1,716.7,718.0,715.1,709.9,705.3,704.1,373.3,361.9,356.5,360.3,371.0,383.1,387.8,384.0,378.8,371.8,366.5,363.5,364.6,368.8,375.1,380.3,383.0,384.9,385.2,383.5,377.6,379.2,376.9,371.9,367.2,365.6,368.0,372.9,360.4,348.4,341.9,344.7,355.2,367.2,373.7,371.9,365.2,358.0,352.7,349.7,350.2,352.5,357.5,363.2,367.0,369.3,369.8,369.0,363.9,365.2,362.3,356.9,352.1,350.9,353.8,359.2,-33.7,-32.4,-28.5,-24.3,-22.2,-23.2,-27.3,-31.6,-40.1,-37.1,-33.0,-28.5,-24.3,-20.9,-18.6,-20.5,-23.9,-27.9,-32.3,-36.7,-29.7,-27.9,-26.2,-25.6,-26.5,-28.4,-30.1,-30.6,21.2,22.3,26.2,30.6,33.0,32.0,28.1,23.4,17.9,19.8,22.8,27.2,31.9,35.9,39.2,36.5,32.9,28.8,24.5,20.7,25.7,27.7,29.4,29.9,28.8,26.8,25.1,24.6,5.0,0.7,-1.3,0.1,4.2,8.8,10.5,9.1,7.1,4.5,2.5,1.3,1.7,3.4,5.7,7.7,8.7,9.4,9.6,8.9,6.7,7.3,6.4,4.5,2.7,2.1,3.0,4.9,0.2,-4.5,-6.9,-5.9,-1.8,2.8,5.3,4.5,2.0,-0.8,-2.8,-4.0,-3.8,-2.9,-0.9,1.2,2.7,3.6,3.7,3.5,1.5,2.0,0.9,-1.2,-3.0,-3.5,-2.4,-0.3,1136.8,1137.5,1138.5,1139.2,1139.1,1138.7,1137.4,1136.7,1140.2,1138.3,1136.8,1136.7,1138.2,1140.4,1142.7,1140.4,1138.0,1136.6,1136.7,1138.2,1138.2,1138.5,1138.9,1139.3,1139.3,1139.0,1138.5,1138.2,1150.4,1150.6,1150.3,1149.7,1149.2,1149.0,1149.3,1150.2,1152.4,1150.5,1148.9,1147.8,1148.4,1150.1,1152.3,1150.2,1148.5,1147.6,1148.4,1150.4,1150.7,1150.4,1150.3,1150.4,1150.6,1150.9,1151.0,1150.9,2.7,41.0,1278.8,0.19399999999999998,-0.040999999999999995,-0.073,458.3,465.0,475.3,487.9,508.6,540.6,577.3,620.1,662.8,701.3,734.0,762.1,784.8,798.3,803.9,806.4,805.1,494.7,519.2,549.4,580.5,609.9,665.9,695.1,723.4,752.1,775.1,642.6,646.1,649.6,653.3,617.0,634.9,652.4,669.4,684.6,534.0,553.0,575.5,594.6,575.5,553.2,683.9,700.9,722.8,741.3,726.1,705.0,583.2,606.9,632.9,652.7,673.4,698.9,719.2,701.8,678.5,656.0,634.4,607.5,594.5,633.3,653.3,674.4,709.1,675.5,653.9,633.3,366.3,412.7,458.5,503.3,545.9,583.2,614.2,637.0,639.9,628.1,600.1,566.2,527.5,483.6,437.4,390.0,342.3,345.9,327.5,321.2,322.0,328.5,321.6,309.0,304.0,305.9,318.9,364.0,390.5,416.9,444.5,469.3,473.2,476.8,470.9,465.0,378.6,366.6,364.8,376.2,382.6,384.1,366.6,351.8,349.9,357.8,366.8,369.3,534.0,514.3,504.4,507.8,502.0,507.7,522.2,551.9,566.5,570.7,570.0,559.6,533.6,521.7,521.9,518.4,524.1,541.9,546.2,545.5,-80.0,-77.2,-73.0,-67.5,-58.2,-43.9,-27.5,-8.7,9.9,26.7,41.4,53.9,64.1,70.0,72.3,73.2,72.6,-62.1,-51.4,-38.4,-25.1,-12.7,10.9,23.4,35.4,47.9,57.9,1.1,2.6,4.0,5.6,-9.8,-2.2,5.2,12.4,18.9,-45.2,-37.0,-27.4,-19.3,-27.4,-36.9,18.7,26.0,35.3,43.3,36.7,27.7,-24.4,-14.1,-3.0,5.4,14.2,25.1,34.1,26.5,16.4,6.8,-2.4,-13.9,-19.5,-2.8,5.6,14.6,29.7,15.1,5.9,-2.8,2.8,23.3,43.6,63.6,82.3,98.5,111.5,120.5,121.6,117.0,105.6,91.1,74.1,54.6,34.1,13.2,-7.8,-6.0,-13.8,-16.4,-16.0,-13.3,-16.2,-21.6,-23.8,-23.1,-17.6,1.7,12.8,23.9,35.4,46.4,47.9,49.4,46.9,44.5,7.9,2.8,2.0,6.9,9.6,10.3,2.8,-3.5,-4.3,-0.9,2.9,4.0,74.9,65.7,61.2,62.6,60.2,63.0,69.8,82.1,88.0,89.7,89.5,85.4,74.6,68.7,68.7,67.3,70.5,77.5,79.2,79.0,1320.7,1324.3,1329.0,1331.2,1328.4,1324.0,1316.4,1305.6,1303.6,1308.6,1319.1,1325.8,1327.3,1325.9,1322.2,1320.1,1318.8,1282.5,1276.3,1271.2,1266.8,1264.1,1266.1,1270.6,1275.4,1280.7,1286.7,1266.0,1263.3,1260.4,1257.9,1272.6,1270.3,1268.7,1269.6,1270.7,1279.9,1276.3,1275.9,1276.1,1275.8,1276.6,1278.9,1278.0,1279.5,1283.3,1280.2,1278.7,1291.3,1277.4,1271.8,1270.7,1271.5,1278.6,1290.8,1284.2,1278.8,1277.9,1279.1,1283.9,1289.6,1274.7,1273.6,1274.3,1289.3,1277.7,1276.9,1278.2,2.331,0.228,-0.04,-0.073,646.261,455.75199999999995,-33.43,6.801,-1.969,-6.939,-4.418,-10.412,6.02,-1.202,4.245,-3.563,-8.22,1.198,-1.8940000000000001,6.5329999999999995,-2.6439999999999997,5.127999999999999,1.042,-0.217,-1.281,-5.426,-2.379,0.331,0.125,-0.14800000000000002,-3.0180000000000002,1.0490000000000002,1.989,0.076,0.9840000000000001,-0.81,0.53,-0.379,0.046,-0.028999999999999998,0.07,0.16,0.0,0.2,0.0,0.37,0.17,0.01,0.11,0.06,0.55,0.0,0.55,0.0,2.06,1.21,0.0,0.0,0.0,1.0,1.0,0.0,0.0,0.0,1.0,0.0,1.0,0.0,0.0,1.0,0.0,1.0,1.0,0.0,0.0
37,1.2009999999999998,0.98,0.108633,0.24200500000000003,-0.964174,-0.043556,0.2662,-0.962933,0.034,0.258,550.3,553.9,564.2,575.3,580.7,577.9,566.8,555.7,536.6,542.4,552.1,563.5,575.1,584.6,591.3,585.7,576.4,565.5,554.1,543.8,561.1,566.0,570.5,572.1,569.7,564.9,560.3,558.8,694.5,697.3,707.4,719.0,725.3,722.6,712.4,700.3,685.9,690.8,698.7,710.2,722.7,733.4,741.9,734.7,725.1,714.3,703.0,693.1,706.1,711.3,715.9,717.1,714.3,709.1,704.6,703.3,376.8,365.7,360.4,363.9,374.2,385.8,390.6,387.1,380.8,374.2,369.6,366.7,367.6,371.9,378.7,383.1,385.8,387.8,388.0,385.7,380.3,381.9,379.5,374.7,370.2,368.7,371.0,375.8,363.4,351.4,345.0,347.9,358.5,370.5,376.9,374.9,367.9,360.8,355.6,352.7,353.2,355.4,360.2,366.0,369.9,372.3,372.6,371.7,366.8,368.1,365.3,359.9,355.2,353.9,356.7,362.1,-34.9,-33.5,-29.5,-25.2,-23.1,-24.2,-28.5,-32.8,-40.4,-38.1,-34.2,-29.8,-25.3,-21.6,-19.0,-21.2,-24.8,-29.0,-33.5,-37.5,-30.7,-28.8,-27.1,-26.5,-27.4,-29.3,-31.0,-31.6,20.8,21.9,25.7,30.1,32.5,31.5,27.6,23.0,17.6,19.4,22.4,26.7,31.5,35.6,38.9,36.1,32.4,28.3,24.0,20.3,25.3,27.2,29.0,29.4,28.4,26.4,24.7,24.2,6.5,2.2,0.1,1.5,5.5,10.1,11.9,10.6,8.1,5.5,3.7,2.6,3.0,4.7,7.3,9.0,10.1,10.8,10.9,10.0,7.9,8.5,7.6,5.7,4.0,3.4,4.3,6.2,1.3,-3.3,-5.7,-4.6,-0.6,4.0,6.4,5.7,3.0,0.3,-1.7,-2.8,-2.6,-1.8,0.1,2.3,3.8,4.7,4.8,4.5,2.6,3.1,2.0,-0.0,-1.8,-2.3,-1.2,0.8,1167.9,1167.4,1167.3,1167.7,1168.3,1169.2,1168.9,1168.5,1172.6,1170.1,1167.5,1166.6,1167.7,1169.6,1172.1,1170.7,1169.1,1168.4,1169.1,1170.9,1169.1,1169.3,1169.2,1169.0,1168.8,1168.6,1168.6,1168.8,1145.4,1145.2,1144.6,1144.0,1143.7,1143.9,1144.5,1145.4,1147.7,1145.5,1143.6,1142.4,1142.9,1144.7,1147.0,1145.0,1143.4,1142.7,1143.6,1145.7,1145.6,1145.4,1145.1,1145.0,1145.2,1145.4,1145.7,1145.8,2.5,42.3,1279.6,0.205,-0.034,-0.076,458.4,465.1,475.7,488.6,509.9,542.1,578.5,620.4,662.3,700.5,733.5,761.8,784.6,798.0,803.6,806.3,805.1,494.4,518.9,549.0,579.9,609.3,664.9,694.2,722.4,751.5,774.6,641.7,645.1,648.6,652.2,616.6,634.3,651.6,668.6,683.7,533.9,552.8,575.3,594.3,575.3,552.9,683.2,700.2,722.1,740.6,725.3,704.2,584.5,608.5,633.7,652.5,672.1,696.9,717.6,699.7,677.1,655.7,635.2,609.2,595.8,634.2,653.1,673.3,707.4,673.9,653.5,634.1,367.1,413.9,460.4,505.8,548.6,585.7,616.1,638.3,640.9,629.4,601.5,567.4,528.7,484.7,438.3,391.0,343.0,348.8,330.7,324.5,325.6,332.2,325.3,312.8,307.5,309.1,322.1,367.0,394.4,421.7,450.2,474.0,478.0,481.6,475.7,469.6,381.1,369.4,367.7,379.0,385.7,387.2,369.3,354.7,352.9,360.6,369.9,372.3,537.8,519.7,510.1,513.4,507.6,513.0,525.8,553.6,567.0,571.0,570.4,561.3,537.6,527.4,527.6,524.1,527.9,542.2,546.2,545.6,-80.0,-77.3,-72.9,-67.3,-57.7,-43.3,-27.0,-8.6,9.7,26.4,41.2,53.9,64.1,69.9,72.2,73.2,72.5,-62.3,-51.6,-38.6,-25.4,-12.9,10.5,23.0,35.0,47.6,57.7,0.7,2.2,3.6,5.1,-9.9,-2.4,4.9,12.1,18.5,-45.3,-37.1,-27.5,-19.5,-27.5,-37.1,18.4,25.6,35.0,43.0,36.4,27.4,-23.9,-13.4,-2.7,5.3,13.6,24.3,33.4,25.5,15.8,6.7,-2.0,-13.2,-19.0,-2.5,5.6,14.1,29.0,14.4,5.8,-2.5,3.1,23.8,44.6,64.8,83.7,99.8,112.5,121.3,122.2,117.7,106.3,91.8,74.7,55.1,34.5,13.6,-7.5,-4.8,-12.5,-15.1,-14.5,-11.7,-14.7,-20.0,-22.3,-21.7,-16.2,3.0,14.5,25.9,37.8,48.4,50.0,51.5,49.0,46.5,9.0,4.0,3.3,8.1,10.9,11.6,4.0,-2.2,-3.0,0.3,4.2,5.2,76.6,68.1,63.7,65.0,62.6,65.3,71.4,82.9,88.2,89.9,89.7,86.2,76.4,71.2,71.2,69.8,72.2,77.6,79.2,79.1,1322.0,1326.1,1331.2,1333.6,1330.7,1326.0,1318.0,1307.1,1305.2,1310.2,1320.8,1327.6,1328.9,1327.2,1323.1,1320.0,1318.1,1283.5,1276.9,1271.7,1267.4,1264.6,1266.3,1270.6,1275.1,1280.0,1285.8,1266.6,1263.9,1261.0,1258.5,1273.5,1271.1,1269.5,1270.5,1271.7,1280.6,1276.9,1276.3,1276.5,1276.3,1277.3,1279.0,1277.8,1279.2,1283.1,1280.1,1278.7,1292.3,1278.7,1273.1,1272.1,1272.7,1279.6,1291.5,1284.2,1278.7,1277.9,1279.1,1284.2,1290.4,1276.3,1275.1,1275.8,1289.7,1277.5,1276.8,1278.0,2.33,0.24,-0.032,-0.076,645.939,458.68699999999995,-30.226999999999997,7.386,-6.504,-6.277,-4.843,-6.77,5.847,-2.135,3.272,-4.688,-8.396,1.95,-1.6969999999999998,5.606,-2.9130000000000003,5.055,1.1179999999999999,-0.7929999999999999,-0.33299999999999996,-5.235,-1.676,-0.445,0.306,0.27,-3.122,1.3869999999999998,1.775,-0.091,1.093,-0.614,0.546,-0.519,0.11699999999999999,-0.022000000000000002,0.07,0.15,0.0,0.04,0.0,0.23,0.15,0.0,0.04,0.14,0.63,0.0,0.34,0.0,1.75,1.47,0.03,0.0,0.0,1.0,1.0,0.0,0.0,0.0,1.0,0.0,1.0,1.0,0.0,1.0,0.0,1.0,1.0,0.0,0.0
38,1.235,0.98,0.12188399999999999,0.245513,-0.9617,-0.051454999999999994,0.27281700000000003,-0.9606889999999999,0.037000000000000005,0.263,549.4,553.1,563.4,574.4,579.6,576.7,565.7,554.7,534.7,540.7,550.6,562.4,574.2,583.5,590.0,584.2,574.8,564.0,552.6,542.2,560.0,564.9,569.5,571.1,568.8,563.9,559.3,557.7,693.3,695.9,706.0,717.6,723.9,721.3,711.3,699.1,684.7,689.4,697.2,709.0,721.7,732.3,740.2,733.5,724.1,713.5,702.1,692.0,705.0,710.0,714.3,715.5,712.7,707.7,703.4,702.3,380.2,369.2,364.0,367.5,377.7,389.2,393.9,390.4,383.8,377.4,373.1,370.3,371.1,375.2,381.8,386.8,390.1,392.2,392.1,389.3,383.6,385.2,382.9,378.0,373.5,372.0,374.3,379.1,367.0,355.1,348.7,351.6,362.0,373.9,380.2,378.2,371.8,364.6,359.4,356.4,356.9,359.0,363.9,369.5,373.5,375.9,376.3,375.4,369.9,371.2,368.4,363.3,358.8,357.6,360.3,365.4,-34.8,-33.4,-29.4,-25.2,-23.2,-24.4,-28.6,-32.8,-40.6,-38.2,-34.4,-29.8,-25.3,-21.8,-19.3,-21.5,-25.1,-29.2,-33.6,-37.7,-30.8,-28.9,-27.2,-26.5,-27.4,-29.3,-31.0,-31.7,20.4,21.4,25.3,29.7,32.1,31.1,27.3,22.7,17.2,18.9,21.9,26.4,31.3,35.3,38.5,35.8,32.2,28.1,23.7,19.9,24.9,26.8,28.5,28.9,27.9,25.9,24.3,23.9,7.8,3.5,1.5,2.9,6.8,11.2,13.1,11.7,9.2,6.7,5.0,3.9,4.3,5.9,8.4,10.3,11.6,12.4,12.4,11.3,9.1,9.7,8.8,6.9,5.2,4.6,5.5,7.4,2.7,-1.9,-4.3,-3.2,0.8,5.3,7.8,7.0,4.5,1.8,-0.2,-1.4,-1.2,-0.4,1.5,3.6,5.2,6.1,6.2,5.9,3.8,4.3,3.2,1.3,-0.5,-0.9,0.1,2.1,1153.4,1152.7,1152.6,1153.1,1154.1,1155.2,1154.9,1154.4,1158.3,1155.4,1152.8,1151.8,1152.9,1155.1,1157.7,1156.4,1154.9,1154.2,1154.9,1156.6,1154.8,1155.1,1155.0,1154.7,1154.3,1154.0,1154.1,1154.4,1149.5,1149.0,1148.4,1148.1,1148.2,1148.7,1149.3,1149.9,1151.9,1149.6,1147.7,1146.5,1147.2,1149.2,1151.7,1149.9,1148.3,1147.5,1148.2,1150.1,1150.0,1149.8,1149.6,1149.4,1149.3,1149.5,1149.7,1150.0,2.2,44.0,1281.0,0.222,-0.031,-0.079,458.4,465.3,476.1,489.2,510.2,541.8,577.4,619.0,660.9,699.1,732.4,760.9,783.8,797.2,802.8,805.7,804.8,492.8,517.1,547.3,578.3,607.8,662.7,692.8,721.4,750.9,774.4,639.7,643.0,646.4,650.0,615.0,632.7,650.1,667.2,682.5,532.5,551.2,574.0,593.0,574.1,551.5,682.0,698.8,720.9,739.6,724.2,703.0,585.2,609.1,633.6,652.1,671.3,695.9,716.8,699.1,677.0,656.2,636.0,610.3,596.7,634.4,653.0,672.7,706.6,673.3,653.5,634.4,369.6,416.7,463.4,508.4,550.8,587.4,617.3,639.4,642.1,630.9,603.5,569.4,530.5,486.2,439.7,392.3,344.1,352.1,334.4,328.6,329.9,336.4,329.7,317.1,311.6,313.1,326.0,371.3,399.0,426.8,455.6,479.2,483.3,486.8,480.6,474.2,384.5,372.9,371.3,382.7,389.6,391.1,372.9,358.3,356.4,364.0,373.7,376.1,543.6,525.9,516.2,519.5,513.6,518.7,530.7,557.3,570.4,574.3,573.9,565.6,543.4,533.7,533.8,530.4,533.0,545.2,549.0,548.5,-80.0,-77.3,-72.8,-67.1,-57.7,-43.5,-27.5,-9.2,9.1,25.9,40.7,53.6,63.8,69.6,71.8,72.9,72.3,-63.0,-52.3,-39.3,-26.1,-13.6,9.6,22.3,34.6,47.3,57.6,-0.1,1.3,2.7,4.2,-10.6,-3.1,4.3,11.5,18.0,-45.9,-37.8,-28.1,-20.0,-28.1,-37.7,17.9,25.0,34.5,42.6,35.9,26.8,-23.6,-13.2,-2.7,5.2,13.3,23.9,33.1,25.3,15.8,6.9,-1.7,-12.7,-18.7,-2.4,5.5,13.9,28.7,14.2,5.7,-2.4,4.2,25.1,45.9,66.0,84.7,100.7,113.2,121.9,122.9,118.5,107.4,92.8,75.7,55.9,35.2,14.2,-7.0,-3.4,-10.9,-13.3,-12.7,-10.0,-12.8,-18.2,-20.6,-20.0,-14.6,4.8,16.5,28.1,40.2,50.7,52.3,53.7,51.1,48.5,10.5,5.5,4.8,9.7,12.6,13.3,5.5,-0.7,-1.5,1.7,5.8,6.9,79.2,70.8,66.4,67.7,65.3,67.8,73.6,84.6,89.8,91.4,91.3,88.1,79.0,74.0,74.0,72.6,74.4,78.9,80.5,80.4,1321.6,1326.4,1332.0,1334.9,1332.5,1327.8,1319.8,1309.1,1306.9,1312.1,1322.8,1329.8,1331.0,1328.6,1323.8,1319.7,1317.0,1284.3,1277.3,1271.9,1267.6,1264.6,1266.1,1270.3,1274.6,1279.3,1285.2,1267.2,1264.9,1262.3,1260.2,1275.0,1272.7,1271.2,1272.2,1273.5,1281.6,1277.6,1276.9,1277.3,1277.2,1278.4,1279.3,1277.8,1279.1,1283.0,1280.2,1279.0,1294.0,1280.4,1275.0,1274.0,1274.3,1281.1,1292.8,1285.5,1280.2,1279.5,1280.8,1286.0,1292.0,1278.4,1277.2,1277.6,1290.8,1278.5,1277.9,1279.2,2.3280000000000003,0.258,-0.028999999999999998,-0.079,645.129,462.468,-30.55,5.449,-10.409,-5.391,-4.75,-5.385,4.584,-1.8219999999999998,3.739,-4.966,-8.45,1.423,-1.713,5.504,-3.177,5.827999999999999,1.518,-2.4219999999999997,0.848,-5.273,-0.36200000000000004,-0.7020000000000001,-0.19899999999999998,0.264,-3.279,1.4809999999999999,1.024,0.065,0.9940000000000001,-0.574,0.511,-0.706,0.106,0.055,0.07,0.12,0.01,0.0,0.0,0.1,0.1,0.0,0.0,0.27,0.68,0.0,0.37,0.0,1.51,1.55,0.04,0.0,0.0,1.0,1.0,0.0,0.0,0.0,1.0,0.0,1.0,1.0,0.0,1.0,0.0,1.0,1.0,0.0,0.0
39,1.268,0.98,0.121031,0.224438,-0.966943,-0.054069000000000006,0.265729,-0.9625299999999999,0.035,0.249,547.7,551.2,561.5,572.5,577.9,575.1,564.1,553.0,533.5,538.9,548.3,560.3,572.5,581.8,588.1,582.3,572.6,561.4,550.4,540.4,558.6,563.3,567.6,569.1,566.9,562.2,557.8,556.3,691.6,694.1,704.1,715.8,722.2,719.6,709.6,697.4,682.6,687.6,695.8,707.3,719.7,729.9,737.7,731.2,722.1,711.6,700.2,689.9,703.1,708.2,712.7,713.8,711.0,705.8,701.4,700.3,383.5,372.4,367.1,370.6,381.0,392.6,397.3,393.8,389.1,381.8,376.9,373.7,374.5,378.7,385.5,391.0,394.4,396.6,396.7,394.3,387.0,388.5,386.2,381.5,377.1,375.6,377.9,382.6,371.3,359.4,352.9,355.5,365.7,377.6,384.2,382.5,376.2,368.8,363.4,360.3,360.9,363.4,368.7,374.1,377.7,379.9,380.4,379.8,374.5,375.6,372.7,367.5,363.0,361.8,364.7,370.0,-35.4,-34.1,-30.1,-25.9,-23.9,-24.9,-29.2,-33.4,-41.0,-38.9,-35.2,-30.5,-25.9,-22.4,-20.0,-22.2,-25.9,-30.2,-34.4,-38.3,-31.3,-29.5,-27.8,-27.2,-28.1,-29.9,-31.6,-32.2,19.9,20.9,24.7,29.2,31.7,30.7,26.8,22.1,16.4,18.4,21.5,25.9,30.7,34.7,37.8,35.2,31.6,27.5,23.2,19.2,24.3,26.3,28.0,28.5,27.4,25.4,23.7,23.2,9.0,4.8,2.7,4.1,8.0,12.5,14.3,13.0,11.2,8.4,6.5,5.2,5.6,7.2,9.8,11.9,13.2,14.1,14.1,13.2,10.4,11.0,10.1,8.3,6.6,6.0,6.9,8.7,4.4,-0.2,-2.7,-1.7,2.2,6.8,9.3,8.7,6.2,3.4,1.3,0.1,0.3,1.3,3.3,5.4,6.8,7.6,7.8,7.6,5.6,6.0,4.9,2.9,1.1,0.7,1.8,3.8,1151.7,1151.4,1151.3,1151.6,1152.1,1152.8,1152.5,1152.2,1156.7,1154.0,1151.4,1150.3,1151.3,1153.2,1155.4,1154.2,1152.6,1152.2,1153.1,1155.0,1152.9,1153.0,1153.0,1152.8,1152.6,1152.5,1152.5,1152.7,1156.5,1156.7,1156.7,1156.3,1155.9,1155.7,1155.7,1156.4,1158.6,1156.8,1155.3,1154.5,1155.3,1157.2,1159.5,1157.2,1155.3,1154.2,1154.8,1156.7,1157.0,1156.8,1156.8,1156.9,1157.1,1157.2,1157.3,1157.2,1.2,45.7,1285.5,0.233,-0.017,-0.078,457.5,464.6,475.5,488.1,508.1,538.8,573.7,615.2,657.8,697.1,731.6,760.9,783.9,796.9,802.2,805.1,804.3,490.8,515.5,545.5,576.0,605.2,660.6,690.9,719.6,749.2,773.2,637.4,640.5,643.6,647.0,612.1,629.8,647.2,664.5,680.0,530.6,549.3,572.2,591.0,572.0,549.4,680.1,696.6,718.9,737.7,722.2,700.9,581.9,605.8,630.4,649.1,668.4,693.3,714.9,696.6,674.0,652.9,632.6,606.9,593.3,631.2,650.0,669.9,704.6,670.4,650.3,631.2,371.7,419.0,465.9,510.9,553.2,589.7,619.4,641.7,644.6,633.7,606.2,571.9,532.8,488.3,442.2,395.0,346.9,355.2,338.4,333.2,334.6,341.0,334.5,322.1,316.7,317.7,330.0,375.9,403.8,431.8,460.8,483.3,487.8,491.5,485.2,478.7,388.4,376.7,375.1,386.9,393.8,395.1,377.2,362.6,360.7,368.5,378.1,380.5,546.5,529.1,519.7,523.1,517.4,522.2,534.1,560.7,573.9,577.7,577.1,568.7,546.3,537.2,537.5,534.1,536.3,548.8,552.4,551.8,-80.7,-77.8,-73.3,-67.9,-58.8,-45.0,-29.3,-10.9,7.8,25.0,40.5,53.7,64.0,69.6,71.7,72.7,72.2,-64.1,-53.2,-40.2,-27.1,-14.7,8.7,21.6,33.9,46.7,57.2,-1.1,0.2,1.5,3.0,-11.9,-4.4,3.1,10.4,17.0,-46.9,-38.7,-29.0,-20.9,-29.0,-38.7,17.2,24.2,33.7,41.9,35.2,26.0,-25.1,-14.7,-4.1,3.9,12.1,22.9,32.4,24.3,14.5,5.5,-3.2,-14.2,-20.2,-3.8,4.3,12.8,27.9,13.0,4.4,-3.8,5.2,26.2,47.2,67.4,86.2,102.1,114.6,123.4,124.4,120.0,108.9,94.2,76.9,57.0,36.3,15.4,-5.8,-2.1,-9.2,-11.4,-10.8,-8.0,-10.8,-16.1,-18.4,-18.1,-12.9,6.7,18.5,30.3,42.5,52.6,54.4,56.0,53.3,50.6,12.2,7.1,6.5,11.5,14.4,15.0,7.4,1.1,0.3,3.6,7.8,8.8,80.8,72.5,68.1,69.5,67.1,69.5,75.3,86.3,91.6,93.2,93.0,89.8,80.6,75.8,75.8,74.4,76.1,80.7,82.3,82.1,1326.3,1331.1,1336.8,1339.8,1337.8,1333.5,1325.5,1314.2,1311.3,1316.0,1326.6,1333.4,1334.3,1331.4,1326.1,1321.7,1318.9,1288.7,1281.6,1276.2,1271.8,1268.7,1270.1,1274.1,1277.9,1282.2,1287.7,1271.4,1269.6,1267.4,1265.8,1280.2,1277.8,1276.3,1277.1,1278.0,1285.9,1281.8,1280.9,1281.4,1281.3,1282.6,1283.0,1281.2,1282.4,1286.1,1283.5,1282.4,1299.5,1285.8,1280.2,1278.9,1279.1,1285.7,1297.1,1289.9,1284.5,1284.1,1285.8,1291.3,1297.5,1283.4,1282.0,1282.2,1295.3,1283.0,1282.6,1284.2,2.32,0.27,-0.013000000000000001,-0.079,642.9209999999999,466.08,-32.829,5.165,-11.220999999999998,-8.253,-5.53,-5.192,3.1439999999999997,-2.8810000000000002,3.596,-4.398,-8.415,2.2569999999999997,-1.929,6.662999999999999,-2.641,6.4879999999999995,2.532,-2.76,0.84,-5.018,-0.19399999999999998,-0.287,-0.539,0.496,-3.341,2.197,0.562,-0.11199999999999999,1.101,-0.8029999999999999,0.555,-0.5,0.086,0.076,0.0,0.06,0.05,0.08,0.0,0.26,0.1,0.12,0.03,0.37,0.75,0.05,0.49,0.0,1.52,1.46,0.04,0.0,0.0,1.0,1.0,0.0,0.0,0.0,1.0,0.0,1.0,1.0,0.0,1.0,0.0,1.0,1.0,0.0,0.0
40,1.301,0.98,0.117566,0.228091,-0.9665159999999999,-0.06921000000000001,0.258042,-0.9636520000000001,0.025,0.247,545.9,549.7,560.1,571.2,576.4,573.4,562.2,551.1,530.8,536.9,546.7,558.7,570.6,579.9,586.5,580.5,570.8,559.8,548.5,538.2,556.7,561.5,565.9,567.6,565.3,560.6,556.1,554.5,689.2,691.6,701.8,713.7,720.5,718.2,708.0,695.4,680.2,685.6,694.1,705.7,718.0,728.0,735.7,729.4,720.6,710.1,698.6,688.0,701.0,706.3,710.9,711.9,708.9,703.5,699.0,697.9,386.0,375.0,369.7,373.4,383.8,395.3,400.0,396.4,389.4,383.2,379.2,376.6,377.5,381.4,387.8,393.9,397.8,400.0,399.4,395.9,389.4,391.0,388.8,384.0,379.6,378.0,380.3,385.0,374.9,362.9,356.1,358.5,368.7,380.7,387.5,386.2,380.3,372.1,366.0,362.7,363.6,366.8,372.8,377.8,381.1,383.2,383.7,383.6,378.3,379.4,376.4,371.0,366.4,365.3,368.4,373.7,-35.6,-34.2,-30.2,-26.1,-24.1,-25.3,-29.5,-33.7,-41.5,-39.1,-35.3,-30.7,-26.3,-22.8,-20.3,-22.6,-26.2,-30.4,-34.7,-38.7,-31.6,-29.8,-28.1,-27.5,-28.3,-30.1,-31.8,-32.4,18.6,19.5,23.4,27.9,30.4,29.5,25.7,20.9,15.2,17.2,20.4,24.8,29.5,33.3,36.3,33.8,30.4,26.4,22.1,18.1,23.1,25.1,26.8,27.2,26.1,24.1,22.3,21.9,9.9,5.7,3.7,5.1,9.0,13.4,15.2,13.8,11.2,8.8,7.3,6.3,6.6,8.1,10.6,12.9,14.3,15.2,15.0,13.6,11.2,11.8,10.9,9.1,7.4,6.8,7.7,9.5,5.6,1.1,-1.5,-0.6,3.3,7.8,10.4,9.9,7.7,4.6,2.3,1.0,1.4,2.6,4.8,6.7,8.0,8.7,9.0,8.9,6.9,7.3,6.2,4.2,2.4,2.0,3.2,5.2,1136.6,1135.9,1135.7,1136.3,1137.2,1138.3,1138.1,1137.6,1141.5,1138.6,1135.9,1134.8,1135.9,1137.9,1140.5,1139.4,1138.0,1137.5,1138.2,1139.9,1138.0,1138.2,1138.2,1137.8,1137.4,1137.2,1137.3,1137.6,1134.1,1135.1,1135.6,1135.3,1134.4,1133.5,1133.0,1133.5,1135.4,1134.3,1133.4,1133.0,1133.9,1135.8,1137.8,1135.2,1132.8,1131.5,1131.8,1133.6,1134.6,1134.5,1134.7,1135.2,1135.5,1135.7,1135.5,1135.0,0.3,46.9,1282.0,0.235,0.002,-0.078,457.1,464.4,475.5,487.9,507.5,537.5,572.0,612.8,655.2,694.8,729.8,759.5,782.7,796.0,801.7,805.1,804.6,488.6,513.2,543.3,574.0,603.3,658.0,688.9,718.1,748.3,772.4,635.1,637.9,640.6,643.7,608.5,626.4,644.1,661.7,677.4,528.5,547.4,570.5,589.4,570.1,547.2,677.9,694.7,717.1,736.2,720.6,699.0,578.8,601.5,626.5,645.4,665.4,690.8,712.5,694.2,671.2,649.4,628.7,602.8,590.0,627.3,646.4,667.0,702.1,667.8,647.0,627.4,373.6,421.7,469.2,514.6,556.9,593.4,623.2,645.8,649.0,637.9,610.2,575.4,536.0,491.1,444.8,397.5,349.3,358.3,341.2,336.1,337.7,344.6,338.4,326.1,320.6,321.6,334.4,379.4,407.4,435.5,464.5,486.0,490.7,494.7,488.3,481.8,390.3,378.7,377.5,390.1,396.4,397.4,380.9,365.7,363.8,371.9,381.6,384.1,548.7,530.3,520.9,524.6,518.8,524.1,537.2,564.8,578.8,582.6,581.9,572.6,548.4,538.4,538.8,535.7,539.2,553.5,557.3,556.4,-80.8,-77.8,-73.2,-67.8,-59.0,-45.5,-30.0,-11.9,6.7,24.0,39.6,52.9,63.2,69.0,71.2,72.5,72.2,-64.9,-54.1,-41.0,-27.9,-15.5,7.6,20.7,33.2,46.1,56.7,-2.1,-0.9,0.3,1.6,-13.4,-5.8,1.7,9.2,15.9,-47.7,-39.5,-29.6,-21.6,-29.8,-39.6,16.1,23.3,32.9,41.1,34.4,25.1,-26.5,-16.4,-5.8,2.3,10.8,21.7,31.3,23.2,13.3,4.0,-4.8,-16.0,-21.6,-5.4,2.7,11.5,26.7,11.9,3.0,-5.4,6.0,27.3,48.6,68.9,87.7,103.6,116.2,125.0,126.1,121.6,110.3,95.4,78.0,58.0,37.3,16.5,-4.7,-0.7,-8.0,-10.1,-9.4,-6.5,-9.1,-14.3,-16.7,-16.4,-10.9,8.2,20.0,31.8,44.0,53.6,55.5,57.1,54.5,51.7,13.0,8.0,7.4,12.8,15.5,16.0,8.9,2.4,1.6,5.1,9.2,10.3,81.6,72.8,68.5,69.9,67.5,70.1,76.4,87.8,93.4,95.1,94.9,91.3,81.3,76.1,76.2,74.8,77.1,82.6,84.1,83.9,1324.5,1329.1,1334.3,1337.1,1335.6,1331.9,1324.5,1312.7,1308.9,1312.8,1322.4,1328.5,1329.0,1326.2,1321.2,1317.5,1315.2,1286.8,1279.3,1273.4,1268.6,1265.2,1266.2,1269.9,1273.6,1278.2,1283.9,1267.9,1266.1,1264.0,1262.4,1277.1,1274.4,1272.5,1273.2,1274.1,1283.4,1278.9,1277.8,1278.0,1278.2,1279.7,1279.1,1277.0,1278.0,1281.6,1279.1,1278.2,1296.9,1282.5,1276.3,1274.7,1274.7,1281.3,1292.9,1286.2,1281.1,1281.1,1283.0,1288.7,1294.9,1279.7,1278.0,1278.0,1291.3,1279.6,1279.5,1281.4,2.326,0.27399999999999997,0.006999999999999999,-0.079,640.7130000000001,469.241,-32.619,4.977,-7.58,-7.417999999999999,-5.337000000000001,-7.492999999999999,3.6069999999999998,-4.88,2.6630000000000003,-5.0169999999999995,-7.596,2.8680000000000003,-1.695,8.471,-1.4580000000000002,6.369,3.3760000000000003,-2.464,1.1740000000000002,-4.52,-0.29600000000000004,-0.081,-1.081,0.17600000000000002,-3.002,2.425,0.575,0.203,1.151,-0.555,0.526,-0.633,0.195,0.13699999999999998,0.0,0.05,0.05,0.1,0.0,0.16,0.13,0.21,0.08,0.47,0.79,0.1,0.52,0.0,1.73,1.33,0.01,0.0,0.0,1.0,1.0,0.0,0.0,0.0,1.0,0.0,1.0,1.0,0.0,1.0,0.0,1.0,1.0,0.0,0.0
41,1.335,0.98,0.118987,0.22182,-0.967801,-0.063927,0.24718299999999999,-0.966858,0.027999999999999997,0.23800000000000002,544.0,547.8,558.3,569.3,574.5,571.4,560.2,549.1,529.0,534.7,544.3,556.5,568.6,577.8,584.1,578.1,568.3,557.1,546.0,536.0,554.6,559.5,564.3,566.0,563.7,558.7,554.0,552.3,687.3,689.9,700.3,712.4,719.2,716.7,706.3,693.5,678.2,683.3,691.8,703.6,716.0,726.0,733.5,727.3,718.4,708.0,696.3,685.9,699.4,704.6,709.2,710.3,707.3,702.0,697.5,696.4,388.0,377.0,371.8,375.6,386.0,397.6,402.2,398.4,392.3,385.6,381.2,378.4,379.4,383.6,390.3,396.2,399.9,402.1,401.6,398.4,391.9,393.5,391.2,386.3,381.6,379.9,382.2,387.2,377.0,364.7,357.8,360.4,371.0,383.4,390.3,388.7,382.6,374.5,368.8,365.9,366.7,369.4,375.1,380.3,383.8,386.0,386.5,386.0,380.3,381.5,378.5,373.1,368.5,367.4,370.3,375.7,-36.3,-34.9,-30.9,-26.7,-24.8,-26.0,-30.3,-34.4,-42.2,-39.9,-36.2,-31.6,-27.0,-23.6,-21.2,-23.5,-27.2,-31.4,-35.6,-39.5,-32.4,-30.5,-28.7,-28.1,-28.9,-30.8,-32.6,-33.2,17.9,18.9,22.8,27.4,30.0,29.0,25.0,20.2,14.5,16.4,19.6,24.0,28.7,32.5,35.4,33.0,29.6,25.6,21.3,17.3,22.5,24.4,26.2,26.6,25.5,23.5,21.8,21.3,10.6,6.4,4.5,5.9,9.8,14.3,16.0,14.6,12.3,9.7,8.0,7.0,7.3,8.9,11.5,13.7,15.1,15.9,15.8,14.6,12.1,12.7,11.8,10.0,8.2,7.5,8.4,10.3,6.4,1.8,-0.8,0.2,4.2,8.8,11.4,10.8,8.6,5.5,3.3,2.2,2.5,3.6,5.7,7.7,9.0,9.8,10.0,9.8,7.7,8.1,7.0,5.0,3.2,2.8,3.9,5.9,1135.4,1134.8,1134.7,1135.2,1135.9,1136.8,1136.6,1136.1,1140.5,1137.6,1135.0,1133.9,1134.8,1136.8,1139.1,1138.0,1136.6,1136.2,1137.1,1138.8,1136.7,1136.9,1136.8,1136.6,1136.2,1136.0,1136.1,1136.3,1134.2,1134.9,1135.1,1134.9,1134.3,1133.6,1133.4,1133.9,1135.7,1134.4,1133.3,1132.7,1133.4,1135.2,1137.1,1135.1,1133.0,1131.7,1132.2,1134.0,1134.8,1134.7,1134.8,1135.1,1135.4,1135.5,1135.3,1135.1,-0.6,48.2,1282.7,0.24,0.024,-0.08199999999999999,457.0,464.7,476.1,488.8,508.5,538.2,571.8,611.5,653.2,692.7,728.1,758.3,781.7,795.3,801.2,804.7,804.3,486.6,511.3,541.3,571.8,600.5,655.7,686.7,716.1,746.5,770.9,632.4,635.0,637.6,640.5,605.7,623.4,641.0,658.6,674.3,526.4,545.2,568.3,587.0,567.7,544.8,675.8,692.4,715.0,734.1,718.5,696.8,577.0,598.3,623.1,642.1,662.3,688.0,709.5,691.7,668.5,646.5,625.5,599.7,588.2,624.0,643.1,663.9,699.1,665.2,644.1,624.4,377.5,425.8,473.6,519.2,561.9,598.4,628.6,651.5,654.8,643.5,615.2,579.5,539.4,493.9,447.0,399.2,350.8,359.9,343.0,338.5,340.3,347.2,341.1,328.9,323.3,324.0,336.6,382.1,410.0,437.9,466.7,487.8,492.7,496.8,490.4,484.0,392.6,381.0,379.8,392.5,398.8,399.6,383.4,368.4,366.4,374.5,384.2,386.7,551.2,531.4,521.7,525.5,519.8,525.5,540.2,569.5,584.2,588.0,587.2,577.0,550.8,539.3,539.8,536.8,542.1,558.7,562.5,561.5,-80.8,-77.7,-72.9,-67.4,-58.6,-45.2,-30.1,-12.5,5.8,23.1,38.8,52.3,62.6,68.5,70.8,72.1,71.8,-65.9,-54.9,-41.9,-28.9,-16.7,6.6,19.8,32.3,45.3,56.0,-3.2,-2.1,-1.0,0.2,-14.6,-7.1,0.4,7.9,14.6,-48.7,-40.4,-30.5,-22.6,-30.8,-40.6,15.3,22.3,31.9,40.2,33.4,24.2,-27.3,-17.8,-7.2,0.9,9.5,20.5,29.9,22.2,12.2,2.8,-6.2,-17.3,-22.4,-6.8,1.3,10.2,25.4,10.8,1.8,-6.7,7.7,29.2,50.5,71.0,89.9,105.9,118.7,127.7,128.8,124.1,112.4,97.1,79.3,59.0,38.2,17.2,-4.0,-0.0,-7.2,-9.1,-8.3,-5.4,-8.0,-13.2,-15.6,-15.3,-10.0,9.3,21.1,32.8,45.0,54.4,56.4,58.0,55.4,52.7,14.0,8.9,8.4,13.9,16.5,16.9,10.0,3.6,2.7,6.2,10.3,11.4,82.7,73.3,68.8,70.3,67.9,70.7,77.6,89.9,95.9,97.5,97.3,93.3,82.4,76.5,76.6,75.3,78.4,84.8,86.5,86.2,1325.2,1330.0,1335.2,1338.0,1336.5,1332.9,1326.0,1314.5,1310.4,1313.4,1321.6,1326.4,1326.1,1322.8,1317.8,1314.3,1311.9,1287.6,1280.1,1274.1,1269.2,1265.8,1266.2,1269.5,1272.6,1276.9,1282.3,1268.1,1266.5,1264.8,1263.5,1277.8,1274.9,1273.1,1273.5,1274.2,1284.3,1279.7,1278.5,1278.4,1278.9,1280.6,1278.6,1276.3,1277.1,1280.4,1278.1,1277.4,1298.1,1283.6,1276.9,1275.1,1274.9,1281.2,1292.3,1287.0,1282.7,1283.0,1285.1,1290.5,1296.2,1280.4,1278.4,1278.2,1291.2,1281.1,1281.3,1283.4,2.326,0.28,0.032,-0.083,638.65,472.22900000000004,-39.878,5.21,-5.377000000000001,-7.002000000000001,-4.758,-9.963,4.345,-7.08,2.657,-6.726,-6.3629999999999995,2.698,-1.983,9.145,-0.40399999999999997,5.5329999999999995,3.5180000000000002,-2.7880000000000003,1.0859999999999999,-4.185,-0.747,0.040999999999999995,-1.214,-0.02,-2.838,2.806,1.012,0.26,1.2670000000000001,-0.495,0.583,-0.536,0.17800000000000002,0.168,0.0,0.09,0.09,0.14,0.0,0.16,0.17,0.35,0.11,0.48,0.83,0.21,0.48,0.0,1.83,1.36,0.0,0.0,0.0,1.0,1.0,0.0,0.0,0.0,1.0,0.0,1.0,1.0,0.0,1.0,0.0,1.0,1.0,0.0,0.0
42,1.368,0.98,0.109589,0.21862600000000001,-0.969635,-0.098612,0.250317,-0.9631290000000001,0.006,0.23800000000000002,541.9,545.7,556.2,567.2,572.3,569.2,558.0,547.0,526.2,532.2,542.0,554.4,566.7,575.9,582.3,576.2,566.2,554.9,543.6,533.5,552.5,557.3,562.0,563.7,561.4,556.6,551.9,550.2,684.1,686.3,696.9,709.6,716.9,714.6,704.0,690.7,675.0,681.1,690.2,702.1,714.1,723.9,731.5,725.5,716.9,706.5,694.7,683.6,696.0,702.0,707.0,708.1,704.7,698.7,693.6,692.5,389.2,378.2,373.1,376.8,387.2,398.8,403.3,399.6,393.1,386.6,382.4,379.7,380.7,384.8,391.2,397.5,401.3,403.5,403.0,399.7,392.9,394.6,392.3,387.4,382.8,381.2,383.4,388.3,378.7,366.4,359.5,362.1,372.7,385.0,391.9,390.5,384.9,376.1,369.9,366.7,367.7,371.2,377.1,381.9,385.0,387.1,387.7,387.8,382.9,384.2,380.9,375.1,370.1,368.8,372.1,377.9,-36.8,-35.3,-31.4,-27.3,-25.4,-26.6,-30.8,-34.9,-42.8,-40.5,-36.7,-32.0,-27.5,-24.0,-21.7,-23.9,-27.7,-31.9,-36.2,-40.0,-32.8,-31.0,-29.3,-28.6,-29.4,-31.3,-33.0,-33.7,16.0,16.8,20.7,25.3,27.9,27.1,23.2,18.4,12.7,14.9,18.2,22.5,26.9,30.5,33.3,31.0,27.9,24.0,19.8,15.8,20.3,22.5,24.3,24.8,23.5,21.3,19.5,19.1,10.9,6.8,4.9,6.3,10.2,14.5,16.2,14.8,12.5,10.0,8.4,7.4,7.8,9.3,11.7,14.1,15.5,16.3,16.1,14.9,12.3,13.0,12.1,10.3,8.6,7.9,8.8,10.6,6.8,2.3,-0.2,0.8,4.6,9.1,11.5,11.0,9.0,5.9,3.6,2.4,2.8,4.1,6.2,8.0,9.1,9.8,10.0,10.1,8.3,8.8,7.6,5.5,3.7,3.2,4.4,6.5,1123.7,1123.0,1122.9,1123.4,1124.3,1125.3,1125.1,1124.6,1129.0,1126.0,1123.3,1122.1,1123.1,1125.1,1127.5,1126.5,1125.0,1124.7,1125.6,1127.3,1125.0,1125.3,1125.2,1124.9,1124.5,1124.3,1124.4,1124.7,1087.7,1089.3,1090.3,1090.3,1089.3,1087.8,1086.7,1086.8,1088.2,1087.7,1087.4,1087.6,1088.8,1090.8,1092.7,1089.7,1086.9,1085.2,1085.2,1086.6,1088.4,1088.4,1088.9,1089.7,1090.2,1090.2,1089.7,1088.9,-1.6,48.9,1275.9,0.214,0.045,-0.087,456.8,464.4,476.1,489.5,509.8,539.7,572.6,611.5,652.2,691.0,726.6,757.1,780.5,794.0,800.1,804.1,803.9,484.1,508.1,538.0,568.2,596.8,652.9,684.3,713.9,745.0,770.0,629.1,631.5,633.9,636.6,603.0,620.3,637.7,655.1,670.8,523.8,542.7,566.2,585.2,565.6,542.3,673.0,690.3,713.4,732.8,716.7,694.4,576.6,596.6,620.6,638.8,657.9,683.4,705.2,687.2,664.5,643.6,623.5,598.5,588.1,622.0,640.2,659.9,694.3,660.6,640.7,621.9,380.8,428.7,476.4,522.5,565.7,603.4,635.1,658.6,661.5,649.4,619.5,581.9,540.9,495.1,448.1,400.8,353.0,361.8,344.5,339.9,341.8,348.9,343.2,331.0,325.0,325.9,339.2,383.1,411.2,439.3,468.5,490.4,494.9,498.6,492.3,486.1,393.4,382.0,380.9,393.6,400.1,401.0,384.5,369.8,368.1,375.9,386.0,388.3,555.2,534.3,523.2,527.1,521.3,528.4,544.3,573.1,586.9,590.5,589.8,580.5,554.6,543.1,543.5,540.7,546.1,558.0,561.6,560.9,-80.7,-77.6,-72.7,-66.9,-57.8,-44.4,-29.6,-12.5,5.3,22.2,37.9,51.5,61.7,67.5,69.9,71.5,71.2,-66.7,-56.1,-43.2,-30.3,-18.2,5.4,18.7,31.2,44.5,55.3,-4.6,-3.6,-2.6,-1.4,-15.7,-8.3,-1.0,6.4,13.0,-49.6,-41.4,-31.3,-23.3,-31.6,-41.6,14.0,21.3,31.1,39.4,32.5,23.1,-27.2,-18.4,-8.2,-0.5,7.5,18.4,27.9,20.1,10.4,1.5,-7.0,-17.7,-22.3,-7.6,0.1,8.4,23.2,8.7,0.3,-7.7,9.2,30.3,51.6,72.2,91.2,107.7,121.1,130.2,131.1,126.1,113.7,97.6,79.5,59.2,38.5,17.8,-3.0,0.8,-6.6,-8.5,-7.7,-4.7,-7.1,-12.2,-14.8,-14.5,-8.8,9.7,21.5,33.3,45.4,55.2,57.0,58.5,55.9,53.3,14.2,9.4,8.9,14.3,17.0,17.4,10.4,4.2,3.4,6.8,11.0,12.0,83.9,74.1,69.0,70.5,68.0,71.4,78.8,90.7,96.3,97.9,97.8,94.2,83.6,77.7,77.7,76.5,79.5,83.9,85.4,85.3,1320.9,1325.6,1330.6,1332.7,1330.8,1326.9,1320.1,1308.7,1304.6,1307.2,1314.4,1318.7,1318.2,1314.9,1310.4,1306.7,1304.2,1283.7,1276.1,1269.6,1265.0,1261.8,1260.8,1263.9,1266.9,1271.0,1275.9,1262.8,1260.7,1258.4,1256.6,1270.9,1268.1,1266.3,1267.0,1267.8,1280.3,1275.5,1273.9,1273.2,1274.0,1276.2,1273.0,1270.4,1271.1,1274.1,1271.9,1271.4,1290.1,1275.0,1268.1,1266.3,1265.8,1271.6,1282.7,1277.1,1273.1,1273.7,1276.0,1281.4,1287.8,1272.7,1270.5,1270.0,1281.4,1271.1,1271.5,1273.6,2.338,0.257,0.055,-0.08800000000000001,636.461,474.61699999999996,-34.641,6.082000000000001,-8.541,-3.094,-8.363999999999999,-12.3,3.035,-8.827,0.797,-11.527999999999999,-5.519,3.141,-1.916,8.969,1.1059999999999999,3.6910000000000003,3.05,-1.838,4.0169999999999995,-4.895,-0.992,-2.335,-0.325,0.342,-3.0639999999999996,3.404,1.4269999999999998,0.19699999999999998,0.988,-0.40299999999999997,0.5579999999999999,-0.33299999999999996,0.20800000000000002,-0.013999999999999999,0.0,0.06,0.18,0.28,0.0,0.05,0.2,0.44,0.08,0.47,0.83,0.26,0.44,0.0,1.86,1.5,0.0,0.0,0.0,1.0,1.0,0.0,0.0,0.0,1.0,0.0,0.0,1.0,0.0,1.0,0.0,1.0,1.0,0.0,0.0
43,1.401,0.98,0.098099,0.241758,-0.9653649999999999,-0.096165,0.27492300000000003,-0.9566450000000001,0.001,0.263,540.2,544.0,554.6,565.8,570.9,567.8,556.4,545.3,525.0,530.9,540.4,552.5,564.7,574.4,581.5,574.8,564.7,553.4,542.1,532.2,551.2,555.9,560.5,562.1,559.9,555.2,550.6,549.0,682.2,684.6,695.4,708.2,715.5,713.0,702.2,688.8,672.9,679.5,688.8,700.6,712.5,722.2,729.9,723.8,715.4,704.8,693.1,681.8,694.0,700.3,705.6,706.8,703.2,696.9,691.6,690.4,389.5,378.4,373.3,377.2,387.9,399.6,404.1,400.2,392.4,386.5,382.5,380.2,381.7,386.2,393.1,397.5,400.1,401.6,401.0,398.0,393.3,395.0,392.8,388.0,383.4,381.8,383.9,388.7,379.9,367.5,360.8,363.7,374.5,386.8,393.5,391.8,385.8,377.2,371.1,367.9,369.0,372.6,378.4,383.4,386.5,388.5,389.1,389.0,384.6,386.1,382.8,376.7,371.4,370.0,373.3,379.3,-37.7,-36.2,-32.2,-28.0,-26.1,-27.3,-31.6,-35.8,-43.6,-41.3,-37.6,-33.0,-28.4,-24.8,-22.2,-24.7,-28.5,-32.7,-37.0,-40.9,-33.6,-31.8,-30.1,-29.4,-30.3,-32.1,-33.8,-34.4,15.1,16.0,19.9,24.5,27.1,26.2,22.3,17.5,11.8,14.1,17.5,21.7,26.0,29.5,32.4,30.1,27.0,23.2,19.0,15.0,19.4,21.6,23.5,24.0,22.7,20.4,18.5,18.1,11.1,6.9,5.0,6.5,10.5,15.0,16.7,15.2,12.3,10.0,8.5,7.6,8.2,9.9,12.5,14.2,15.2,15.7,15.5,14.4,12.6,13.2,12.4,10.6,8.9,8.2,9.0,10.9,7.1,2.7,0.3,1.3,5.2,9.6,12.0,11.4,9.3,6.2,4.0,2.8,3.2,4.5,6.6,8.4,9.5,10.2,10.4,10.4,8.8,9.3,8.2,6.0,4.1,3.6,4.8,6.9,1133.7,1132.8,1132.4,1132.7,1133.4,1134.6,1134.6,1134.4,1139.0,1135.9,1132.9,1131.4,1132.1,1133.8,1136.1,1135.0,1133.7,1133.5,1134.6,1136.7,1134.7,1134.8,1134.6,1134.3,1134.0,1133.9,1134.0,1134.4,1074.7,1076.3,1077.6,1077.7,1076.6,1075.0,1073.8,1073.8,1075.1,1074.7,1074.5,1074.8,1076.1,1078.2,1080.3,1077.0,1074.1,1072.3,1072.2,1073.5,1075.5,1075.5,1076.1,1076.9,1077.4,1077.4,1076.8,1076.0,-2.1,49.2,1261.7,0.21899999999999997,0.049,-0.086,456.6,463.6,475.3,488.9,509.1,538.6,571.4,610.6,651.7,690.4,725.2,755.4,778.6,792.5,799.6,804.0,804.1,483.7,507.3,536.8,566.7,594.9,650.8,682.3,712.1,743.2,768.2,626.9,629.2,631.5,634.2,601.1,618.4,635.7,653.0,668.7,522.5,541.2,564.6,583.9,564.2,541.0,671.0,688.9,711.8,731.2,715.1,692.7,577.6,596.0,619.6,637.1,655.4,680.6,701.8,684.9,662.9,642.7,623.3,598.6,589.1,621.1,638.6,657.5,690.8,658.8,639.5,621.4,381.8,429.0,476.3,522.1,566.0,605.2,639.0,664.3,668.2,655.6,624.7,585.7,543.4,496.5,448.5,400.8,352.9,361.5,344.4,340.1,342.4,349.7,344.5,332.5,326.3,327.3,340.5,384.0,411.7,439.5,468.4,491.0,495.4,499.1,492.8,486.6,393.1,382.2,381.2,393.8,400.0,401.0,385.3,371.0,369.5,376.9,387.1,389.3,558.8,536.9,524.9,528.8,523.2,531.2,548.5,578.0,591.7,595.1,594.4,585.0,558.2,544.8,545.1,542.7,550.1,562.6,566.1,565.2,-79.9,-77.1,-72.3,-66.4,-57.5,-44.4,-29.9,-12.7,5.0,21.8,37.0,50.2,60.3,66.2,69.0,70.7,70.6,-66.1,-55.8,-43.2,-30.5,-18.8,4.5,17.6,30.1,43.2,53.9,-5.5,-4.5,-3.5,-2.4,-16.3,-9.0,-1.8,5.4,12.0,-49.6,-41.6,-31.7,-23.6,-31.8,-41.7,13.0,20.5,30.1,38.3,31.5,22.1,-26.6,-18.5,-8.5,-1.2,6.4,17.0,26.1,18.9,9.6,1.1,-7.0,-17.5,-21.6,-7.9,-0.6,7.3,21.5,7.9,-0.2,-7.8,9.5,30.2,51.0,71.2,90.4,107.4,121.7,131.6,132.8,127.6,114.9,98.2,79.7,59.2,38.3,17.6,-3.1,0.6,-6.6,-8.3,-7.3,-4.3,-6.5,-11.5,-14.1,-13.7,-8.2,10.0,21.5,33.0,44.8,54.8,56.6,58.0,55.4,52.9,14.0,9.3,8.9,14.2,16.8,17.3,10.6,4.6,4.0,7.1,11.4,12.3,84.5,74.3,68.9,70.4,68.0,71.7,79.7,91.8,97.3,98.8,98.6,95.1,84.1,77.5,77.5,76.5,80.3,84.9,86.4,86.2,1307.1,1311.7,1316.6,1318.7,1317.2,1314.1,1308.4,1297.5,1293.3,1295.4,1301.7,1305.3,1304.7,1301.2,1296.8,1293.2,1290.5,1269.8,1262.0,1255.3,1250.6,1247.5,1246.0,1249.2,1252.5,1257.0,1261.9,1248.2,1245.7,1243.1,1240.8,1256.1,1253.2,1251.4,1252.1,1253.1,1267.0,1262.0,1260.2,1259.3,1260.5,1262.8,1258.7,1256.2,1256.9,1260.0,1257.7,1257.1,1275.8,1260.0,1253.0,1251.3,1250.7,1256.6,1268.2,1262.9,1259.5,1260.2,1262.4,1267.3,1273.3,1258.0,1255.8,1255.3,1267.0,1257.3,1257.7,1259.8,2.364,0.263,0.059000000000000004,-0.087,635.085,476.464,-32.523,5.638,-6.885,3.266,-10.294,-15.545,5.847,-9.484,1.189,-13.367,-4.736000000000001,3.3739999999999997,-3.043,6.843999999999999,1.982,1.7819999999999998,2.918,-1.554,4.15,-5.236000000000001,-1.3119999999999998,-2.2430000000000003,-0.444,-0.631,-3.5069999999999997,3.043,1.7180000000000002,0.843,0.8029999999999999,-0.18899999999999997,0.6829999999999999,-0.6759999999999999,0.2,-0.004,0.0,0.06,0.33,0.39,0.0,0.05,0.16,0.54,0.03,0.43,0.79,0.35,0.34,0.0,1.86,1.76,0.0,0.0,0.0,1.0,1.0,0.0,0.0,0.0,1.0,0.0,0.0,1.0,0.0,1.0,0.0,1.0,1.0,0.0,0.0
44,1.435,0.98,0.09424099999999999,0.23836,-0.9665940000000001,-0.07877,0.282873,-0.955917,0.008,0.265,539.3,543.2,553.9,565.0,570.1,567.1,555.6,544.5,524.7,530.0,539.3,551.4,563.9,573.7,580.8,574.0,563.8,552.4,541.3,531.5,550.5,555.2,559.7,561.3,559.2,554.5,550.0,548.3,682.2,684.9,695.6,708.2,715.2,712.5,701.8,688.5,672.6,678.8,687.9,699.7,711.6,721.4,729.2,723.1,714.6,704.1,692.4,681.2,693.9,700.0,705.2,706.5,703.1,697.1,691.9,690.6,390.4,379.4,374.5,378.5,389.1,400.6,405.0,401.0,393.3,387.2,383.5,381.2,382.6,387.2,394.3,399.2,402.2,403.8,402.9,399.4,394.0,395.7,393.7,389.0,384.5,382.8,384.9,389.6,381.2,369.0,362.6,365.5,376.2,388.4,394.8,393.0,387.0,378.6,372.5,369.4,370.4,373.8,379.8,384.9,388.0,390.0,390.6,390.4,385.9,387.3,384.2,378.3,373.2,371.7,374.9,380.7,-37.6,-36.1,-32.1,-28.0,-26.1,-27.3,-31.6,-35.7,-43.3,-41.2,-37.6,-33.0,-28.4,-24.7,-22.1,-24.7,-28.5,-32.7,-36.9,-40.6,-33.5,-31.7,-30.0,-29.4,-30.2,-31.9,-33.6,-34.3,15.4,16.4,20.3,24.9,27.4,26.4,22.5,17.6,11.9,14.1,17.4,21.7,26.1,29.7,32.6,30.3,27.1,23.3,19.0,15.0,19.6,21.9,23.8,24.2,23.0,20.8,18.9,18.4,11.4,7.2,5.4,6.9,10.9,15.2,16.8,15.3,12.5,10.2,8.8,7.9,8.4,10.2,12.8,14.6,15.8,16.4,16.1,14.8,12.7,13.4,12.6,10.8,9.2,8.5,9.3,11.0,7.7,3.3,0.9,2.0,5.9,10.3,12.7,12.0,9.8,6.8,4.6,3.4,3.8,5.0,7.2,9.1,10.2,10.9,11.1,11.1,9.4,9.9,8.8,6.7,4.8,4.3,5.4,7.5,1120.6,1119.5,1118.9,1119.1,1120.0,1121.4,1121.7,1121.5,1126.2,1122.9,1119.7,1118.0,1118.6,1120.3,1122.7,1121.9,1120.8,1120.8,1122.0,1124.2,1121.6,1121.7,1121.4,1121.0,1120.6,1120.5,1120.7,1121.2,1091.7,1093.3,1094.4,1094.4,1093.3,1091.7,1090.6,1090.7,1092.4,1091.8,1091.5,1091.7,1092.9,1094.8,1096.8,1093.7,1090.9,1089.2,1089.2,1090.6,1092.4,1092.4,1092.9,1093.7,1094.2,1094.2,1093.7,1092.9,-2.5,50.0,1257.3,0.235,0.054000000000000006,-0.084,456.3,463.3,474.8,488.3,508.3,537.5,570.5,610.2,651.5,690.0,724.3,753.9,777.0,791.3,798.9,803.6,804.0,483.2,506.7,535.9,565.7,593.6,649.9,681.6,711.3,742.3,767.5,625.7,627.8,630.0,632.5,599.6,616.8,634.3,651.7,667.6,521.8,540.4,563.9,583.0,563.4,540.2,670.5,688.1,711.0,730.3,714.4,692.0,576.7,594.7,618.4,635.9,654.4,679.9,700.9,684.6,662.3,642.0,622.4,597.4,588.1,619.7,637.3,656.2,690.1,658.2,638.9,620.6,382.4,429.6,476.6,522.6,567.0,607.2,642.2,668.5,672.6,659.8,629.0,589.8,547.2,500.0,451.3,402.6,353.6,362.2,345.2,341.2,343.5,350.7,345.5,333.5,327.6,328.8,342.0,385.6,413.3,440.9,469.8,492.3,497.0,500.7,494.5,488.2,394.5,383.2,382.3,395.2,401.5,402.3,386.8,372.3,370.7,378.5,388.7,391.0,561.4,539.4,527.6,531.5,526.0,533.8,551.4,582.9,597.3,600.8,600.0,589.6,560.8,546.5,546.9,544.5,552.9,569.5,573.0,571.9,-79.6,-76.9,-72.2,-66.4,-57.6,-44.7,-30.2,-12.9,4.9,21.5,36.4,49.3,59.3,65.3,68.3,70.2,70.2,-66.1,-55.8,-43.3,-30.8,-19.2,4.1,17.2,29.6,42.7,53.4,-5.9,-5.0,-4.1,-3.1,-16.8,-9.6,-2.4,4.9,11.5,-49.7,-41.7,-31.8,-23.8,-32.0,-41.8,12.7,20.0,29.6,37.8,31.1,21.7,-26.9,-19.0,-9.0,-1.7,6.0,16.6,25.7,18.7,9.3,0.8,-7.4,-18.0,-22.0,-8.5,-1.1,6.8,21.1,7.6,-0.5,-8.1,9.7,30.3,50.9,71.1,90.5,107.9,122.7,133.1,134.4,129.1,116.3,99.5,81.0,60.4,39.3,18.3,-2.7,0.9,-6.2,-7.8,-6.8,-3.9,-6.0,-11.0,-13.5,-13.0,-7.5,10.6,22.0,33.4,45.2,55.2,57.0,58.5,55.9,53.3,14.5,9.7,9.3,14.7,17.4,17.7,11.2,5.1,4.5,7.7,12.0,12.9,85.4,75.1,69.8,71.3,69.0,72.6,80.7,93.6,99.4,100.9,100.8,96.8,85.0,77.9,78.0,76.9,81.3,87.6,89.1,88.8,1301.0,1305.8,1310.6,1312.9,1311.6,1309.3,1304.5,1294.2,1289.7,1291.3,1296.6,1299.3,1298.2,1294.6,1290.0,1286.4,1283.7,1263.7,1256.0,1249.3,1244.7,1241.9,1240.4,1243.6,1246.6,1250.8,1255.6,1242.6,1240.2,1237.8,1235.7,1251.2,1248.4,1246.6,1247.2,1248.1,1261.5,1256.5,1254.9,1254.0,1255.3,1257.6,1252.9,1250.3,1251.0,1254.2,1252.0,1251.3,1272.3,1256.4,1249.3,1247.5,1246.8,1252.7,1264.4,1259.9,1256.8,1257.6,1259.8,1264.4,1270.0,1253.9,1251.6,1251.0,1263.4,1254.6,1255.2,1257.2,2.373,0.28,0.064,-0.086,634.195,478.806,-39.913000000000004,5.266,-4.4,4.9910000000000005,-9.038,-16.805,7.122000000000001,-9.607999999999999,3.092,-12.530999999999999,-5.336,3.605,-4.156000000000001,5.999,1.435,1.936,3.167,-1.14,3.5410000000000004,-4.637,-1.7530000000000001,-1.505,-1.386,-1.365,-3.508,3.3810000000000002,2.173,0.536,0.878,-0.049,0.485,-0.665,0.185,0.039,0.0,0.04,0.38,0.43,0.0,0.05,0.16,0.49,0.02,0.42,0.68,0.31,0.39,0.0,1.94,1.89,0.0,0.0,0.0,1.0,1.0,0.0,0.0,0.0,1.0,0.0,0.0,1.0,0.0,1.0,0.0,1.0,1.0,0.0,0.0
45,1.4680000000000002,0.98,0.104048,0.215461,-0.9709530000000001,-0.071849,0.27415700000000004,-0.958997,0.017,0.248,539.7,543.4,554.0,565.2,570.4,567.5,556.1,544.9,525.0,530.1,539.1,551.1,563.6,573.5,580.8,574.1,563.7,552.4,541.5,531.9,550.8,555.6,560.1,561.7,559.5,554.7,550.2,548.6,683.1,685.8,696.4,708.8,715.7,713.0,702.3,689.2,673.3,679.2,688.2,700.1,712.1,721.8,729.3,723.5,715.0,704.6,692.8,681.6,694.8,700.6,705.5,706.7,703.6,697.8,692.9,691.7,392.0,381.0,375.9,379.8,390.4,402.1,406.6,402.6,395.3,389.0,385.1,382.7,383.9,388.3,395.2,402.0,406.2,408.3,407.2,402.9,395.7,397.3,395.2,390.5,386.0,384.3,386.4,391.2,383.3,371.1,364.6,367.5,378.2,390.4,396.9,395.1,389.0,380.9,375.1,372.0,373.0,376.2,382.1,387.3,390.5,392.5,393.0,392.6,387.5,388.9,385.9,380.3,375.3,374.0,377.0,382.6,-36.9,-35.5,-31.6,-27.5,-25.6,-26.7,-30.9,-35.0,-42.5,-40.5,-37.1,-32.6,-28.0,-24.4,-21.8,-24.2,-28.1,-32.2,-36.3,-39.9,-32.8,-31.1,-29.4,-28.8,-29.6,-31.4,-33.0,-33.6,15.9,16.9,20.9,25.4,27.9,26.9,23.0,18.2,12.3,14.5,17.8,22.2,26.6,30.3,33.1,30.9,27.6,23.8,19.4,15.3,20.2,22.4,24.2,24.7,23.5,21.4,19.6,19.1,11.8,7.7,5.8,7.3,11.2,15.5,17.1,15.7,13.1,10.7,9.2,8.3,8.8,10.4,12.9,15.4,17.0,17.8,17.4,15.8,13.1,13.7,12.9,11.2,9.5,8.9,9.7,11.5,8.6,4.1,1.7,2.8,6.7,11.2,13.6,12.9,10.7,7.7,5.6,4.4,4.8,6.0,8.2,10.1,11.3,12.0,12.1,12.0,10.2,10.7,9.6,7.5,5.7,5.2,6.3,8.3,1103.0,1102.0,1101.4,1101.5,1102.3,1103.6,1104.0,1103.8,1108.8,1105.3,1102.2,1100.3,1100.8,1102.4,1104.8,1104.2,1103.4,1103.6,1104.9,1107.0,1103.9,1104.0,1103.7,1103.3,1103.0,1102.9,1103.2,1103.6,1106.8,1108.1,1109.0,1109.1,1108.2,1106.9,1105.9,1106.0,1107.8,1107.0,1106.5,1106.5,1107.7,1109.7,1111.7,1108.9,1106.3,1104.6,1104.6,1106.1,1107.5,1107.6,1108.0,1108.6,1109.0,1109.0,1108.6,1108.0,-2.4,50.9,1258.9,0.247,0.054000000000000006,-0.084,456.6,463.7,475.0,488.1,507.9,537.0,569.8,609.4,651.0,690.1,725.0,754.9,777.7,791.5,798.9,803.8,804.6,482.5,506.4,536.0,566.3,594.5,650.1,682.2,712.3,743.4,768.3,626.0,628.0,630.0,632.3,599.9,617.0,634.2,651.6,667.2,522.0,540.5,564.0,582.8,563.4,540.2,671.1,688.5,711.5,730.6,714.8,692.5,576.7,595.6,619.2,636.6,654.9,679.9,701.1,684.4,662.3,642.2,622.9,598.0,587.9,620.5,637.8,656.7,690.5,658.5,639.3,621.3,382.9,430.1,477.3,523.4,568.2,608.3,643.1,669.8,673.8,660.6,628.9,589.5,546.9,500.1,452.2,404.5,356.4,363.9,347.0,343.1,345.4,352.7,347.7,335.8,330.1,331.3,344.2,388.2,415.7,443.3,472.0,495.0,499.8,503.6,497.4,491.0,396.8,385.2,384.4,397.5,404.1,404.8,389.2,374.4,372.9,381.0,391.3,393.6,562.8,542.5,531.8,535.5,530.0,536.5,552.1,583.0,597.5,601.2,600.5,590.5,562.2,549.5,549.9,547.2,553.9,571.3,575.2,574.2,-79.6,-76.8,-72.2,-66.6,-57.8,-45.0,-30.6,-13.2,4.7,21.6,36.8,49.8,59.6,65.4,68.4,70.3,70.5,-66.4,-56.0,-43.3,-30.6,-18.8,4.2,17.5,30.1,43.1,53.8,-5.8,-5.0,-4.1,-3.2,-16.7,-9.6,-2.4,4.8,11.3,-49.6,-41.7,-31.8,-23.9,-32.1,-41.9,13.0,20.2,29.8,37.9,31.3,21.9,-26.9,-18.6,-8.7,-1.4,6.2,16.7,25.8,18.7,9.3,0.9,-7.2,-17.7,-22.1,-8.2,-0.9,7.0,21.3,7.7,-0.3,-7.9,9.9,30.6,51.3,71.6,91.2,108.5,123.3,133.9,135.1,129.6,116.4,99.5,80.9,60.5,39.7,19.1,-1.6,1.6,-5.4,-7.0,-6.0,-3.0,-5.1,-10.0,-12.4,-12.0,-6.6,11.7,23.1,34.4,46.2,56.4,58.2,59.7,57.2,54.6,15.5,10.6,10.2,15.7,18.5,18.8,12.2,6.0,5.4,8.8,13.1,14.0,86.1,76.6,71.7,73.1,70.8,73.9,81.1,93.8,99.7,101.3,101.2,97.3,85.7,79.3,79.4,78.2,81.8,88.5,90.2,89.9,1302.7,1307.7,1312.4,1314.7,1313.2,1310.8,1306.6,1296.4,1291.8,1293.2,1298.0,1300.1,1298.4,1294.5,1290.4,1287.3,1285.0,1265.1,1256.9,1249.8,1244.8,1242.0,1241.0,1244.2,1247.5,1251.9,1257.2,1243.5,1241.2,1238.7,1236.7,1252.7,1249.8,1248.2,1248.5,1249.4,1262.4,1257.3,1255.6,1255.2,1256.3,1258.6,1254.2,1251.6,1252.3,1255.8,1253.5,1252.7,1274.1,1258.8,1252.0,1250.4,1249.8,1255.4,1266.8,1262.3,1259.2,1259.9,1261.9,1266.4,1271.9,1256.2,1254.1,1253.6,1265.6,1257.0,1257.5,1259.4,2.37,0.29100000000000004,0.066,-0.086,634.433,480.675,-40.726,7.067,-4.823,4.001,-6.593999999999999,-15.811,5.899,-10.873,4.537,-10.395999999999999,-6.22,4.329,-5.922999999999999,5.815,1.8459999999999999,0.978,1.8880000000000001,-1.361,3.292,-4.14,-1.126,-1.041,-2.1,-1.013,-3.2039999999999997,3.197,2.248,0.341,0.79,-0.182,0.134,-0.507,0.22,0.125,0.02,0.1,0.33,0.45,0.0,0.0,0.13,0.37,0.02,0.56,0.52,0.26,0.46,0.0,1.99,1.95,0.0,0.0,0.0,1.0,1.0,0.0,0.0,0.0,1.0,0.0,0.0,1.0,0.0,1.0,0.0,1.0,1.0,0.0,0.0
46,1.5019999999999998,0.98,0.103602,0.229238,-0.967841,-0.08419,0.283059,-0.9554,0.01,0.26,540.9,544.8,555.6,566.8,572.1,569.0,557.4,546.2,526.4,531.8,540.9,552.9,565.5,575.4,582.8,575.9,565.4,554.0,542.9,533.3,552.2,557.0,561.6,563.3,561.1,556.2,551.7,550.0,683.9,686.3,696.9,709.4,716.7,714.3,703.7,690.5,674.7,680.8,689.9,701.7,713.7,723.5,731.1,725.1,716.5,706.0,694.3,683.2,695.7,701.8,706.9,708.1,704.6,698.5,693.4,692.2,394.7,383.5,378.4,382.5,393.4,405.2,409.7,405.6,398.0,391.9,388.2,385.8,387.1,391.5,398.3,404.2,407.8,409.7,408.7,404.8,398.6,400.3,398.2,393.4,388.7,387.0,389.1,393.9,386.9,374.6,367.8,370.4,381.0,393.3,400.2,398.7,393.1,384.4,378.2,374.9,375.8,379.2,385.2,390.2,393.4,395.5,396.1,396.1,391.2,392.5,389.2,383.3,378.2,376.9,380.1,386.1,-36.5,-35.0,-31.1,-26.9,-25.0,-26.2,-30.5,-34.6,-42.1,-40.0,-36.5,-32.0,-27.4,-23.8,-21.1,-23.6,-27.5,-31.7,-35.8,-39.5,-32.4,-30.6,-28.9,-28.3,-29.1,-30.9,-32.6,-33.2,16.0,16.9,20.7,25.3,27.9,27.0,23.2,18.4,12.6,14.9,18.1,22.4,26.9,30.5,33.3,31.0,27.8,24.0,19.7,15.7,20.3,22.5,24.4,24.8,23.6,21.3,19.5,19.0,12.8,8.6,6.8,8.3,12.3,16.7,18.3,16.8,14.1,11.8,10.4,9.5,10.0,11.6,14.1,16.3,17.6,18.3,18.0,16.6,14.2,14.9,14.1,12.3,10.6,9.9,10.7,12.5,9.8,5.3,2.8,3.8,7.7,12.1,14.6,14.1,12.1,8.9,6.6,5.4,5.8,7.0,9.2,11.0,12.1,12.9,13.1,13.1,11.4,11.9,10.7,8.5,6.6,6.1,7.3,9.5,1105.7,1104.7,1104.1,1104.1,1104.9,1106.1,1106.5,1106.4,1111.2,1107.9,1104.9,1103.1,1103.5,1105.1,1107.2,1106.5,1105.5,1105.7,1107.0,1109.2,1106.6,1106.6,1106.3,1105.9,1105.6,1105.6,1105.8,1106.2,1092.1,1093.4,1094.4,1094.5,1093.5,1092.2,1091.2,1091.3,1092.8,1092.1,1091.8,1091.9,1093.1,1095.1,1097.2,1094.2,1091.5,1089.8,1089.8,1091.2,1092.8,1092.8,1093.3,1094.0,1094.4,1094.4,1093.9,1093.2,-1.7,51.8,1258.9,0.258,0.04,-0.08199999999999999,457.9,464.5,475.2,487.8,507.4,536.9,570.6,610.8,652.3,691.0,725.3,755.0,778.3,792.5,799.9,804.4,805.0,483.4,506.8,536.7,567.4,596.2,652.0,684.2,714.6,745.8,770.4,627.7,629.8,631.9,634.4,601.5,618.8,636.2,653.6,669.4,523.5,542.0,565.6,584.7,565.2,541.9,672.4,690.1,713.1,732.2,716.4,694.1,576.7,597.1,621.2,639.0,657.9,683.0,704.5,687.4,665.2,644.6,624.9,599.4,588.0,622.4,640.2,659.6,693.9,661.2,641.6,623.1,385.3,431.9,478.4,523.9,568.1,607.7,642.1,668.8,672.9,659.5,628.0,589.3,547.6,501.3,453.8,406.5,358.7,366.8,350.3,346.4,349.0,356.6,351.9,339.6,333.7,335.1,348.0,392.0,419.6,447.2,476.0,498.6,503.3,507.1,500.8,494.3,399.2,388.0,387.2,400.2,406.6,407.4,392.5,377.6,376.1,383.9,394.3,396.7,563.4,545.7,535.9,539.6,534.0,539.4,552.4,583.1,598.0,601.9,601.2,591.0,563.1,553.0,553.6,550.6,554.6,572.0,576.0,574.9,-79.0,-76.5,-72.1,-66.7,-58.1,-45.1,-30.2,-12.6,5.3,22.0,37.0,49.9,60.0,66.0,68.9,70.7,70.8,-66.0,-55.8,-43.0,-30.1,-18.1,4.9,18.3,31.0,44.2,54.7,-5.1,-4.2,-3.3,-2.3,-16.1,-8.8,-1.6,5.7,12.2,-49.0,-41.0,-31.1,-23.1,-31.3,-41.1,13.6,20.9,30.5,38.6,31.9,22.6,-26.9,-18.0,-7.9,-0.4,7.4,18.0,27.3,19.9,10.6,1.9,-6.3,-17.1,-22.1,-7.4,0.1,8.2,22.8,8.9,0.7,-7.1,11.0,31.3,51.8,71.9,91.1,108.3,122.9,133.5,134.8,129.2,116.1,99.6,81.4,61.1,40.4,20.0,-0.6,2.9,-4.1,-5.7,-4.6,-1.4,-3.4,-8.4,-11.0,-10.4,-5.0,13.3,24.6,36.0,47.8,57.8,59.7,61.2,58.6,55.9,16.5,11.7,11.4,16.8,19.5,19.9,13.6,7.3,6.7,10.0,14.3,15.3,86.4,77.9,73.4,74.9,72.5,75.1,81.3,93.9,99.9,101.6,101.5,97.6,86.1,80.9,81.0,79.7,82.1,88.8,90.5,90.2,1302.0,1307.3,1312.4,1315.2,1313.8,1311.4,1306.5,1296.4,1292.3,1294.5,1300.1,1302.9,1301.5,1297.9,1293.3,1289.7,1286.8,1265.3,1256.6,1249.3,1244.0,1241.0,1240.1,1243.5,1247.4,1252.3,1258.4,1243.0,1240.4,1237.7,1235.4,1252.3,1249.5,1247.9,1248.5,1249.5,1262.0,1256.9,1255.3,1255.2,1256.1,1258.3,1254.3,1251.9,1252.7,1256.3,1253.9,1253.0,1274.5,1259.0,1252.3,1250.8,1250.2,1256.2,1268.0,1263.2,1259.7,1260.2,1262.1,1266.8,1272.4,1256.6,1254.6,1254.3,1266.6,1257.4,1257.7,1259.5,2.37,0.302,0.049,-0.084,635.997,482.842,-35.085,6.122999999999999,-3.681,3.6719999999999997,-5.832999999999999,-13.299000000000001,4.481,-9.347000000000001,4.75,-9.209,-6.132999999999999,2.84,-4.955,4.944,1.4,1.432,1.011,-1.875,3.198,-4.586,-0.8240000000000001,-1.8769999999999998,-2.806,-0.723,-3.2060000000000004,2.492,1.579,0.517,0.65,-0.155,0.14300000000000002,-0.532,0.36,0.07200000000000001,0.03,0.14,0.23,0.49,0.0,0.01,0.19,0.24,0.05,0.61,0.35,0.12,0.64,0.0,1.92,1.97,0.0,0.0,0.0,1.0,1.0,0.0,0.0,0.0,1.0,0.0,1.0,1.0,0.0,1.0,0.0,1.0,1.0,0.0,0.0
47,1.535,0.98,0.11420699999999999,0.22068800000000002,-0.968635,-0.071698,0.29030300000000003,-0.9542450000000001,0.022000000000000002,0.26,543.3,547.2,557.9,569.0,574.1,571.0,559.4,548.3,528.7,533.8,542.8,554.9,567.6,577.5,584.7,577.7,567.2,555.8,544.9,535.4,554.5,559.1,563.6,565.3,563.1,558.5,554.1,552.4,686.6,689.3,699.9,712.2,718.8,716.1,705.5,692.5,677.0,683.4,692.5,704.0,715.7,725.4,733.1,727.1,718.4,707.9,696.4,685.3,697.9,703.9,709.1,710.5,707.2,701.2,696.0,694.7,397.4,386.3,381.4,385.6,396.5,408.2,412.5,408.3,401.4,395.0,391.1,388.7,390.1,394.7,401.9,407.8,411.4,413.2,412.1,408.2,401.3,403.1,401.0,396.4,391.9,390.1,392.1,396.8,389.7,377.8,371.5,374.5,385.0,396.9,403.2,401.3,395.5,387.2,381.0,377.7,378.8,382.5,388.6,393.9,397.1,399.1,399.5,399.2,394.4,395.8,392.8,387.0,381.8,380.3,383.4,389.2,-35.6,-34.2,-30.2,-26.1,-24.3,-25.4,-29.7,-33.8,-41.2,-39.2,-35.8,-31.3,-26.6,-23.0,-20.4,-23.0,-26.8,-31.0,-35.1,-38.7,-31.5,-29.8,-28.2,-27.5,-28.3,-30.0,-31.7,-32.3,17.2,18.2,22.1,26.6,29.1,28.0,24.1,19.3,13.6,16.0,19.3,23.6,27.9,31.6,34.5,32.2,28.9,25.0,20.7,16.7,21.4,23.6,25.5,26.0,24.8,22.6,20.7,20.2,13.8,9.7,7.9,9.4,13.4,17.8,19.3,17.8,15.3,12.9,11.4,10.5,11.1,12.8,15.5,17.6,18.9,19.6,19.2,17.8,15.2,15.9,15.1,13.4,11.7,11.1,11.8,13.6,10.9,6.6,4.2,5.4,9.2,13.6,15.9,15.2,13.1,10.0,7.7,6.5,6.9,8.3,10.6,12.5,13.7,14.4,14.5,14.4,12.7,13.2,12.1,9.9,8.0,7.5,8.6,10.8,1105.4,1104.4,1103.8,1103.8,1104.5,1105.7,1106.1,1106.1,1111.1,1107.7,1104.6,1102.7,1103.0,1104.6,1106.8,1106.1,1105.2,1105.4,1106.8,1109.0,1106.2,1106.2,1105.9,1105.5,1105.2,1105.2,1105.5,1105.9,1105.3,1106.7,1107.7,1107.7,1106.7,1105.3,1104.3,1104.5,1106.4,1105.6,1105.1,1105.3,1106.5,1108.6,1110.8,1107.6,1104.8,1103.2,1103.3,1104.6,1106.0,1106.0,1106.5,1107.1,1107.6,1107.6,1107.2,1106.5,-1.0,53.2,1265.3,0.263,0.03,-0.077,459.4,465.7,475.8,487.8,507.4,537.2,571.1,611.2,652.2,690.5,724.7,755.0,778.9,793.7,801.1,805.3,805.6,485.1,508.8,539.1,570.0,599.1,654.8,686.8,717.0,748.1,772.5,630.6,632.6,634.8,637.2,603.9,621.1,638.4,655.8,671.5,525.6,544.2,567.8,586.7,567.2,543.8,674.8,692.3,715.2,734.2,718.5,696.3,577.3,599.3,624.0,641.3,659.7,684.6,706.4,688.5,666.2,646.1,626.9,600.9,588.6,625.0,642.4,661.4,696.0,662.5,643.3,625.4,387.2,433.8,480.7,526.4,570.8,609.9,643.5,669.8,673.9,660.6,629.1,590.7,549.5,503.5,456.1,409.2,361.7,370.2,353.9,350.1,352.9,360.6,355.9,343.7,337.6,338.8,351.4,395.6,423.2,450.8,479.6,502.0,506.9,510.7,504.3,497.7,402.3,391.1,390.4,403.5,410.0,410.6,395.7,380.7,379.1,387.2,397.5,399.9,564.4,548.4,539.5,543.2,537.6,542.3,553.5,584.3,599.1,602.9,602.3,592.1,564.4,556.3,556.9,553.9,555.9,573.4,577.3,576.3,-78.6,-76.3,-72.1,-67.0,-58.4,-45.2,-30.1,-12.5,5.3,21.9,36.9,50.2,60.6,66.8,69.8,71.4,71.4,-65.6,-55.2,-42.2,-29.2,-17.0,6.2,19.5,32.2,45.4,55.9,-3.9,-3.1,-2.2,-1.1,-15.2,-7.9,-0.7,6.6,13.2,-48.3,-40.3,-30.4,-22.4,-30.6,-40.5,14.6,22.0,31.6,39.6,33.0,23.6,-26.8,-17.2,-6.7,0.6,8.3,18.8,28.2,20.5,11.1,2.6,-5.5,-16.6,-21.9,-6.3,1.0,9.0,23.8,9.5,1.4,-6.2,11.8,32.3,53.0,73.3,92.7,109.8,124.1,134.5,135.9,130.4,117.2,100.7,82.6,62.4,41.7,21.3,0.7,4.3,-2.6,-4.1,-3.0,0.3,-1.7,-6.8,-9.3,-8.9,-3.6,14.8,26.2,37.6,49.5,59.5,61.5,63.0,60.3,57.7,17.8,13.1,12.8,18.3,21.0,21.3,15.0,8.7,8.0,11.4,15.8,16.7,87.3,79.5,75.3,76.8,74.5,76.8,82.3,95.0,100.9,102.6,102.4,98.5,87.1,82.7,82.8,81.5,83.2,89.9,91.6,91.3,1306.4,1312.3,1317.9,1321.2,1320.0,1317.7,1313.0,1303.1,1298.8,1301.1,1306.6,1309.5,1308.3,1304.6,1300.1,1296.1,1292.9,1270.6,1261.9,1254.9,1249.9,1247.2,1246.9,1250.2,1254.0,1258.8,1264.9,1249.1,1246.6,1243.9,1241.6,1258.4,1255.6,1254.1,1254.8,1255.9,1267.1,1262.2,1260.6,1260.8,1261.4,1263.5,1260.6,1258.2,1259.1,1262.8,1260.3,1259.4,1281.0,1265.9,1259.1,1257.8,1257.4,1263.5,1275.4,1270.2,1266.4,1266.7,1268.5,1273.3,1279.1,1263.3,1261.6,1261.4,1273.9,1264.0,1264.1,1265.8,2.358,0.308,0.038,-0.079,637.682,485.506,-35.891999999999996,6.455,-3.9139999999999997,1.98,-5.591,-11.614,3.17,-10.166,5.313,-8.951,-5.854,4.565,-4.56,4.604,1.172,1.8219999999999998,0.184,-2.447,3.195,-3.6039999999999996,-0.879,-2.638,-2.909,0.251,-3.0789999999999997,2.589,1.2590000000000001,0.387,0.67,-0.244,0.006,-0.48,0.36,0.107,0.03,0.14,0.21,0.47,0.0,0.04,0.22,0.3,0.11,0.65,0.28,0.05,0.71,0.0,1.85,1.98,0.0,0.0,0.0,1.0,1.0,0.0,0.0,0.0,1.0,0.0,1.0,1.0,0.0,1.0,0.0,1.0,1.0,0.0,0.0
48,1.568,0.98,0.103594,0.253375,-0.9618049999999999,-0.067233,0.283885,-0.956498,0.019,0.273,544.7,548.7,559.5,570.7,575.8,572.6,561.0,549.8,530.3,535.7,545.0,557.1,569.7,579.5,586.4,579.3,569.1,557.8,546.6,537.0,555.9,560.7,565.3,567.0,564.8,560.1,555.5,553.8,688.5,691.2,701.7,713.9,720.6,717.9,707.4,694.5,678.8,685.0,694.2,705.9,717.8,727.5,734.8,728.9,720.2,709.6,698.0,687.0,700.1,705.7,710.5,711.7,708.7,703.1,698.3,697.0,399.5,388.4,383.5,387.7,398.6,410.3,414.6,410.4,402.3,396.3,392.8,390.7,392.4,397.4,405.1,408.7,410.9,412.1,411.0,407.6,403.4,405.2,403.1,398.4,393.8,392.0,394.1,398.8,391.6,379.4,372.8,375.7,386.4,398.6,405.2,403.4,397.6,389.2,383.1,379.8,380.7,384.1,389.9,395.4,398.9,401.0,401.5,401.1,395.6,396.9,393.9,388.3,383.4,382.1,385.1,390.7,-35.7,-34.1,-30.1,-25.9,-24.0,-25.2,-29.6,-33.8,-41.2,-39.1,-35.5,-30.9,-26.2,-22.6,-20.1,-22.7,-26.5,-30.8,-35.0,-38.6,-31.5,-29.7,-28.0,-27.3,-28.1,-29.9,-31.6,-32.3,17.9,18.9,22.9,27.4,29.9,28.8,24.9,20.2,14.4,16.7,20.0,24.4,28.8,32.5,35.2,33.0,29.7,25.7,21.4,17.4,22.3,24.3,26.1,26.6,25.4,23.4,21.6,21.1,14.8,10.6,8.8,10.4,14.4,18.8,20.4,18.9,15.9,13.6,12.2,11.5,12.1,14.0,16.9,18.2,19.1,19.5,19.1,17.9,16.2,16.9,16.1,14.4,12.6,12.0,12.7,14.5,11.7,7.2,4.7,5.8,9.8,14.3,16.7,16.0,13.9,10.8,8.5,7.3,7.7,8.9,11.1,13.1,14.4,15.2,15.3,15.2,13.2,13.7,12.6,10.5,8.7,8.2,9.3,11.4,1122.4,1121.3,1120.6,1120.7,1121.6,1123.1,1123.5,1123.3,1127.8,1124.6,1121.4,1119.6,1120.2,1121.8,1124.2,1123.2,1122.2,1122.2,1123.4,1125.7,1123.4,1123.4,1123.1,1122.6,1122.3,1122.2,1122.5,1123.0,1109.8,1110.7,1111.5,1111.6,1111.1,1110.2,1109.4,1109.4,1111.0,1110.0,1109.3,1109.3,1110.7,1113.0,1115.2,1112.4,1109.8,1108.2,1108.2,1109.5,1110.7,1110.8,1111.1,1111.6,1111.8,1111.7,1111.4,1110.9,-0.4,53.9,1262.3,0.262,0.026000000000000002,-0.075,461.1,467.1,477.1,489.1,508.5,538.1,571.7,611.1,652.3,691.1,725.7,756.2,780.0,794.5,801.9,806.0,806.1,487.0,510.4,540.5,571.5,600.7,657.5,689.1,719.1,749.9,773.7,633.1,635.1,637.1,639.6,605.8,623.0,640.4,657.8,673.5,527.5,546.2,569.5,588.5,569.0,545.8,676.5,694.3,717.0,736.0,720.1,698.0,577.7,600.4,625.6,642.7,660.8,685.8,708.0,689.2,666.5,646.7,627.8,601.6,588.8,626.6,643.7,662.3,697.7,663.1,644.3,626.7,389.9,436.7,483.6,529.1,573.0,611.5,644.3,670.1,674.6,661.7,630.1,591.6,550.4,504.7,458.0,411.6,364.6,372.2,356.0,351.9,355.0,363.2,358.5,346.1,339.7,340.7,353.3,397.1,425.0,453.1,482.2,504.1,509.1,513.0,506.7,500.1,403.3,392.6,392.0,404.8,410.9,411.6,397.4,382.6,381.1,389.1,399.2,401.4,565.3,550.7,542.6,546.4,541.0,545.4,555.4,586.2,600.7,604.3,603.4,592.9,565.7,559.0,559.8,557.0,558.0,575.1,578.7,577.7,-77.8,-75.5,-71.4,-66.4,-57.7,-44.7,-29.8,-12.5,5.3,22.1,37.3,50.7,61.0,67.1,70.1,71.6,71.5,-64.7,-54.4,-41.5,-28.5,-16.3,7.3,20.4,33.0,46.0,56.3,-2.9,-2.1,-1.2,-0.2,-14.3,-7.1,0.2,7.4,14.0,-47.4,-39.4,-29.6,-21.6,-29.8,-39.6,15.3,22.7,32.3,40.3,33.6,24.3,-26.6,-16.7,-6.0,1.1,8.7,19.2,28.9,20.8,11.1,2.8,-5.1,-16.3,-21.8,-5.6,1.5,9.4,24.5,9.7,1.8,-5.6,13.0,33.5,54.2,74.3,93.5,110.2,124.1,134.3,135.8,130.5,117.4,101.0,82.9,62.9,42.4,22.3,2.0,5.1,-1.7,-3.4,-2.1,1.3,-0.6,-5.8,-8.5,-8.1,-2.8,15.4,26.9,38.5,50.4,60.3,62.2,63.8,61.2,58.5,18.2,13.7,13.4,18.8,21.4,21.7,15.7,9.5,8.8,12.2,16.4,17.3,87.5,80.3,76.4,78.0,75.7,77.9,82.9,95.6,101.4,102.9,102.7,98.6,87.5,83.6,83.8,82.6,83.9,90.4,91.9,91.6,1304.5,1310.1,1315.6,1318.9,1317.8,1315.3,1310.0,1299.7,1295.3,1297.7,1304.1,1307.6,1306.8,1303.2,1298.6,1294.6,1291.7,1267.9,1259.2,1252.1,1246.9,1243.8,1243.7,1247.3,1251.3,1256.4,1262.7,1245.8,1242.9,1239.9,1237.3,1254.8,1251.9,1250.3,1251.2,1252.5,1264.3,1259.3,1257.7,1257.9,1258.4,1260.4,1257.8,1255.5,1256.5,1260.2,1257.6,1256.7,1278.5,1263.3,1255.9,1254.8,1254.4,1260.9,1273.2,1267.3,1263.2,1263.4,1265.1,1270.4,1276.4,1260.3,1258.6,1258.6,1271.7,1260.8,1260.8,1262.5,2.363,0.307,0.034,-0.076,639.066,487.409,-31.933000000000003,7.231,-2.906,2.7969999999999997,-4.739,-9.427999999999999,2.6489999999999996,-10.165,5.018,-7.178,-4.4830000000000005,4.593999999999999,-3.7060000000000004,3.188,0.857,1.828,1.486,-2.416,2.145,-3.813,-0.503,-3.2289999999999996,-2.1,0.272,-2.94,1.896,0.988,0.5660000000000001,0.45799999999999996,0.012,0.152,-0.7020000000000001,0.319,0.139,0.0,0.09,0.21,0.43,0.0,0.13,0.26,0.24,0.17,0.66,0.28,0.05,0.72,0.0,1.63,2.13,0.0,0.0,0.0,1.0,1.0,0.0,0.0,0.0,1.0,0.0,1.0,1.0,0.0,1.0,0.0,1.0,1.0,0.0,0.0
49,1.6019999999999999,0.98,0.11263800000000002,0.238075,-0.964693,-0.067566,0.291819,-0.954084,0.023,0.26899999999999996,545.6,549.7,560.5,571.7,576.8,573.7,562.0,550.7,531.2,536.5,545.7,557.8,570.3,580.1,587.2,580.3,569.9,558.6,547.6,538.0,556.9,561.7,566.3,568.0,565.8,561.0,556.4,554.7,689.8,692.8,703.3,715.2,721.5,718.5,708.0,695.4,680.2,686.5,695.5,707.0,718.7,728.6,736.2,729.9,720.9,710.2,698.8,688.1,700.9,706.7,711.9,713.3,710.3,704.5,699.3,697.8,401.2,390.1,385.2,389.4,400.3,412.0,416.3,412.1,404.4,398.2,394.5,392.3,393.8,398.6,406.2,411.3,414.5,416.1,414.9,410.9,405.1,406.9,404.8,400.1,395.4,393.6,395.7,400.5,393.5,381.7,375.5,378.6,389.2,401.0,407.2,405.2,399.0,390.8,384.7,381.5,382.4,386.0,391.9,397.7,401.2,403.2,403.5,402.9,398.0,399.6,396.5,390.7,385.6,384.0,387.1,392.9,-34.9,-33.4,-29.3,-25.2,-23.3,-24.5,-28.9,-33.0,-40.4,-38.3,-34.8,-30.3,-25.7,-22.1,-19.5,-22.1,-25.9,-30.1,-34.2,-37.8,-30.7,-29.0,-27.3,-26.6,-27.4,-29.2,-30.9,-31.5,18.6,19.8,23.7,28.2,30.5,29.4,25.4,20.7,15.1,17.4,20.8,25.0,29.4,33.2,36.1,33.7,30.3,26.2,22.0,18.0,22.8,25.0,26.9,27.5,26.3,24.1,22.2,21.7,15.2,11.1,9.3,10.9,14.9,19.2,20.8,19.3,16.5,14.1,12.7,11.9,12.5,14.3,17.1,19.0,20.2,20.8,20.3,18.9,16.7,17.3,16.6,14.8,13.1,12.4,13.2,15.0,12.5,8.1,5.8,6.9,10.9,15.3,17.7,16.9,14.6,11.5,9.2,8.0,8.4,9.8,12.0,14.1,15.4,16.1,16.2,16.0,14.2,14.8,13.7,11.5,9.6,9.0,10.1,12.3,1108.8,1107.6,1106.9,1107.1,1108.0,1109.4,1109.8,1109.7,1114.2,1110.9,1107.8,1106.0,1106.5,1108.1,1110.4,1109.7,1108.8,1108.8,1110.1,1112.3,1109.7,1109.8,1109.5,1109.0,1108.6,1108.5,1108.8,1109.3,1122.1,1122.9,1123.5,1123.5,1122.8,1122.0,1121.4,1121.7,1123.7,1122.5,1121.6,1121.5,1122.7,1124.9,1127.2,1124.3,1121.7,1120.4,1120.5,1122.0,1122.8,1122.8,1123.1,1123.5,1123.8,1123.8,1123.5,1123.1,-0.2,54.8,1268.1,0.258,0.02,-0.071,462.4,468.1,477.7,489.3,508.7,538.2,571.2,609.6,650.4,689.6,724.8,756.2,780.4,795.1,802.2,806.1,806.0,487.9,511.4,541.4,572.3,601.7,659.2,690.7,720.6,751.3,774.7,634.5,636.3,638.3,640.6,607.2,624.1,641.2,658.5,674.1,528.4,547.0,570.4,589.3,569.9,546.5,677.8,695.3,718.1,737.0,721.2,699.1,578.1,602.0,626.7,643.5,661.5,686.0,708.6,688.6,665.7,646.3,627.7,602.2,589.1,627.3,644.3,662.9,698.4,662.8,644.2,626.9,391.7,438.4,485.3,530.5,573.9,611.1,642.4,667.0,671.6,659.7,629.1,591.4,551.1,506.1,460.0,413.9,366.8,373.5,358.0,353.9,357.0,365.0,360.2,347.5,341.1,342.2,354.9,399.0,426.9,455.1,484.3,507.2,512.2,516.0,510.1,503.7,405.4,394.5,393.8,406.8,413.3,414.1,399.4,384.3,382.8,391.2,401.6,403.6,567.5,555.2,548.0,552.0,546.7,550.5,558.3,586.3,599.6,602.8,601.7,591.7,568.1,564.5,565.4,562.5,560.8,574.5,577.8,576.6,-77.5,-75.4,-71.5,-66.6,-57.9,-44.8,-30.1,-13.2,4.5,21.5,37.0,50.9,61.5,67.8,70.6,72.1,71.9,-64.6,-54.2,-41.4,-28.3,-16.0,8.0,21.2,33.8,46.8,57.0,-2.3,-1.5,-0.7,0.2,-13.8,-6.7,0.5,7.8,14.3,-47.3,-39.2,-29.3,-21.4,-29.5,-39.4,15.9,23.3,32.9,41.0,34.2,24.9,-26.5,-16.1,-5.6,1.5,9.0,19.5,29.3,20.6,10.9,2.7,-5.2,-16.1,-21.7,-5.3,1.8,9.6,24.9,9.6,1.8,-5.6,13.8,34.4,55.2,75.3,94.3,110.5,123.7,133.4,134.9,130.1,117.4,101.3,83.7,63.8,43.5,23.4,2.9,5.7,-0.9,-2.6,-1.2,2.1,0.1,-5.2,-7.9,-7.5,-2.2,16.3,27.9,39.5,51.5,61.8,63.8,65.3,62.9,60.3,19.2,14.5,14.2,19.7,22.5,22.8,16.6,10.2,9.6,13.2,17.5,18.4,88.8,82.6,79.1,80.7,78.5,80.5,84.6,96.0,101.3,102.7,102.3,98.5,88.9,86.3,86.6,85.4,85.5,90.5,91.9,91.5,1310.1,1315.7,1321.5,1325.0,1323.4,1320.3,1314.2,1303.8,1299.2,1301.9,1309.2,1313.7,1313.6,1310.2,1305.8,1301.5,1298.7,1273.7,1264.9,1258.0,1252.8,1249.7,1250.1,1253.8,1257.9,1262.8,1269.2,1251.7,1248.7,1245.4,1242.5,1260.5,1257.7,1256.2,1257.2,1258.4,1269.9,1264.8,1263.3,1263.8,1264.0,1265.9,1264.0,1261.7,1262.7,1266.7,1263.9,1263.0,1283.9,1269.5,1262.5,1261.5,1261.2,1267.6,1279.4,1272.7,1268.3,1268.3,1270.0,1275.6,1281.5,1266.6,1265.1,1265.2,1277.7,1265.8,1265.7,1267.3,2.352,0.303,0.027000000000000003,-0.07200000000000001,639.635,489.105,-29.094,6.84,-7.655,1.925,-2.6630000000000003,-5.893,0.126,-10.115,5.859,-4.224,-4.374,5.65,-2.917,2.4290000000000003,-0.584,3.091,1.143,-3.167,1.679,-4.813,-0.652,-3.592,-1.854,1.308,-2.127,1.651,0.243,-0.129,0.47200000000000003,-0.17,-0.28,-0.46399999999999997,0.345,0.27,0.0,0.1,0.22,0.42,0.0,0.12,0.2,0.19,0.22,0.72,0.31,0.17,0.77,0.0,1.1,1.86,0.0,0.0,0.0,1.0,1.0,0.0,0.0,0.0,0.0,0.0,1.0,1.0,0.0,1.0,0.0,1.0,1.0,0.0,0.0
50,1.635,0.98,0.112919,0.232287,-0.9660700000000001,-0.068962,0.288618,-0.954958,0.023,0.265,545.5,549.6,560.4,571.7,576.8,573.6,562.0,550.7,531.2,536.5,545.7,557.8,570.3,580.1,587.1,580.2,570.0,558.8,547.7,538.1,556.8,561.6,566.3,568.0,565.8,560.9,556.3,554.6,690.0,693.0,703.5,715.2,721.3,718.3,707.8,695.5,680.5,686.2,694.9,706.7,718.8,728.8,736.1,729.9,720.8,710.0,698.5,688.1,701.2,706.6,711.5,713.0,710.1,704.6,699.7,698.3,402.4,391.3,386.4,390.5,401.4,413.0,417.4,413.2,405.7,399.6,396.1,393.9,395.2,399.9,407.5,412.8,416.3,418.0,416.6,412.4,406.2,408.0,405.9,401.2,396.5,394.8,396.9,401.6,394.9,383.0,376.8,379.9,390.5,402.4,408.6,406.4,400.2,392.3,386.5,383.4,384.2,387.3,393.0,398.8,402.5,404.6,404.9,404.0,398.8,400.2,397.3,391.8,386.8,385.4,388.3,393.8,-34.9,-33.3,-29.3,-25.2,-23.3,-24.5,-28.8,-33.0,-40.3,-38.3,-34.8,-30.3,-25.7,-22.1,-19.6,-22.1,-25.9,-30.0,-34.1,-37.7,-30.7,-29.0,-27.2,-26.6,-27.4,-29.2,-30.9,-31.5,18.9,20.1,24.0,28.4,30.8,29.6,25.7,21.0,15.4,17.5,20.8,25.2,29.8,33.7,36.5,34.1,30.6,26.5,22.1,18.2,23.2,25.2,27.1,27.6,26.5,24.5,22.6,22.1,15.6,11.5,9.7,11.3,15.3,19.6,21.2,19.7,16.9,14.7,13.3,12.5,13.0,14.7,17.5,19.5,20.8,21.4,20.9,19.4,17.1,17.7,17.0,15.2,13.5,12.8,13.6,15.4,13.2,8.7,6.4,7.5,11.5,16.0,18.4,17.6,15.2,12.2,10.0,8.8,9.2,10.3,12.5,14.7,16.1,16.9,17.0,16.6,14.7,15.2,14.1,12.0,10.2,9.6,10.7,12.8,1107.1,1105.9,1105.3,1105.5,1106.5,1108.0,1108.3,1108.1,1112.3,1109.1,1106.0,1104.3,1104.9,1106.5,1108.9,1108.3,1107.3,1107.4,1108.6,1110.6,1108.1,1108.2,1107.9,1107.4,1107.0,1106.9,1107.2,1107.7,1134.8,1134.9,1135.0,1135.0,1135.0,1134.9,1134.9,1135.1,1137.0,1135.3,1133.9,1133.4,1134.5,1136.9,1139.5,1137.1,1135.0,1133.8,1134.1,1135.6,1135.7,1135.7,1135.8,1135.8,1135.8,1135.8,1135.8,1135.7,-0.2,55.3,1274.3,0.262,0.017,-0.071,462.8,468.3,477.7,488.9,507.9,537.4,570.9,609.5,650.3,689.3,724.5,755.9,780.5,795.3,802.3,806.1,806.1,487.4,510.7,540.6,571.6,601.5,658.9,690.4,720.2,751.1,774.9,634.4,636.3,638.3,640.5,607.4,624.3,641.3,658.8,674.5,528.6,547.0,570.3,589.0,569.9,546.7,678.0,695.2,717.9,737.0,721.0,699.1,577.8,603.7,628.1,644.2,661.2,685.3,709.3,687.6,664.8,646.4,628.8,603.7,588.7,628.7,645.0,662.6,699.3,661.8,644.4,628.0,392.2,439.0,486.0,530.8,573.4,609.2,638.4,661.2,665.3,654.3,625.7,590.1,551.2,507.0,461.2,415.4,368.0,374.7,359.6,355.4,358.6,366.3,361.7,349.0,342.6,343.4,355.5,400.2,428.6,457.3,487.0,509.8,514.8,518.6,512.6,506.0,406.7,396.1,395.4,408.1,414.9,415.8,400.9,385.7,384.3,392.6,403.1,405.1,568.3,559.4,553.5,557.4,552.2,554.8,558.8,583.8,595.5,598.3,597.4,589.0,569.3,568.9,569.8,566.9,561.8,571.8,574.6,573.5,-77.8,-75.7,-71.9,-67.1,-58.6,-45.3,-30.4,-13.3,4.5,21.5,37.1,51.1,61.9,68.3,71.1,72.5,72.3,-65.1,-54.8,-41.9,-28.7,-16.1,7.9,21.2,33.8,47.0,57.3,-2.3,-1.6,-0.7,0.2,-13.8,-6.6,0.6,7.9,14.5,-47.4,-39.4,-29.5,-21.6,-29.7,-39.6,16.1,23.3,33.0,41.1,34.3,25.0,-26.7,-15.5,-5.0,1.8,9.0,19.3,29.7,20.3,10.5,2.7,-4.8,-15.5,-22.0,-4.8,2.1,9.6,25.4,9.3,1.8,-5.1,14.1,34.8,55.8,75.8,94.6,110.2,122.4,131.3,132.6,128.2,116.4,101.3,84.2,64.6,44.3,24.2,3.5,6.3,-0.2,-1.9,-0.6,2.7,0.7,-4.6,-7.3,-7.0,-1.9,16.9,28.7,40.6,52.8,63.2,65.2,66.7,64.3,61.5,19.9,15.3,15.0,20.4,23.2,23.7,17.3,10.9,10.3,13.8,18.3,19.1,89.6,84.9,81.9,83.5,81.3,82.8,85.3,95.4,99.9,101.1,100.9,97.8,89.9,88.7,89.0,87.7,86.4,89.7,90.9,90.6,1316.9,1322.4,1328.2,1331.9,1330.0,1326.3,1318.9,1307.7,1302.9,1306.2,1315.0,1320.9,1321.6,1318.5,1313.8,1308.8,1305.9,1280.6,1271.4,1264.3,1258.7,1254.8,1255.6,1259.5,1263.8,1268.4,1274.9,1257.4,1254.4,1250.8,1247.9,1266.6,1263.8,1262.1,1263.2,1264.5,1276.1,1271.0,1269.4,1270.1,1270.0,1272.0,1269.9,1267.7,1268.8,1272.9,1270.0,1269.1,1290.6,1277.0,1270.1,1269.2,1268.9,1275.3,1286.7,1278.5,1273.3,1273.2,1275.0,1281.5,1288.0,1273.7,1272.4,1272.5,1284.7,1271.1,1270.9,1272.5,2.3409999999999997,0.306,0.024,-0.07200000000000001,639.653,489.76199999999994,-23.697,5.475,-12.339,-0.284,0.536,0.491,-2.0540000000000003,-8.895,6.495,-0.875,-5.085,6.1979999999999995,-2.6710000000000003,0.531,-2.5660000000000003,4.9719999999999995,1.089,-3.826,0.648,-4.533,0.35100000000000003,-4.2219999999999995,-2.2230000000000003,1.525,-2.603,1.258,-1.17,-0.27399999999999997,0.332,-0.026000000000000002,-0.255,-0.565,0.342,0.289,0.01,0.16,0.2,0.42,0.0,0.09,0.12,0.03,0.2,0.74,0.34,0.33,0.76,0.03,0.56,1.57,0.0,0.0,0.0,1.0,1.0,0.0,0.0,0.0,0.0,0.0,1.0,1.0,0.0,1.0,0.0,1.0,1.0,0.0,0.0
51,1.6680000000000001,0.98,0.110693,0.22216599999999997,-0.9687049999999999,-0.076687,0.272997,-0.958953,0.018000000000000002,0.251,544.2,548.1,558.8,570.1,575.3,572.3,560.8,549.5,529.9,534.9,543.9,555.9,568.4,578.5,585.8,579.1,568.6,557.4,546.4,536.7,555.4,560.3,565.0,566.7,564.4,559.5,554.8,553.2,688.5,691.6,702.1,713.9,720.1,717.0,706.5,694.0,679.4,684.5,693.0,705.3,718.0,727.9,734.6,728.5,719.5,708.8,697.2,686.8,699.9,705.3,710.0,711.4,708.6,703.3,698.6,697.2,403.1,391.9,386.8,390.9,401.7,413.5,417.9,413.9,407.3,400.7,396.6,394.1,395.4,400.1,407.4,413.8,417.8,419.9,418.8,414.6,407.0,408.8,406.6,401.7,397.0,395.3,397.5,402.3,395.5,383.6,377.4,380.4,391.0,402.9,409.2,406.9,401.4,393.2,387.6,384.8,385.7,388.2,393.9,399.3,403.3,405.6,405.8,404.6,398.8,400.1,397.3,392.0,387.2,385.8,388.7,394.0,-35.0,-33.6,-29.6,-25.5,-23.6,-24.7,-29.0,-33.1,-40.4,-38.5,-35.1,-30.7,-26.1,-22.5,-19.8,-22.3,-26.1,-30.2,-34.3,-37.9,-30.9,-29.1,-27.4,-26.8,-27.6,-29.4,-31.1,-31.7,18.3,19.4,23.3,27.8,30.1,29.0,25.0,20.3,14.8,16.7,19.9,24.5,29.3,33.1,35.7,33.4,29.9,25.9,21.5,17.6,22.6,24.6,26.4,26.9,25.8,23.8,22.0,21.5,15.7,11.6,9.8,11.3,15.2,19.5,21.2,19.7,17.4,14.9,13.4,12.4,12.9,14.6,17.3,19.7,21.1,21.9,21.5,20.0,17.2,17.8,17.0,15.2,13.5,12.9,13.7,15.5,13.4,8.9,6.5,7.7,11.7,16.1,18.5,17.7,15.6,12.5,10.4,9.3,9.7,10.6,12.8,14.8,16.3,17.2,17.2,16.8,14.6,15.1,14.1,12.0,10.2,9.7,10.8,12.8,1096.3,1095.4,1094.7,1094.8,1095.5,1096.7,1097.0,1097.0,1102.0,1098.7,1095.6,1093.8,1094.2,1095.7,1098.0,1097.3,1096.5,1096.7,1098.0,1100.2,1097.1,1097.2,1096.9,1096.5,1096.2,1096.2,1096.4,1096.8,1128.7,1128.1,1127.8,1128.1,1128.7,1129.4,1129.7,1129.7,1131.1,1128.9,1127.3,1126.5,1127.8,1130.3,1133.1,1131.4,1129.5,1128.3,1128.6,1129.9,1129.8,1130.0,1129.9,1129.6,1129.3,1129.1,1129.3,1129.5,-0.7,55.8,1277.3,0.268,0.027999999999999997,-0.073,462.2,467.9,477.5,489.1,508.4,538.1,571.3,609.4,649.6,688.0,723.1,754.5,779.6,794.9,801.9,805.8,806.0,486.2,509.9,539.6,570.4,600.0,656.7,688.6,718.6,749.8,774.5,632.3,634.2,636.1,638.3,605.8,622.5,639.5,657.0,672.7,527.2,545.5,568.8,587.5,568.4,545.2,676.6,693.7,716.6,735.8,719.7,697.7,576.8,602.8,626.9,642.6,659.3,683.5,708.0,685.8,662.7,644.7,627.4,602.7,587.5,627.4,643.4,660.6,698.1,659.7,642.6,626.5,392.6,439.9,487.0,531.9,574.1,609.6,638.4,660.7,664.6,654.2,626.6,591.9,553.1,508.5,461.9,415.2,366.8,374.8,360.0,356.2,359.3,366.7,362.1,349.6,343.4,344.4,356.5,400.8,429.5,458.5,488.5,510.7,515.9,519.8,513.7,507.2,407.7,396.9,396.1,408.9,415.9,416.8,401.9,386.7,385.3,393.7,404.4,406.4,568.2,560.2,554.7,558.5,553.6,555.9,559.1,584.5,595.9,598.5,597.5,588.9,569.5,569.5,570.5,567.6,562.2,572.8,575.3,574.1,-78.2,-76.0,-72.1,-67.1,-58.4,-45.1,-30.3,-13.3,4.2,20.9,36.5,50.5,61.6,68.2,71.0,72.4,72.3,-65.8,-55.3,-42.4,-29.3,-16.8,7.0,20.4,33.1,46.5,57.2,-3.2,-2.4,-1.6,-0.7,-14.5,-7.4,-0.2,7.2,13.8,-48.1,-40.2,-30.2,-22.3,-30.4,-40.3,15.5,22.7,32.4,40.7,33.8,24.5,-27.3,-15.9,-5.6,1.1,8.2,18.5,29.2,19.6,9.7,2.0,-5.4,-16.0,-22.6,-5.4,1.4,8.8,25.0,8.4,1.1,-5.7,14.4,35.3,56.4,76.5,95.1,110.5,122.6,131.3,132.6,128.4,117.1,102.3,85.2,65.4,44.7,24.1,2.9,6.3,0.0,-1.6,-0.3,2.8,0.9,-4.4,-7.0,-6.6,-1.5,17.1,29.1,41.2,53.6,63.8,65.8,67.4,64.9,62.2,20.3,15.7,15.3,20.7,23.7,24.2,17.8,11.3,10.7,14.3,18.8,19.6,89.8,85.5,82.7,84.3,82.1,83.5,85.6,95.9,100.4,101.5,101.2,98.0,90.2,89.2,89.5,88.3,86.8,90.4,91.5,91.1,1320.1,1325.5,1331.2,1334.7,1332.6,1328.8,1321.3,1310.2,1305.7,1308.9,1317.8,1323.4,1323.8,1320.5,1315.7,1310.3,1307.0,1283.8,1274.5,1267.4,1261.6,1257.3,1257.6,1261.4,1265.4,1269.8,1276.1,1259.9,1257.1,1253.7,1251.0,1269.5,1266.7,1265.1,1266.1,1267.2,1279.4,1274.3,1272.5,1273.0,1273.1,1275.2,1271.8,1269.7,1270.6,1274.6,1271.9,1271.1,1294.3,1281.0,1274.1,1273.1,1272.6,1278.7,1289.7,1281.4,1276.4,1276.3,1278.3,1285.1,1291.8,1277.3,1275.9,1275.8,1287.7,1274.3,1274.2,1276.0,2.336,0.312,0.034,-0.07400000000000001,638.41,490.477,-25.949,3.8560000000000003,-12.814,-0.96,2.545,2.286,-1.9969999999999999,-9.466000000000001,6.426,-1.426,-5.716,5.303999999999999,-3.18,-0.218,-3.85,5.284,1.5,-4.048,0.342,-4.368,0.245,-3.641,-2.3930000000000002,1.835,-3.011,1.745,-1.274,-0.374,0.369,-0.09,-0.303,-0.39399999999999996,0.33399999999999996,0.261,0.01,0.21,0.2,0.32,0.0,0.0,0.03,0.0,0.24,0.78,0.38,0.47,0.97,0.03,0.25,1.23,0.0,0.0,0.0,1.0,0.0,0.0,0.0,0.0,0.0,1.0,1.0,1.0,0.0,1.0,0.0,1.0,1.0,0.0,0.0
52,1.702,0.98,0.096709,0.225694,-0.9693860000000001,-0.079888,0.268138,-0.9600620000000001,0.009000000000000001,0.251,541.7,545.7,556.5,567.9,573.0,569.9,558.2,546.9,527.6,532.7,541.7,553.8,566.5,576.3,583.5,576.5,566.0,554.7,543.8,534.4,553.0,557.9,562.6,564.4,562.1,557.2,552.5,550.8,685.8,688.8,699.4,711.5,717.9,715.0,704.3,691.5,676.2,682.3,691.4,703.3,715.1,724.6,731.5,725.8,717.1,706.7,695.1,684.2,697.3,702.8,707.7,709.1,706.1,700.6,695.7,694.3,402.5,391.3,386.5,390.8,401.7,413.4,417.7,413.4,405.8,399.7,396.2,394.1,395.6,400.2,407.7,413.7,417.4,419.2,417.7,413.1,406.5,408.4,406.3,401.4,396.7,394.8,396.9,401.8,395.4,383.3,377.0,380.1,391.0,403.1,409.4,407.2,401.5,393.2,387.1,384.1,385.3,388.8,395.0,400.4,403.7,405.6,405.8,405.1,399.6,401.1,398.2,392.6,387.6,386.2,389.1,394.6,-35.8,-34.3,-30.4,-26.3,-24.4,-25.6,-29.8,-34.0,-41.2,-39.2,-35.8,-31.4,-26.7,-23.2,-20.6,-23.2,-27.0,-31.1,-35.1,-38.6,-31.7,-29.9,-28.2,-27.6,-28.4,-30.2,-31.9,-32.5,17.1,18.2,22.2,26.7,29.1,27.9,24.0,19.2,13.5,15.7,19.1,23.6,28.0,31.6,34.3,32.0,28.7,24.8,20.5,16.5,21.3,23.4,25.3,25.8,24.7,22.6,20.8,20.3,15.5,11.4,9.6,11.2,15.2,19.5,21.0,19.5,16.8,14.5,13.2,12.4,12.9,14.7,17.4,19.6,20.9,21.6,21.1,19.4,17.0,17.6,16.9,15.1,13.4,12.7,13.5,15.2,13.2,8.7,6.3,7.5,11.5,16.1,18.4,17.6,15.5,12.4,10.1,9.0,9.4,10.8,13.1,15.1,16.3,17.0,17.1,16.8,14.8,15.3,14.2,12.2,10.3,9.8,10.8,12.9,1093.7,1092.5,1091.7,1091.7,1092.6,1094.1,1094.6,1094.6,1099.2,1095.9,1092.7,1090.8,1091.1,1092.7,1094.9,1094.4,1093.7,1093.9,1095.3,1097.4,1094.5,1094.6,1094.2,1093.7,1093.3,1093.3,1093.6,1094.2,1117.5,1118.4,1119.1,1119.3,1118.9,1118.0,1117.3,1117.3,1118.9,1117.8,1117.1,1117.0,1118.3,1120.7,1123.0,1120.4,1117.8,1116.2,1116.2,1117.5,1118.5,1118.6,1118.9,1119.3,1119.5,1119.4,1119.1,1118.7,-1.8,55.8,1273.9,0.27,0.046,-0.076,461.9,467.4,476.6,487.9,506.7,536.0,568.7,606.9,647.2,686.1,721.8,753.7,779.0,794.4,801.5,805.3,805.4,484.7,508.1,537.5,567.8,597.1,653.3,685.5,715.7,747.3,772.3,628.9,630.6,632.3,634.3,602.1,618.9,635.9,653.7,669.7,524.9,543.1,566.5,585.3,566.0,542.7,673.8,691.1,714.0,733.4,717.3,695.1,572.9,598.6,623.0,639.2,656.6,681.7,706.9,684.2,660.3,641.6,623.8,598.6,583.7,623.6,640.1,658.1,696.8,657.1,639.2,622.6,392.9,439.9,487.0,531.9,574.4,610.5,640.4,664.0,668.4,657.7,629.3,593.3,553.4,507.7,460.4,413.4,364.8,374.4,359.8,356.3,359.3,366.5,362.1,349.7,343.8,345.0,357.3,400.5,429.2,458.3,488.3,510.7,516.0,519.9,513.8,507.3,407.0,396.2,395.7,408.8,415.6,416.4,401.9,386.8,385.4,393.9,404.5,406.5,568.1,559.6,554.0,558.0,553.0,555.4,559.3,585.6,597.4,600.1,599.0,590.0,569.5,569.4,570.5,567.6,562.3,573.6,576.3,574.9,-78.2,-76.1,-72.3,-67.5,-59.1,-46.0,-31.3,-14.4,3.1,20.1,35.8,50.0,61.1,67.7,70.5,71.9,71.7,-66.3,-55.9,-43.2,-30.3,-18.0,5.5,19.1,31.8,45.2,56.0,-4.6,-3.9,-3.2,-2.4,-16.0,-8.9,-1.7,5.8,12.5,-49.0,-41.1,-31.1,-23.2,-31.3,-41.3,14.3,21.5,31.2,39.5,32.6,23.3,-28.9,-17.6,-7.2,-0.3,7.0,17.7,28.6,18.8,8.6,0.7,-6.9,-17.7,-24.2,-7.0,0.0,7.7,24.3,7.2,-0.3,-7.4,14.5,35.2,56.2,76.3,95.0,110.8,123.3,132.6,134.0,129.6,117.9,102.5,85.0,64.7,43.8,23.2,2.1,6.1,-0.1,-1.6,-0.3,2.7,0.9,-4.3,-6.8,-6.3,-1.1,17.0,28.9,41.0,53.4,63.6,65.7,67.3,64.7,62.0,20.0,15.4,15.1,20.6,23.5,23.9,17.7,11.3,10.7,14.4,18.8,19.6,89.6,85.0,82.2,83.8,81.6,83.0,85.4,96.1,100.7,101.9,101.6,98.3,90.0,88.9,89.3,88.0,86.6,90.5,91.6,91.2,1316.9,1322.2,1327.8,1331.4,1329.5,1326.2,1319.4,1308.3,1303.3,1305.9,1313.6,1318.2,1318.0,1314.5,1309.7,1304.3,1300.9,1281.2,1271.8,1264.7,1258.9,1254.8,1254.4,1257.7,1261.2,1265.1,1270.8,1256.7,1253.8,1250.5,1247.9,1266.5,1263.5,1261.8,1262.8,1263.8,1276.7,1271.4,1269.5,1269.8,1270.1,1272.4,1268.0,1265.4,1266.0,1269.6,1267.2,1266.8,1291.8,1277.7,1270.4,1269.2,1268.4,1274.4,1285.4,1277.6,1272.6,1272.8,1275.0,1282.1,1289.2,1273.9,1272.2,1271.9,1283.6,1270.4,1270.5,1272.5,2.342,0.315,0.055,-0.078,635.938,490.733,-29.005,2.714,-11.228,-0.971,-0.35200000000000004,0.831,-3.015,-11.867,5.612,-2.312,-5.52,5.915,-3.948,0.425,-3.583,4.737,1.349,-3.7460000000000004,1.849,-4.787,-0.21600000000000003,-3.9730000000000003,-2.823,1.8840000000000001,-3.0460000000000003,1.912,-1.338,-0.171,0.434,0.124,-0.24,-0.586,0.27699999999999997,0.192,0.04,0.18,0.24,0.2,0.0,0.0,0.01,0.04,0.29,0.82,0.35,0.36,1.0,0.03,0.56,1.52,0.0,0.0,0.0,1.0,0.0,0.0,0.0,0.0,0.0,1.0,1.0,1.0,0.0,1.0,0.0,1.0,1.0,0.0,0.0
53,1.735,0.98,0.098447,0.22589800000000002,-0.9691639999999999,-0.084012,0.282088,-0.9557030000000001,0.006999999999999999,0.258,539.4,543.6,554.4,565.5,570.4,567.1,555.4,544.3,525.1,530.2,539.0,551.1,563.7,573.5,580.4,573.2,562.5,551.1,540.5,531.5,550.6,555.3,559.9,561.7,559.6,554.9,550.3,548.6,682.7,685.5,696.1,708.3,715.0,712.2,701.5,688.6,672.6,679.0,688.2,700.0,711.6,720.9,727.8,722.5,714.4,704.0,692.3,681.1,693.8,699.8,705.1,706.5,703.2,697.1,691.9,690.5,401.4,390.3,385.5,390.0,401.1,412.8,416.9,412.5,405.0,398.9,395.4,393.4,395.0,399.7,406.9,413.0,416.5,418.1,416.5,412.2,405.6,407.5,405.5,400.8,396.1,394.2,396.2,401.0,395.4,383.5,377.3,380.6,391.4,403.4,409.5,407.3,401.8,393.3,387.0,383.8,385.1,389.0,395.5,400.6,403.6,405.3,405.6,405.3,400.4,402.1,399.0,393.1,387.7,386.1,389.1,395.1,-37.0,-35.4,-31.4,-27.3,-25.6,-26.8,-31.1,-35.2,-42.5,-40.5,-37.1,-32.6,-28.0,-24.4,-21.9,-24.6,-28.5,-32.7,-36.6,-40.0,-32.9,-31.1,-29.5,-28.8,-29.5,-31.3,-33.0,-33.6,15.6,16.7,20.6,25.1,27.5,26.5,22.5,17.8,12.0,14.3,17.7,22.0,26.3,29.8,32.4,30.3,27.3,23.4,19.1,15.0,19.7,21.9,23.9,24.4,23.2,21.0,19.0,18.5,15.2,11.1,9.4,11.0,15.1,19.4,20.9,19.3,16.6,14.3,13.0,12.2,12.8,14.6,17.3,19.5,20.8,21.4,20.8,19.2,16.8,17.5,16.7,15.0,13.3,12.6,13.3,15.1,13.0,8.6,6.4,7.6,11.5,15.9,18.1,17.3,15.3,12.2,9.9,8.7,9.2,10.7,13.1,14.9,16.0,16.6,16.7,16.6,14.8,15.4,14.3,12.2,10.2,9.6,10.7,12.9,1103.0,1102.0,1101.3,1101.2,1101.8,1103.1,1103.6,1103.6,1108.6,1105.2,1102.0,1100.1,1100.3,1101.7,1103.8,1103.2,1102.4,1102.8,1104.3,1106.6,1103.7,1103.7,1103.4,1102.9,1102.7,1102.7,1103.0,1103.4,1098.6,1099.9,1101.2,1101.6,1101.0,1099.6,1098.4,1098.1,1099.6,1099.0,1098.9,1099.3,1100.8,1103.2,1105.5,1102.4,1099.5,1097.6,1097.3,1098.2,1099.7,1099.9,1100.5,1101.2,1101.5,1101.3,1100.7,1100.0,-3.2,55.6,1265.1,0.278,0.07200000000000001,-0.078,461.5,466.7,475.7,486.9,505.6,534.7,567.1,604.5,644.5,683.8,720.0,752.5,777.7,793.3,800.8,804.6,804.6,482.6,505.3,534.6,565.0,594.0,649.4,681.8,712.5,744.4,769.1,625.2,626.4,627.7,629.3,597.5,614.2,631.3,649.2,665.3,522.0,540.2,563.6,582.2,562.8,539.6,670.5,688.0,710.9,730.1,714.0,691.8,568.6,592.5,617.3,634.2,652.6,678.6,703.6,681.4,657.0,637.1,618.4,592.8,579.4,618.2,635.3,654.3,693.4,653.7,634.7,617.3,392.6,439.0,485.8,531.1,574.8,612.6,644.8,670.4,675.0,662.9,631.8,593.5,552.7,506.9,460.0,413.7,366.2,373.6,358.6,354.9,358.1,366.0,361.9,349.5,343.5,345.4,358.5,400.7,429.3,458.2,488.1,510.2,515.6,519.7,513.6,507.3,406.0,395.4,395.1,408.5,414.7,415.2,401.7,386.8,385.5,394.1,404.5,406.3,567.6,557.7,551.8,556.0,550.8,553.8,559.6,588.9,602.6,605.7,604.3,593.6,568.9,568.0,569.3,566.4,562.6,577.3,580.5,579.0,-77.8,-75.9,-72.3,-67.6,-59.2,-46.3,-31.9,-15.4,1.9,18.9,34.8,49.0,59.9,66.5,69.5,70.9,70.7,-66.8,-56.7,-44.1,-31.3,-19.1,3.9,17.4,30.2,43.7,54.2,-6.1,-5.6,-5.1,-4.4,-17.8,-10.8,-3.6,3.8,10.6,-49.9,-42.0,-32.1,-24.3,-32.4,-42.3,12.8,20.1,29.7,37.8,31.0,21.7,-30.5,-20.1,-9.5,-2.4,5.3,16.3,27.0,17.5,7.2,-1.2,-9.1,-20.1,-25.9,-9.2,-2.0,6.0,22.7,5.8,-2.2,-9.6,14.2,34.6,55.3,75.5,94.7,111.1,124.7,134.7,136.2,131.1,118.1,101.7,83.8,63.7,43.2,23.2,2.7,5.8,-0.6,-2.1,-0.8,2.5,0.8,-4.4,-6.9,-6.1,-0.6,16.9,28.7,40.6,52.9,63.0,65.1,66.7,64.2,61.6,19.4,14.9,14.7,20.4,23.0,23.2,17.5,11.2,10.7,14.3,18.6,19.4,88.8,83.6,80.6,82.2,80.0,81.6,84.8,96.8,102.3,103.6,103.2,99.2,89.2,87.7,88.1,86.8,86.0,91.4,92.8,92.3,1308.2,1313.9,1319.9,1323.8,1322.1,1319.1,1313.1,1302.4,1297.0,1298.5,1303.7,1306.4,1305.0,1301.4,1296.9,1292.2,1289.0,1272.8,1263.3,1255.8,1250.0,1246.5,1245.5,1247.8,1251.0,1254.7,1260.1,1247.6,1244.7,1241.6,1239.0,1257.8,1254.6,1252.9,1253.6,1254.6,1268.0,1262.5,1260.4,1260.5,1261.2,1263.7,1258.3,1255.2,1255.5,1258.8,1256.8,1256.5,1283.3,1268.3,1260.4,1258.9,1258.1,1263.7,1274.9,1269.0,1264.9,1265.3,1267.7,1274.3,1280.9,1264.6,1262.6,1262.1,1273.6,1262.2,1262.6,1264.7,2.359,0.324,0.084,-0.08,632.725,491.24199999999996,-34.008,4.574,-6.712999999999999,0.9079999999999999,-2.8939999999999997,-4.435,-1.6130000000000002,-14.091,4.773,-2.8930000000000002,-4.293,6.314,-3.556,2.26,-1.796,3.0239999999999996,0.218,-2.9160000000000004,3.417,-4.793,-0.8320000000000001,-4.637,-2.6889999999999996,1.911,-2.585,2.29,0.057999999999999996,-0.11,0.316,0.17,-0.345,-0.278,0.379,0.14400000000000002,0.03,0.12,0.34,0.33,0.0,0.0,0.02,0.24,0.42,1.04,0.28,0.26,1.23,0.0,1.09,1.91,0.0,0.0,0.0,1.0,0.0,0.0,0.0,0.0,1.0,1.0,1.0,1.0,0.0,1.0,0.0,1.0,1.0,0.0,0.0
54,1.768,0.98,0.093523,0.219937,-0.9710209999999999,-0.09117,0.265007,-0.9599270000000001,0.001,0.24600000000000002,537.1,541.3,552.1,563.2,568.1,564.7,553.0,541.9,522.4,527.5,536.4,548.7,561.5,571.1,577.8,570.6,559.8,548.3,537.8,528.7,548.3,552.9,557.4,559.2,557.2,552.6,548.0,546.3,680.1,683.1,694.0,706.4,713.0,709.9,699.1,685.9,669.9,676.1,685.4,697.6,709.6,718.7,725.4,720.0,711.8,701.7,689.8,678.4,691.6,697.3,702.4,703.8,700.7,695.0,689.9,688.5,401.0,390.0,385.3,389.8,400.7,412.4,416.4,412.0,404.6,398.4,395.0,393.0,394.7,399.4,406.7,412.8,416.4,417.9,416.2,411.8,405.1,407.0,405.0,400.4,395.9,394.0,395.9,400.5,395.4,383.0,376.8,380.3,391.6,403.9,410.2,407.7,402.0,393.7,388.0,385.1,386.4,389.8,396.0,401.1,404.3,406.1,406.3,405.6,400.1,401.8,398.9,393.1,387.9,386.2,389.1,394.9,-37.8,-36.2,-32.2,-28.1,-26.4,-27.6,-31.9,-36.0,-43.4,-41.4,-38.0,-33.4,-28.7,-25.2,-22.8,-25.5,-29.4,-33.6,-37.6,-41.0,-33.7,-32.0,-30.3,-29.6,-30.4,-32.1,-33.7,-34.4,14.6,15.7,19.7,24.2,26.6,25.5,21.5,16.7,10.9,13.1,16.5,21.0,25.4,28.8,31.3,29.2,26.2,22.4,18.1,14.0,18.8,20.9,22.8,23.3,22.2,20.1,18.2,17.7,15.1,11.0,9.3,10.9,14.9,19.2,20.7,19.1,16.4,14.1,12.8,12.1,12.7,14.4,17.2,19.4,20.7,21.2,20.7,19.1,16.6,17.2,16.5,14.8,13.2,12.5,13.2,14.9,12.9,8.4,6.1,7.4,11.5,16.0,18.3,17.4,15.3,12.3,10.2,9.2,9.6,10.9,13.2,15.0,16.1,16.8,16.8,16.6,14.6,15.2,14.2,12.1,10.2,9.6,10.6,12.7,1100.6,1099.6,1098.9,1099.0,1099.7,1101.1,1101.4,1101.4,1106.4,1102.9,1099.7,1097.8,1098.1,1099.7,1101.9,1101.3,1100.5,1100.9,1102.3,1104.5,1101.5,1101.5,1101.2,1100.8,1100.5,1100.4,1100.7,1101.1,1092.7,1093.8,1095.0,1095.5,1095.1,1093.9,1092.8,1092.4,1093.5,1092.8,1092.4,1092.7,1094.2,1096.6,1098.9,1096.2,1093.5,1091.5,1091.2,1092.2,1093.9,1094.2,1094.7,1095.3,1095.5,1095.2,1094.7,1094.1,-4.4,55.6,1262.5,0.285,0.098,-0.08,461.4,466.6,475.5,486.4,504.6,533.0,564.5,601.1,641.0,680.9,717.9,751.1,776.6,792.3,799.9,804.0,804.2,480.8,503.5,532.2,562.1,590.5,646.3,678.7,709.3,741.2,766.3,622.0,622.9,623.8,625.2,593.3,610.1,627.5,645.6,661.9,519.4,537.7,561.1,579.7,560.0,536.9,667.8,685.4,708.4,727.9,711.5,689.1,564.4,587.4,613.0,629.8,648.2,675.4,701.4,678.8,653.2,633.2,614.3,587.8,575.2,614.0,631.1,650.0,691.2,649.9,630.8,613.3,393.0,439.6,486.6,532.0,575.7,614.0,647.0,673.7,678.9,666.6,634.6,595.0,553.3,506.7,459.6,413.2,366.0,372.6,357.8,354.4,357.4,365.4,361.6,349.6,344.1,346.0,359.4,400.6,429.2,458.0,487.9,509.1,514.7,518.9,512.7,506.6,405.6,395.1,395.1,408.7,414.5,414.6,402.1,387.5,386.3,394.9,405.0,406.8,565.6,554.0,547.9,552.2,547.1,550.7,558.4,591.6,606.8,609.8,608.3,595.9,566.8,564.6,566.0,563.5,561.3,580.5,583.6,582.0,-77.8,-75.8,-72.2,-67.6,-59.6,-47.0,-33.1,-16.9,0.5,17.7,33.7,48.2,59.1,65.7,68.8,70.3,70.2,-67.4,-57.4,-45.0,-32.4,-20.5,2.6,16.1,28.8,42.2,52.8,-7.5,-7.1,-6.7,-6.1,-19.5,-12.5,-5.2,2.3,9.1,-50.9,-42.9,-33.1,-25.3,-33.5,-43.3,11.6,18.9,28.5,36.7,29.8,20.5,-32.3,-22.2,-11.3,-4.3,3.4,14.9,26.0,16.4,5.5,-2.9,-10.8,-22.1,-27.6,-10.9,-3.8,4.2,21.7,4.2,-3.9,-11.2,14.4,34.8,55.6,75.7,94.9,111.6,125.6,136.1,137.8,132.5,119.0,102.0,83.7,63.3,42.8,22.8,2.6,5.4,-0.9,-2.4,-1.1,2.3,0.7,-4.3,-6.6,-5.8,-0.3,16.8,28.6,40.5,52.7,62.4,64.5,66.2,63.7,61.1,19.2,14.7,14.7,20.4,22.9,23.0,17.6,11.5,11.0,14.6,18.8,19.5,87.9,81.9,78.7,80.4,78.2,80.1,84.1,97.7,103.8,105.2,104.8,100.1,88.3,86.1,86.5,85.3,85.2,92.6,93.9,93.4,1305.8,1311.3,1316.9,1320.7,1319.9,1317.7,1312.7,1301.9,1296.0,1296.2,1300.0,1301.3,1298.9,1294.7,1290.1,1286.0,1283.0,1270.3,1261.0,1253.3,1247.4,1243.9,1242.2,1244.1,1246.5,1249.7,1254.0,1244.5,1242.0,1239.2,1237.0,1255.2,1251.8,1250.0,1250.6,1251.3,1265.8,1260.0,1257.7,1257.4,1258.4,1261.2,1254.3,1250.9,1250.9,1253.7,1252.0,1252.1,1282.2,1266.2,1257.1,1255.3,1254.2,1259.8,1271.3,1266.3,1262.4,1263.3,1265.9,1273.0,1280.0,1261.7,1259.3,1258.5,1270.5,1259.7,1260.4,1262.8,2.365,0.332,0.11199999999999999,-0.083,629.874,491.39,-39.946,3.537,-1.681,0.265,-4.685,-8.292,-1.5430000000000001,-16.277,2.728,-4.244,-3.58,7.204,-3.8169999999999997,3.052,-0.99,1.63,1.945,-2.7439999999999998,3.9539999999999997,-3.805,-0.48100000000000004,-4.5489999999999995,-2.356,1.6569999999999998,-3.0660000000000003,2.9,1.172,0.19899999999999998,0.223,0.174,-0.049,-0.175,0.266,0.174,0.04,0.05,0.44,0.35,0.08,0.0,0.02,0.56,0.56,1.1,0.25,0.18,1.28,0.0,1.65,2.23,0.0,0.0,0.0,1.0,0.0,0.0,0.0,0.0,1.0,1.0,1.0,1.0,0.0,1.0,0.0,1.0,1.0,0.0,0.0
55,1.8019999999999998,0.98,0.077011,0.230987,-0.9699040000000001,-0.099225,0.266875,-0.958609,-0.012,0.253,535.0,539.2,550.1,561.2,566.0,562.6,550.9,539.9,520.4,525.7,534.7,546.9,559.6,569.3,576.1,568.8,558.1,546.6,535.9,526.7,546.1,550.9,555.5,557.3,555.3,550.5,545.9,544.1,677.6,680.5,691.4,704.0,711.0,708.1,697.2,683.8,667.5,674.0,683.5,695.4,707.0,716.4,723.4,718.1,709.9,699.5,687.7,676.2,689.3,695.3,700.5,701.8,698.5,692.5,687.3,686.0,401.2,390.2,385.6,390.1,401.1,412.7,416.7,412.2,403.9,398.2,395.0,393.2,395.1,399.8,406.9,412.4,415.5,416.7,415.1,410.8,405.5,407.4,405.4,400.7,396.0,394.1,396.1,400.8,396.2,384.0,377.8,381.3,392.4,404.6,410.7,408.4,403.2,394.3,388.0,385.0,386.2,390.3,396.8,401.9,404.9,406.7,407.0,406.6,401.2,402.9,400.0,394.2,388.9,387.2,390.2,396.0,-38.7,-37.1,-33.1,-29.0,-27.3,-28.5,-32.9,-37.0,-44.3,-42.2,-38.8,-34.2,-29.6,-26.1,-23.6,-26.3,-30.2,-34.4,-38.4,-41.9,-34.6,-32.9,-31.2,-30.5,-31.2,-33.0,-34.7,-35.4,13.5,14.5,18.5,23.0,25.5,24.5,20.5,15.7,9.9,12.2,15.6,19.9,24.1,27.5,30.1,28.1,25.1,21.3,17.1,13.0,17.7,19.9,21.7,22.2,21.1,18.9,17.0,16.5,15.2,11.1,9.4,11.1,15.1,19.4,20.9,19.3,16.3,14.1,12.9,12.2,12.9,14.7,17.3,19.3,20.4,20.9,20.3,18.8,16.8,17.5,16.8,15.0,13.3,12.6,13.3,15.0,13.0,8.6,6.4,7.7,11.6,16.0,18.2,17.4,15.5,12.3,10.1,9.0,9.4,10.9,13.3,15.1,16.1,16.7,16.9,16.7,14.8,15.4,14.4,12.3,10.4,9.8,10.8,12.9,1106.3,1105.3,1104.5,1104.5,1105.3,1106.7,1107.1,1107.1,1112.1,1108.7,1105.5,1103.5,1103.8,1105.3,1107.5,1106.8,1106.0,1106.3,1107.8,1110.0,1107.1,1107.1,1106.8,1106.4,1106.1,1106.1,1106.4,1106.8,1076.5,1078.1,1079.6,1080.0,1079.2,1077.5,1076.1,1075.8,1077.1,1076.8,1076.7,1077.2,1078.7,1081.0,1083.1,1080.1,1077.1,1075.1,1074.8,1075.8,1077.6,1077.8,1078.5,1079.3,1079.7,1079.5,1078.8,1078.0,-5.3,55.6,1262.5,0.27899999999999997,0.107,-0.079,462.0,467.0,475.5,485.9,503.1,530.4,561.5,597.6,637.5,677.7,715.1,748.9,775.0,791.4,799.3,803.5,803.8,479.8,502.2,530.5,560.0,588.0,643.3,675.5,705.9,737.8,763.3,619.3,620.0,620.7,621.9,589.9,606.8,624.5,642.9,659.5,517.6,535.9,559.2,578.0,558.2,535.1,665.5,683.2,706.2,725.9,709.3,686.9,561.6,584.0,609.7,627.0,646.2,673.8,700.0,677.6,651.8,631.0,611.7,584.8,572.4,610.8,628.3,647.9,689.9,648.5,628.6,610.6,394.0,441.1,488.3,533.4,576.4,614.0,646.4,673.1,678.8,667.3,636.6,597.7,555.8,508.4,460.5,413.4,365.4,372.3,357.5,354.3,357.3,365.2,361.5,350.2,345.0,346.9,360.2,400.5,429.2,458.2,488.2,508.5,514.4,518.9,512.5,506.3,405.1,394.7,394.9,408.9,414.1,414.1,402.9,388.0,386.8,395.5,405.4,407.2,564.7,552.4,546.3,550.8,545.6,549.4,557.8,591.6,607.6,610.7,609.1,596.2,565.9,562.7,564.2,561.7,560.5,581.6,584.7,582.9,-77.5,-75.6,-72.2,-67.8,-60.3,-48.2,-34.4,-18.4,-1.1,16.3,32.5,47.2,58.5,65.3,68.5,70.1,70.1,-67.9,-58.0,-45.8,-33.3,-21.6,1.3,14.7,27.4,40.7,51.5,-8.6,-8.3,-8.0,-7.5,-21.0,-13.9,-6.5,1.2,8.1,-51.7,-43.7,-33.9,-26.0,-34.3,-44.1,10.6,18.0,27.6,35.9,28.9,19.6,-33.5,-23.6,-12.7,-5.4,2.6,14.2,25.4,15.9,5.0,-3.8,-11.9,-23.4,-28.9,-12.3,-4.9,3.3,21.1,3.6,-4.8,-12.4,14.8,35.4,56.3,76.3,95.2,111.6,125.4,135.9,137.7,132.7,119.8,103.1,84.8,64.1,43.2,22.9,2.3,5.2,-1.1,-2.4,-1.1,2.1,0.6,-4.0,-6.3,-5.5,0.1,16.8,28.7,40.6,52.8,62.2,64.4,66.2,63.5,61.0,19.0,14.6,14.6,20.5,22.7,22.8,17.9,11.7,11.2,14.8,18.9,19.7,87.5,81.2,78.0,79.8,77.6,79.5,83.8,97.7,104.2,105.6,105.1,100.3,87.9,85.2,85.7,84.6,84.9,93.1,94.4,93.8,1306.0,1311.1,1316.4,1320.3,1320.3,1318.7,1313.6,1302.0,1295.6,1295.7,1299.6,1301.2,1299.1,1295.2,1290.5,1286.7,1283.9,1271.8,1262.4,1254.5,1248.2,1244.3,1242.5,1244.1,1246.3,1249.1,1252.9,1245.0,1242.3,1239.5,1237.1,1255.4,1251.6,1249.6,1250.1,1250.7,1266.8,1260.7,1258.3,1257.7,1259.0,1261.9,1254.2,1250.6,1250.4,1253.1,1251.4,1251.7,1282.5,1266.2,1256.7,1254.5,1253.4,1259.0,1270.4,1265.8,1262.0,1263.2,1266.1,1273.4,1280.4,1261.1,1258.4,1257.4,1269.9,1259.6,1260.6,1263.3,2.365,0.326,0.121,-0.08199999999999999,627.706,491.49699999999996,-39.365,-0.255,1.265,0.624,-5.8229999999999995,-8.918,-0.575,-15.972000000000001,1.524,-4.175,-2.807,7.356,-2.512,4.081,-1.175,1.123,2.707,-3.385,3.262,-3.3160000000000003,0.226,-3.73,-3.41,1.35,-3.033,2.662,0.789,0.41700000000000004,0.151,0.252,0.111,-0.223,0.23,0.21899999999999997,0.07,0.05,0.42,0.32,0.16,0.0,0.01,0.83,0.7,1.2,0.27,0.2,1.32,0.0,1.86,2.25,0.0,0.0,0.0,1.0,0.0,0.0,0.0,0.0,1.0,1.0,1.0,1.0,0.0,1.0,0.0,1.0,1.0,0.0,0.0
56,1.835,0.98,0.07786699999999999,0.208973,-0.974816,-0.112153,0.261704,-0.9586100000000001,-0.018000000000000002,0.239,533.3,537.7,548.6,559.6,564.3,560.7,549.0,537.9,518.7,523.9,532.8,545.0,557.6,567.2,574.0,566.6,555.8,544.4,533.9,524.9,544.3,549.1,553.7,555.6,553.6,548.9,544.2,542.3,675.4,678.2,689.2,701.9,708.9,706.1,695.1,681.5,665.4,672.0,681.5,693.4,704.9,714.1,721.1,715.9,708.0,697.7,685.9,674.4,686.7,693.2,698.8,700.2,696.7,690.2,684.5,683.1,401.7,390.7,386.2,390.9,402.0,413.7,417.5,412.8,405.0,399.0,395.7,393.9,395.8,400.6,407.9,413.8,417.2,418.5,416.7,412.3,406.2,408.2,406.3,401.6,396.8,394.8,396.7,401.5,397.9,385.6,379.6,383.2,394.4,406.6,412.7,410.3,404.9,396.1,389.9,386.9,388.2,392.3,398.7,403.7,406.6,408.4,408.7,408.3,403.6,405.5,402.4,396.1,390.4,388.5,391.6,397.9,-39.2,-37.6,-33.5,-29.5,-27.8,-29.2,-33.5,-37.5,-44.8,-42.8,-39.4,-34.8,-30.2,-26.7,-24.3,-27.0,-30.9,-35.1,-39.1,-42.5,-35.2,-33.5,-31.7,-31.0,-31.7,-33.5,-35.2,-35.9,12.6,13.6,17.5,22.1,24.5,23.5,19.6,14.7,9.0,11.4,14.7,19.0,23.1,26.4,29.0,27.0,24.2,20.5,16.3,12.2,16.6,18.9,20.9,21.5,20.2,17.9,15.8,15.3,15.3,11.3,9.6,11.3,15.4,19.7,21.2,19.4,16.6,14.4,13.1,12.4,13.1,14.9,17.6,19.8,21.0,21.5,20.9,19.3,17.0,17.7,17.0,15.3,13.5,12.8,13.5,15.2,13.5,9.1,7.0,8.3,12.2,16.6,18.7,17.8,15.9,12.8,10.6,9.6,10.0,11.5,13.8,15.6,16.6,17.2,17.3,17.1,15.5,16.2,15.1,12.9,10.8,10.2,11.3,13.5,1102.8,1101.9,1101.2,1101.1,1101.8,1103.0,1103.5,1103.5,1108.5,1105.1,1102.0,1100.0,1100.3,1101.7,1103.8,1103.2,1102.4,1102.8,1104.3,1106.5,1103.6,1103.6,1103.3,1102.9,1102.6,1102.6,1102.9,1103.3,1065.2,1067.0,1068.6,1069.1,1068.3,1066.5,1064.9,1064.5,1065.7,1065.5,1065.6,1066.2,1067.8,1070.2,1072.3,1069.2,1066.1,1064.0,1063.6,1064.4,1066.3,1066.6,1067.4,1068.3,1068.7,1068.5,1067.7,1066.8,-6.2,56.1,1270.4,0.26899999999999996,0.12300000000000001,-0.081,461.7,466.7,475.1,485.3,502.6,530.4,561.7,597.1,635.9,675.4,712.7,746.7,773.3,790.5,798.8,803.1,803.7,478.2,500.4,529.0,558.5,586.4,640.6,673.0,703.8,736.0,762.0,616.9,617.3,617.8,618.6,586.9,603.8,621.4,640.0,656.7,515.9,534.1,557.3,575.7,556.0,533.0,663.6,681.2,704.1,723.8,707.3,684.9,559.6,581.8,606.3,624.1,644.3,671.1,696.8,674.2,648.9,627.3,607.5,582.1,570.1,607.1,625.2,645.9,686.7,646.1,625.2,606.7,395.0,442.4,489.7,535.2,578.3,615.5,647.2,672.3,676.9,665.3,635.4,598.1,557.1,509.9,461.6,414.2,365.8,373.4,358.3,355.2,358.4,366.4,363.0,352.0,346.8,348.8,362.4,401.9,430.6,459.6,489.4,509.4,515.4,519.9,513.7,507.7,406.1,395.6,395.9,410.2,415.4,415.3,404.8,389.6,388.5,397.3,407.2,409.2,564.7,552.9,547.0,551.6,546.4,550.0,558.1,588.1,602.7,605.9,604.2,592.7,565.8,562.8,564.6,561.8,560.6,578.2,581.5,579.6,-78.2,-76.3,-72.9,-68.6,-60.9,-48.5,-34.5,-18.7,-1.8,15.4,31.7,46.5,58.0,65.3,68.7,70.4,70.5,-69.1,-59.2,-46.8,-34.2,-22.4,0.3,13.8,26.7,40.2,51.2,-9.6,-9.5,-9.2,-8.9,-22.4,-15.2,-7.8,-0.0,7.0,-52.8,-44.8,-34.9,-27.1,-35.5,-45.3,9.9,17.3,26.9,35.2,28.2,18.9,-34.6,-24.7,-14.2,-6.7,1.8,13.1,24.2,14.5,3.8,-5.4,-13.8,-24.7,-30.0,-13.9,-6.3,2.5,19.9,2.6,-6.3,-14.1,15.4,36.3,57.4,77.7,96.7,113.0,126.4,136.2,137.5,132.5,119.9,103.8,85.8,65.1,44.0,23.4,2.5,5.7,-0.7,-2.0,-0.7,2.7,1.3,-3.3,-5.5,-4.7,1.0,17.5,29.4,41.4,53.7,62.9,65.3,67.1,64.5,62.0,19.6,15.1,15.2,21.2,23.4,23.4,18.8,12.4,11.9,15.7,19.8,20.7,88.0,82.0,78.9,80.7,78.4,80.2,84.3,96.8,102.7,104.1,103.7,99.3,88.3,85.8,86.4,85.1,85.4,92.2,93.6,93.0,1316.7,1321.5,1326.6,1330.1,1329.3,1326.7,1320.6,1308.5,1302.0,1302.3,1306.1,1307.8,1306.0,1302.6,1298.4,1294.7,1292.0,1282.2,1272.2,1264.0,1257.3,1253.0,1250.6,1251.8,1253.8,1256.5,1260.6,1253.6,1250.9,1247.9,1245.6,1264.0,1260.1,1257.8,1258.1,1258.6,1276.1,1269.8,1267.2,1266.5,1267.8,1270.9,1262.1,1258.5,1258.1,1260.8,1259.1,1259.5,1290.0,1274.4,1265.5,1263.1,1261.9,1267.1,1277.6,1272.7,1268.9,1270.1,1273.2,1280.5,1287.7,1269.3,1266.4,1265.4,1276.8,1267.0,1268.0,1271.0,2.35,0.316,0.138,-0.084,625.618,491.866,-35.945,-0.439,-0.813,-2.783,-3.435,-5.705,-0.74,-17.492,0.6509999999999999,-4.471,-2.845,6.77,-2.239,5.367999999999999,-1.171,1.186,0.9209999999999999,-3.467,3.033,-3.529,-0.677,-3.293,-4.395,0.5589999999999999,-2.364,2.032,0.715,0.47,0.124,0.174,0.19399999999999998,-0.122,0.174,0.28,0.21,0.09,0.38,0.18,0.22,0.0,0.01,0.91,0.7,1.1,0.33,0.14,1.11,0.0,1.73,2.04,0.0,0.0,0.0,1.0,0.0,0.0,0.0,0.0,1.0,1.0,1.0,1.0,0.0,1.0,0.0,1.0,1.0,0.0,0.0
57,1.869,0.98,0.081375,0.210439,-0.9742139999999999,-0.129106,0.2734,-0.953197,-0.025,0.24600000000000002,532.3,536.8,547.7,558.6,563.1,559.3,547.7,536.8,516.6,522.4,531.8,544.1,556.5,566.0,572.6,565.5,554.8,543.5,532.6,523.2,543.1,547.7,552.4,554.3,552.4,547.8,543.2,541.3,673.5,676.2,687.3,700.2,707.4,704.7,693.6,679.8,663.7,670.8,680.3,692.2,703.5,712.7,719.9,714.8,707.1,696.6,684.8,673.1,684.5,691.7,697.9,699.4,695.3,688.1,681.9,680.4,402.2,391.3,386.9,391.6,402.5,414.1,417.9,413.2,405.3,399.3,395.8,394.1,396.0,400.8,408.0,414.2,417.7,419.1,417.4,412.9,406.6,408.6,406.7,402.1,397.5,395.5,397.4,402.0,399.3,387.1,381.0,384.8,396.0,408.3,414.3,411.8,406.1,396.9,390.5,387.2,388.6,393.2,400.0,404.9,407.7,409.4,409.8,409.5,405.8,407.9,404.6,397.7,391.4,389.3,392.7,399.5,-39.7,-38.0,-34.0,-30.0,-28.3,-29.8,-34.1,-38.1,-45.7,-43.4,-39.9,-35.3,-30.7,-27.3,-24.9,-27.5,-31.4,-35.6,-39.6,-43.2,-35.7,-34.0,-32.3,-31.6,-32.3,-34.0,-35.7,-36.4,11.6,12.5,16.4,20.9,23.4,22.4,18.5,13.7,8.2,10.6,13.9,18.0,22.0,25.3,27.8,26.0,23.2,19.5,15.5,11.4,15.4,17.9,20.0,20.6,19.2,16.7,14.5,14.0,15.6,11.5,9.9,11.6,15.7,20.0,21.4,19.6,16.8,14.5,13.2,12.5,13.2,15.1,17.7,20.0,21.3,21.8,21.2,19.6,17.2,17.9,17.2,15.5,13.8,13.1,13.8,15.5,13.6,9.4,7.3,8.6,12.5,16.7,18.7,17.9,15.9,12.8,10.5,9.4,9.9,11.5,13.9,15.6,16.5,17.1,17.2,17.1,15.9,16.6,15.4,13.1,10.9,10.2,11.3,13.7,1106.0,1105.2,1104.8,1105.0,1105.7,1106.8,1106.9,1106.7,1111.7,1108.3,1105.3,1103.5,1104.0,1105.7,1108.0,1107.2,1106.2,1106.4,1107.6,1109.7,1107.0,1107.1,1106.9,1106.6,1106.3,1106.2,1106.3,1106.7,1036.4,1038.3,1040.0,1040.6,1039.7,1037.8,1036.0,1035.6,1036.7,1036.7,1037.1,1038.0,1039.7,1042.2,1044.5,1040.8,1037.6,1035.4,1034.8,1035.4,1037.4,1037.7,1038.7,1039.7,1040.3,1039.9,1039.0,1037.9,-6.9,56.0,1273.9,0.258,0.126,-0.079,461.5,466.2,474.1,483.9,501.1,528.9,560.6,596.5,635.4,674.9,711.9,745.6,772.2,789.7,798.4,802.9,803.6,477.8,499.5,527.7,556.9,584.6,639.1,671.6,702.5,734.9,761.1,615.3,615.7,616.1,616.9,585.0,602.0,619.8,638.3,655.1,514.8,532.7,555.9,574.4,554.6,531.6,662.1,680.0,703.0,722.6,706.2,683.7,558.3,580.4,604.1,621.9,642.1,668.5,694.4,671.0,645.7,624.1,604.6,580.3,568.6,604.7,622.8,643.5,684.2,643.2,622.4,604.0,397.5,443.4,489.0,533.4,575.6,612.8,645.1,670.7,675.1,663.2,633.2,596.2,555.3,508.5,460.6,414.0,366.4,373.6,358.5,355.4,358.8,366.8,363.8,353.0,347.8,350.2,364.0,403.0,431.5,460.3,489.9,509.5,515.5,520.1,514.0,508.1,406.2,395.6,395.9,410.7,415.9,415.8,405.8,390.4,389.3,398.3,408.4,410.4,564.1,552.9,547.0,551.6,546.6,550.2,558.0,585.4,598.5,601.5,599.7,589.2,565.2,562.5,564.4,561.7,560.3,575.1,578.2,576.2,-78.8,-76.9,-73.7,-69.4,-61.7,-49.3,-35.1,-19.0,-2.0,15.2,31.4,46.2,57.8,65.2,68.9,70.6,70.8,-69.6,-59.8,-47.5,-35.0,-23.2,-0.4,13.2,26.2,39.9,51.1,-10.3,-10.2,-10.0,-9.6,-23.2,-16.0,-8.5,-0.7,6.4,-53.5,-45.6,-35.7,-27.8,-36.2,-46.1,9.3,16.8,26.5,34.9,27.9,18.4,-35.2,-25.4,-15.2,-7.6,0.9,12.1,23.2,13.2,2.4,-6.7,-15.0,-25.5,-30.7,-15.0,-7.3,1.5,18.9,1.3,-7.5,-15.3,16.5,36.9,57.2,77.1,95.8,112.2,125.9,135.9,137.1,131.9,119.3,103.3,85.3,64.7,43.7,23.4,2.8,5.8,-0.6,-1.9,-0.5,2.9,1.6,-2.9,-5.1,-4.1,1.7,18.0,29.9,41.8,54.1,63.2,65.5,67.3,64.8,62.3,19.7,15.1,15.2,21.5,23.7,23.7,19.3,12.8,12.3,16.2,20.4,21.2,88.0,82.2,79.1,80.9,78.7,80.5,84.6,95.8,101.0,102.4,101.9,98.0,88.3,85.9,86.5,85.3,85.5,91.0,92.4,91.8,1323.7,1327.7,1331.8,1334.5,1333.5,1330.9,1324.7,1312.2,1305.3,1305.4,1309.6,1311.7,1310.5,1307.7,1304.0,1300.7,1298.4,1287.4,1277.2,1268.6,1261.7,1257.3,1254.5,1256.0,1258.2,1261.3,1265.8,1257.7,1254.6,1251.3,1248.7,1267.8,1263.8,1261.4,1261.6,1262.1,1281.2,1274.8,1272.1,1271.2,1272.6,1275.8,1266.5,1263.1,1262.8,1265.6,1263.7,1263.9,1293.4,1277.6,1269.0,1266.6,1265.2,1270.6,1281.5,1275.3,1270.8,1271.9,1275.1,1282.8,1290.9,1272.4,1269.6,1268.5,1280.3,1269.4,1270.4,1273.4,2.343,0.304,0.141,-0.08199999999999999,624.092,491.395,-27.59,-0.48100000000000004,-1.899,-3.7910000000000004,-2.9019999999999997,-4.94,-2.0180000000000002,-17.96,-0.397,-3.8089999999999997,-2.946,7.212000000000001,-3.025,4.531000000000001,-0.5429999999999999,0.271,1.0390000000000001,-2.582,3.733,-3.975,-2.552,-2.63,-4.325,-0.562,-2.5980000000000003,1.9080000000000001,0.5670000000000001,0.8740000000000001,0.152,0.024,0.337,-0.055999999999999994,0.153,0.091,0.32,0.13,0.3,0.13,0.21,0.0,0.01,0.88,0.61,1.05,0.33,0.06,0.93,0.0,1.51,1.77,0.0,0.0,0.0,1.0,0.0,0.0,0.0,0.0,1.0,1.0,1.0,1.0,0.0,1.0,0.0,1.0,1.0,0.0,0.0
58,1.902,0.98,0.08630399999999999,0.207452,-0.9744309999999999,-0.144239,0.285629,-0.9474229999999999,-0.03,0.251,531.6,536.0,546.9,557.8,562.4,558.7,547.0,536.1,516.3,521.7,530.7,543.0,555.6,565.0,571.5,564.2,553.4,542.0,531.5,522.4,542.5,547.1,551.7,553.6,551.7,547.1,542.5,540.6,671.9,674.9,686.2,699.2,706.4,703.5,692.2,678.2,662.6,669.8,679.4,691.3,702.5,711.7,719.0,713.7,706.0,695.6,683.7,672.1,682.9,690.4,696.9,698.5,694.4,686.9,680.4,678.8,401.7,390.7,386.3,390.9,402.0,413.6,417.4,412.7,405.0,398.8,395.4,393.7,395.7,400.6,408.0,413.9,417.2,418.4,416.7,412.2,406.1,408.0,406.2,401.6,396.9,395.0,396.9,401.5,399.9,387.6,381.5,385.3,396.7,409.1,415.1,412.6,405.9,397.1,391.1,388.1,389.4,393.7,400.2,405.1,408.0,409.8,410.1,409.5,406.7,408.9,405.4,398.3,391.8,389.6,393.1,400.2,-40.0,-38.4,-34.3,-30.3,-28.6,-30.0,-34.3,-38.4,-45.9,-43.8,-40.3,-35.7,-31.1,-27.7,-25.3,-28.0,-32.0,-36.2,-40.1,-43.5,-36.0,-34.3,-32.6,-31.9,-32.6,-34.3,-36.0,-36.7,11.1,12.1,16.0,20.6,23.0,22.0,18.0,13.2,7.8,10.3,13.6,17.8,21.7,25.0,27.6,25.6,22.9,19.2,15.1,11.1,14.9,17.5,19.7,20.3,18.9,16.3,14.0,13.4,15.4,11.3,9.7,11.4,15.5,19.8,21.2,19.5,16.7,14.4,13.1,12.4,13.1,15.0,17.8,19.9,21.1,21.6,20.9,19.4,17.0,17.8,17.1,15.4,13.6,12.9,13.6,15.3,13.8,9.6,7.5,8.8,12.7,17.0,19.1,18.2,15.9,12.9,10.8,9.7,10.2,11.7,14.0,15.7,16.6,17.2,17.3,17.1,16.2,17.0,15.8,13.3,11.0,10.3,11.5,13.9,1107.4,1106.6,1106.0,1106.1,1106.7,1107.9,1108.1,1108.1,1113.2,1109.8,1106.7,1104.8,1105.1,1106.7,1108.8,1108.1,1107.3,1107.6,1109.0,1111.2,1108.3,1108.3,1108.1,1107.7,1107.5,1107.4,1107.7,1108.0,1038.4,1040.2,1041.9,1042.4,1041.4,1039.6,1037.9,1037.5,1038.7,1038.6,1039.0,1039.8,1041.4,1043.9,1046.1,1042.6,1039.4,1037.2,1036.7,1037.4,1039.3,1039.6,1040.5,1041.6,1042.1,1041.9,1040.9,1039.8,-7.3,56.0,1274.0,0.258,0.133,-0.077,461.1,465.8,473.7,483.5,500.5,528.1,559.7,595.3,634.1,673.5,710.7,744.7,771.7,789.4,798.2,802.9,803.7,477.0,498.6,526.8,555.9,583.5,638.1,670.9,702.1,734.5,760.5,614.2,614.4,614.7,615.3,583.7,600.6,618.3,636.7,653.4,514.0,531.8,554.9,573.3,553.5,530.7,661.2,679.1,702.0,721.6,705.1,682.6,557.8,579.3,602.5,620.4,640.8,666.9,692.1,669.3,644.5,622.7,603.1,579.3,568.0,603.1,621.3,642.1,682.0,641.9,621.0,602.4,397.0,443.0,488.5,533.0,575.0,612.1,644.4,669.9,674.3,662.7,633.2,596.8,556.2,509.4,461.2,414.2,366.3,372.4,357.3,354.4,357.9,366.1,363.4,352.8,347.9,350.7,364.6,402.9,431.5,460.4,490.0,509.1,515.2,519.9,513.9,508.2,405.6,395.2,395.7,410.4,415.5,415.2,406.0,390.8,389.9,398.8,408.8,410.6,564.0,552.5,546.5,551.2,546.2,550.1,558.5,585.4,598.3,601.2,599.3,588.9,565.1,561.9,563.8,561.2,560.7,574.9,578.0,575.8,-78.9,-77.1,-73.9,-69.7,-62.0,-49.6,-35.4,-19.5,-2.6,14.6,30.9,45.8,57.5,65.1,68.8,70.6,70.8,-70.0,-60.2,-47.9,-35.4,-23.7,-0.8,12.9,26.0,39.7,50.8,-10.8,-10.7,-10.6,-10.3,-23.8,-16.6,-9.1,-1.4,5.6,-53.8,-46.0,-36.1,-28.3,-36.7,-46.5,8.9,16.4,26.1,34.4,27.4,18.0,-35.4,-25.9,-15.8,-8.3,0.3,11.4,22.2,12.5,1.9,-7.3,-15.7,-26.0,-31.0,-15.7,-7.9,0.9,17.9,0.8,-8.1,-15.9,16.3,36.7,57.1,77.0,95.6,111.9,125.5,135.5,136.8,131.7,119.3,103.5,85.7,65.1,44.0,23.5,2.7,5.3,-1.1,-2.4,-0.9,2.6,1.4,-3.0,-5.1,-3.9,2.0,18.0,29.9,41.9,54.1,63.0,65.4,67.3,64.8,62.3,19.5,15.0,15.1,21.4,23.5,23.5,19.4,13.0,12.6,16.4,20.5,21.3,87.9,82.0,78.9,80.7,78.5,80.5,84.7,95.8,101.0,102.3,101.7,97.9,88.2,85.6,86.3,85.1,85.6,90.9,92.3,91.6,1324.1,1328.2,1332.4,1335.2,1334.0,1331.1,1324.3,1311.8,1305.2,1305.6,1309.7,1311.7,1310.4,1307.5,1303.7,1300.2,1297.6,1288.1,1277.8,1269.1,1262.0,1257.4,1254.3,1255.6,1257.8,1260.8,1265.3,1257.9,1254.9,1251.7,1249.2,1268.1,1264.1,1261.7,1261.8,1262.2,1281.6,1275.2,1272.4,1271.5,1272.9,1276.2,1266.4,1262.9,1262.6,1265.4,1263.6,1263.8,1293.0,1277.6,1269.2,1266.7,1265.4,1270.5,1281.0,1275.3,1271.1,1272.3,1275.5,1282.9,1290.6,1272.6,1269.7,1268.6,1279.9,1269.7,1270.8,1273.9,2.343,0.304,0.149,-0.081,623.031,491.199,-27.737,-0.909,-2.898,-4.251,-2.356,-5.1579999999999995,-1.432,-17.730999999999998,-0.425,-4.345,-2.966,5.824,-2.199,4.7589999999999995,-0.304,0.11199999999999999,0.611,-3.1860000000000004,3.325,-3.9819999999999998,-2.571,-2.208,-4.588,-0.5539999999999999,-2.636,2.01,0.598,0.8370000000000001,0.298,0.158,0.384,-0.095,0.10800000000000001,0.059000000000000004,0.34,0.11,0.23,0.25,0.15,0.0,0.01,0.85,0.47,0.94,0.31,0.02,0.75,0.0,1.33,1.56,0.0,0.0,0.0,1.0,0.0,0.0,0.0,0.0,1.0,1.0,1.0,1.0,0.0,1.0,0.0,1.0,1.0,0.0,0.0
59,1.935,0.98,0.081551,0.215948,-0.972993,-0.13442,0.274833,-0.9520489999999999,-0.027000000000000003,0.25,531.7,536.2,547.1,558.0,562.5,558.9,547.2,536.3,516.5,522.0,531.0,543.1,555.6,565.3,572.3,565.0,554.0,542.5,531.8,522.6,542.8,547.4,551.9,553.8,551.9,547.3,542.7,540.9,672.6,675.7,687.0,700.0,707.1,704.0,692.7,678.8,663.2,670.2,679.8,691.7,703.1,712.2,719.3,714.0,706.3,696.0,684.1,672.5,683.7,690.9,697.2,698.9,694.9,687.7,681.4,679.8,401.3,390.3,385.8,390.4,401.5,413.2,417.0,412.4,404.4,398.1,394.4,392.6,394.8,399.9,407.1,413.3,416.5,417.9,416.3,412.0,405.8,407.7,405.8,401.2,396.6,394.6,396.5,401.1,399.3,386.9,381.0,384.9,396.5,408.8,414.8,412.1,405.7,396.8,390.7,387.8,389.2,393.6,400.2,405.1,408.0,409.7,409.9,409.3,406.0,408.2,404.9,398.0,391.6,389.4,392.7,399.6,-39.7,-38.1,-34.1,-30.1,-28.4,-29.8,-34.1,-38.1,-45.6,-43.4,-40.0,-35.5,-30.9,-27.4,-24.9,-27.5,-31.5,-35.8,-39.8,-43.2,-35.7,-34.0,-32.3,-31.7,-32.4,-34.0,-35.7,-36.4,11.3,12.4,16.4,20.9,23.3,22.2,18.3,13.5,8.0,10.5,13.8,18.0,22.0,25.2,27.7,25.8,23.0,19.4,15.3,11.3,15.2,17.7,19.9,20.5,19.1,16.6,14.4,13.8,15.2,11.1,9.4,11.1,15.2,19.5,20.9,19.2,16.4,14.0,12.6,12.0,12.8,14.6,17.3,19.6,20.7,21.2,20.7,19.1,16.8,17.5,16.8,15.1,13.4,12.7,13.4,15.1,13.6,9.4,7.3,8.7,12.7,17.0,19.0,18.1,15.9,12.8,10.7,9.7,10.2,11.7,14.0,15.7,16.7,17.2,17.3,17.1,16.0,16.7,15.6,13.2,11.0,10.2,11.4,13.8,1101.0,1100.4,1099.8,1099.7,1100.1,1101.1,1101.3,1101.4,1107.1,1103.8,1100.6,1098.7,1098.9,1100.3,1102.2,1101.5,1100.6,1101.0,1102.5,1104.9,1101.7,1101.7,1101.5,1101.2,1101.0,1101.1,1101.3,1101.6,1041.0,1042.8,1044.5,1045.1,1044.2,1042.4,1040.7,1040.2,1041.3,1041.2,1041.6,1042.4,1044.0,1046.5,1048.6,1045.2,1042.1,1039.9,1039.4,1040.1,1042.0,1042.3,1043.3,1044.3,1044.8,1044.5,1043.5,1042.5,-7.3,55.8,1274.0,0.255,0.132,-0.073,460.9,465.6,473.4,483.2,500.2,527.9,559.8,595.5,634.2,673.4,710.4,744.2,771.2,789.1,798.3,803.2,804.2,477.5,499.1,527.3,556.3,583.9,639.3,672.0,703.0,735.0,760.8,614.8,615.0,615.2,615.8,584.3,601.0,618.5,636.6,653.0,514.3,532.1,555.3,573.6,553.9,531.0,661.5,679.5,702.5,722.0,705.6,683.0,558.5,579.6,602.4,620.2,640.6,665.9,690.1,668.1,643.9,622.3,602.7,579.4,568.6,602.9,621.0,641.8,680.0,641.5,620.7,602.2,396.2,442.2,487.6,532.2,574.3,611.6,643.9,669.1,673.2,661.5,632.3,596.5,556.3,509.7,461.7,414.8,366.9,371.4,356.3,353.3,356.8,364.8,362.1,352.2,347.6,350.8,364.7,402.2,431.1,460.2,490.0,508.9,514.9,519.6,513.9,508.4,404.8,394.3,394.8,409.8,414.9,414.6,405.7,390.5,389.7,398.7,408.8,410.6,564.2,552.3,546.2,550.9,546.0,550.4,559.3,584.9,597.2,600.1,598.0,588.1,565.1,561.5,563.6,561.0,561.3,573.8,576.8,574.6,-79.1,-77.3,-74.0,-69.8,-62.2,-49.7,-35.4,-19.4,-2.5,14.6,30.8,45.6,57.3,65.0,68.8,70.8,71.1,-69.8,-60.0,-47.7,-35.2,-23.5,-0.3,13.4,26.4,39.9,51.0,-10.6,-10.5,-10.4,-10.1,-23.6,-16.4,-9.1,-1.4,5.5,-53.7,-45.9,-35.9,-28.2,-36.5,-46.4,9.1,16.6,26.3,34.6,27.6,18.1,-35.1,-25.7,-15.9,-8.4,0.2,11.0,21.4,11.9,1.7,-7.5,-15.9,-25.9,-30.7,-15.8,-8.0,0.8,17.1,0.7,-8.2,-16.1,16.0,36.4,56.7,76.7,95.3,111.6,125.3,135.1,136.2,131.2,118.9,103.4,85.8,65.3,44.2,23.7,3.0,4.9,-1.6,-2.8,-1.4,2.0,0.9,-3.3,-5.2,-3.9,2.0,17.7,29.7,41.8,54.2,62.9,65.3,67.2,64.8,62.4,19.1,14.6,14.8,21.1,23.3,23.2,19.3,12.8,12.5,16.3,20.6,21.3,87.9,81.9,78.8,80.6,78.5,80.6,85.1,95.6,100.5,101.8,101.2,97.5,88.2,85.5,86.2,85.0,85.9,90.5,91.9,91.1,1324.5,1328.7,1333.0,1335.7,1334.1,1330.9,1323.8,1311.3,1305.0,1305.7,1310.1,1312.0,1310.9,1308.3,1304.5,1300.9,1298.1,1288.2,1278.0,1269.3,1262.2,1257.4,1254.4,1255.8,1258.1,1260.9,1265.4,1258.2,1255.2,1252.0,1249.5,1268.2,1264.3,1262.0,1262.0,1262.3,1281.5,1275.1,1272.3,1271.4,1272.9,1276.2,1266.5,1263.1,1262.8,1265.7,1263.8,1264.0,1292.1,1277.2,1269.3,1266.8,1265.5,1270.4,1280.5,1275.1,1271.3,1272.4,1275.5,1282.4,1289.6,1272.7,1269.8,1268.7,1279.3,1269.8,1270.9,1273.9,2.342,0.302,0.14800000000000002,-0.077,623.08,490.76,-26.563000000000002,-0.248,-4.9239999999999995,-4.125,-1.609,-5.015,-0.27899999999999997,-17.498,-0.6509999999999999,-4.662,-3.0069999999999997,5.121,-0.992,4.961,0.076,-0.281,0.308,-2.673,3.147,-4.1739999999999995,-2.855,-1.9,-4.853,-0.519,-2.806,1.9169999999999998,0.586,0.831,0.342,0.081,0.426,-0.013000000000000001,0.14800000000000002,-0.024,0.39,0.14,0.13,0.24,0.09,0.0,0.0,0.78,0.36,0.89,0.26,0.02,0.66,0.0,1.29,1.46,0.0,0.0,0.0,1.0,0.0,0.0,0.0,0.0,1.0,1.0,1.0,1.0,0.0,1.0,0.0,1.0,1.0,0.0,0.0
60,1.969,0.98,0.093041,0.215908,-0.9719709999999999,-0.133545,0.276373,-0.951727,-0.021,0.251,533.3,537.8,548.7,559.7,564.3,560.7,548.9,537.9,518.1,523.5,532.5,544.6,557.1,566.8,573.6,566.3,555.4,543.9,533.3,524.2,544.3,549.0,553.7,555.6,553.6,548.9,544.2,542.3,674.1,677.2,688.7,701.8,708.7,705.6,694.1,680.2,664.7,671.7,681.3,693.3,704.8,714.0,721.2,715.7,707.9,697.5,685.5,673.9,685.1,692.4,698.9,700.6,696.7,689.4,683.0,681.2,399.9,388.8,384.3,389.0,400.1,411.8,415.7,411.0,402.8,396.8,393.4,391.7,393.7,398.6,405.8,411.8,415.0,416.2,414.6,410.2,404.4,406.4,404.5,399.8,395.0,393.0,394.9,399.7,398.3,386.0,380.1,384.0,395.6,407.9,413.8,411.1,404.3,395.9,390.3,387.7,389.0,393.0,399.3,404.2,407.1,408.8,408.9,408.1,405.1,407.3,404.0,397.1,390.6,388.4,391.7,398.7,-39.3,-37.6,-33.5,-29.5,-27.8,-29.2,-33.5,-37.6,-45.1,-42.9,-39.5,-35.0,-30.4,-26.9,-24.4,-27.1,-31.1,-35.3,-39.3,-42.7,-35.2,-33.5,-31.8,-31.1,-31.8,-33.5,-35.2,-35.9,11.9,13.0,17.0,21.6,24.0,22.9,18.8,14.0,8.6,11.0,14.4,18.6,22.6,25.9,28.5,26.5,23.7,20.0,15.8,11.8,15.7,18.3,20.5,21.2,19.8,17.3,15.0,14.4,14.7,10.6,8.9,10.7,14.7,19.1,20.5,18.8,15.8,13.6,12.3,11.6,12.4,14.2,16.9,19.1,20.2,20.7,20.1,18.5,16.3,17.1,16.4,14.6,12.9,12.1,12.9,14.6,13.4,9.1,7.0,8.4,12.4,16.7,18.7,17.8,15.4,12.5,10.6,9.6,10.1,11.6,13.8,15.5,16.4,17.0,17.0,16.7,15.7,16.5,15.4,13.0,10.7,9.9,11.1,13.5,1103.4,1102.7,1102.1,1102.1,1102.7,1103.7,1104.0,1104.0,1109.4,1106.0,1102.9,1101.0,1101.3,1102.7,1104.7,1104.0,1103.2,1103.5,1105.0,1107.3,1104.2,1104.2,1104.0,1103.7,1103.4,1103.4,1103.7,1104.0,1045.0,1046.8,1048.4,1048.8,1047.9,1046.0,1044.4,1044.1,1045.3,1045.2,1045.5,1046.2,1047.7,1050.0,1052.0,1048.8,1045.7,1043.5,1043.1,1043.9,1045.8,1046.1,1047.0,1048.0,1048.6,1048.3,1047.4,1046.4,-6.9,55.3,1273.5,0.253,0.126,-0.067,461.1,465.8,473.8,483.6,500.5,528.1,559.8,595.3,633.9,673.0,710.0,743.8,770.9,789.0,798.4,803.7,805.1,478.6,500.2,528.8,558.2,586.1,641.3,673.8,704.7,736.6,762.3,616.8,617.0,617.2,617.8,586.0,602.6,619.9,638.0,654.2,515.7,533.7,556.7,574.9,555.3,532.5,663.2,681.2,704.1,723.5,707.0,684.6,560.0,581.1,603.6,621.3,641.4,666.0,689.3,667.7,644.3,622.8,603.4,580.6,570.1,604.0,622.0,642.5,679.2,642.0,621.4,603.1,393.8,440.2,486.0,530.9,573.5,610.9,643.1,667.8,672.0,660.7,632.0,596.5,556.5,509.9,461.8,414.6,366.5,370.1,354.5,351.4,354.9,363.1,360.5,350.7,346.2,349.3,363.4,400.7,429.7,458.9,488.9,507.6,513.6,518.4,512.8,507.4,403.4,393.2,393.8,408.4,413.5,413.1,404.5,389.8,389.1,397.9,407.9,409.5,563.9,551.7,545.3,550.1,545.3,550.3,559.8,584.5,596.0,598.7,596.7,587.1,564.9,560.8,562.9,560.5,561.7,572.4,575.3,573.1,-78.9,-77.1,-73.8,-69.6,-62.0,-49.6,-35.4,-19.5,-2.7,14.3,30.5,45.4,57.2,65.0,68.9,71.0,71.4,-69.3,-59.5,-47.0,-34.4,-22.6,0.5,14.1,27.1,40.6,51.6,-9.7,-9.6,-9.5,-9.3,-22.8,-15.8,-8.4,-0.9,6.0,-53.1,-45.2,-35.3,-27.6,-35.9,-45.7,9.8,17.4,27.0,35.2,28.2,18.8,-34.4,-25.1,-15.4,-7.9,0.6,11.0,21.0,11.8,1.8,-7.3,-15.5,-25.4,-30.0,-15.3,-7.6,1.1,16.7,0.9,-7.9,-15.7,14.9,35.5,56.0,76.1,94.9,111.2,124.8,134.4,135.7,130.9,118.8,103.4,85.9,65.4,44.3,23.7,2.8,4.3,-2.4,-3.7,-2.1,1.3,0.2,-3.9,-5.8,-4.5,1.4,17.1,29.1,41.3,53.7,62.4,64.7,66.6,64.3,62.0,18.5,14.1,14.3,20.5,22.7,22.6,18.8,12.5,12.2,16.0,20.2,20.9,87.7,81.5,78.4,80.3,78.2,80.6,85.2,95.4,100.0,101.2,100.6,97.0,88.0,85.2,85.9,84.8,86.0,89.9,91.2,90.4,1323.4,1327.8,1332.5,1335.2,1333.5,1330.0,1322.6,1310.3,1304.5,1305.5,1310.2,1312.3,1311.3,1308.7,1304.9,1301.1,1298.2,1287.6,1277.4,1268.7,1261.6,1256.7,1254.0,1255.4,1257.8,1260.8,1265.4,1257.8,1254.8,1251.7,1249.3,1267.7,1263.9,1261.6,1261.7,1262.0,1280.7,1274.3,1271.6,1270.7,1272.2,1275.4,1266.2,1262.9,1262.7,1265.6,1263.8,1263.9,1290.7,1276.3,1268.8,1266.4,1265.2,1270.0,1279.8,1274.6,1271.0,1272.0,1275.0,1281.4,1288.1,1272.2,1269.5,1268.5,1278.5,1269.4,1270.4,1273.3,2.343,0.299,0.141,-0.07,624.0269999999999,489.76199999999994,-26.373,0.125,-6.89,-3.1489999999999996,-1.358,-4.691,0.728,-17.373,-0.7509999999999999,-5.431,-3.2289999999999996,4.579,-0.382,5.355,0.051,-0.39,0.001,-2.7710000000000004,2.333,-4.128,-2.591,-2.1519999999999997,-4.295,-0.604,-2.98,1.598,0.614,0.899,0.45399999999999996,0.136,0.483,-0.091,0.184,0.025,0.5,0.25,0.02,0.31,0.01,0.0,0.0,0.6,0.27,0.63,0.23,0.0,0.47,0.0,1.21,1.48,0.0,0.0,0.0,1.0,0.0,0.0,0.0,0.0,1.0,0.0,1.0,1.0,0.0,1.0,0.0,1.0,1.0,0.0,0.0
61,2.002,0.98,0.089215,0.22679499999999997,-0.9698479999999999,-0.11814000000000001,0.27763899999999997,-0.9533940000000001,-0.015,0.257,534.6,539.1,549.9,560.9,565.5,562.0,550.2,539.2,519.6,524.9,533.9,546.0,558.6,568.4,575.4,567.9,556.9,545.4,534.7,525.7,545.6,550.3,555.1,557.0,555.0,550.2,545.5,543.6,676.3,679.6,691.1,704.0,710.8,707.5,696.0,682.2,666.7,673.7,683.3,695.1,706.4,715.7,723.3,717.6,709.6,699.1,687.3,675.8,687.3,694.5,700.9,702.7,698.9,691.7,685.3,683.5,398.3,387.2,382.7,387.3,398.5,410.3,414.1,409.5,401.7,395.2,391.4,389.5,391.7,396.8,404.2,410.2,413.4,414.7,413.2,409.0,403.0,405.0,403.0,398.2,393.4,391.4,393.3,398.1,396.0,384.1,378.5,382.5,393.8,405.7,411.3,408.5,402.0,393.8,388.3,385.6,386.9,391.0,397.1,402.3,405.1,406.8,406.9,406.1,402.8,405.1,401.9,395.3,389.0,386.8,390.0,396.6,-38.5,-36.9,-32.9,-28.9,-27.2,-28.5,-32.8,-36.9,-44.3,-42.2,-38.8,-34.3,-29.7,-26.2,-23.7,-26.4,-30.4,-34.6,-38.5,-41.9,-34.5,-32.8,-31.1,-30.4,-31.1,-32.8,-34.5,-35.3,12.7,13.9,18.0,22.6,24.9,23.7,19.7,14.8,9.4,11.8,15.2,19.4,23.4,26.7,29.4,27.3,24.4,20.7,16.6,12.6,16.6,19.2,21.4,22.1,20.8,18.2,16.0,15.3,14.0,9.9,8.3,10.0,14.1,18.4,19.8,18.1,15.3,12.9,11.5,10.8,11.6,13.4,16.2,18.4,19.5,20.0,19.5,18.0,15.7,16.4,15.7,14.0,12.2,11.5,12.2,14.0,12.6,8.5,6.5,7.9,11.9,16.1,18.0,17.0,14.8,11.9,9.9,9.0,9.5,10.9,13.1,14.9,15.8,16.4,16.4,16.2,15.1,15.8,14.7,12.4,10.2,9.5,10.5,12.9,1096.8,1096.1,1095.5,1095.3,1095.7,1096.7,1097.0,1097.2,1102.9,1099.4,1096.3,1094.2,1094.4,1095.8,1097.7,1097.0,1096.2,1096.6,1098.1,1100.5,1097.4,1097.4,1097.1,1096.8,1096.6,1096.7,1097.0,1097.3,1053.4,1055.4,1057.0,1057.3,1056.0,1053.9,1052.3,1052.2,1053.7,1053.6,1053.9,1054.5,1055.9,1058.0,1059.9,1056.5,1053.4,1051.3,1051.1,1052.1,1054.0,1054.1,1055.0,1056.2,1056.9,1056.8,1055.9,1054.7,-6.2,54.8,1271.0,0.252,0.11599999999999999,-0.062,461.2,465.9,474.2,484.4,501.5,529.3,560.8,596.3,634.4,672.9,709.5,743.4,770.9,789.2,798.8,804.3,805.7,480.0,502.0,530.9,560.6,588.6,643.7,676.0,706.5,738.1,763.5,619.0,619.5,619.9,620.8,589.3,605.5,622.4,639.9,655.7,517.0,535.1,558.4,576.6,557.0,533.9,665.1,683.0,706.1,725.3,709.0,686.4,563.4,584.4,606.8,623.5,642.2,666.2,688.8,667.9,645.2,625.1,606.5,583.8,573.8,607.2,624.3,643.5,678.7,642.7,623.5,606.0,391.4,437.7,483.7,528.9,572.1,610.0,642.6,667.9,672.5,661.6,632.8,596.8,556.7,510.0,461.7,414.3,366.3,367.6,351.8,348.5,352.0,360.0,357.5,347.7,343.3,346.4,360.6,398.1,427.4,456.9,487.2,506.7,512.6,517.2,511.8,506.6,401.5,391.3,391.9,406.4,411.9,411.6,402.2,387.7,387.2,396.1,406.2,407.7,564.5,551.6,544.6,549.5,544.8,550.6,560.8,585.9,597.0,599.4,597.5,587.9,565.4,561.4,563.3,561.2,562.7,571.5,574.1,572.0,-78.6,-76.8,-73.4,-69.1,-61.4,-49.0,-34.8,-19.1,-2.4,14.3,30.3,45.2,57.1,65.0,69.0,71.1,71.5,-68.4,-58.6,-46.0,-33.3,-21.5,1.5,15.0,27.8,41.2,52.0,-8.8,-8.6,-8.4,-8.0,-21.4,-14.5,-7.4,-0.0,6.6,-52.4,-44.5,-34.5,-26.8,-35.1,-45.0,10.6,18.1,27.8,35.9,29.0,19.5,-32.8,-23.6,-14.0,-7.0,0.9,11.1,20.7,11.8,2.2,-6.3,-14.2,-23.9,-28.3,-13.9,-6.6,1.5,16.4,1.1,-7.0,-14.4,13.8,34.3,54.8,75.0,94.0,110.5,124.3,134.2,135.7,131.1,119.0,103.4,85.8,65.3,44.2,23.5,2.7,3.2,-3.5,-4.8,-3.4,0.0,-1.0,-5.1,-7.0,-5.7,0.2,16.0,28.2,40.4,52.9,61.9,64.2,66.0,63.7,61.6,17.7,13.3,13.5,19.6,21.9,21.9,17.8,11.6,11.4,15.2,19.5,20.1,87.7,81.3,77.9,79.8,77.8,80.5,85.4,95.8,100.3,101.4,100.7,97.1,87.9,85.2,85.9,84.9,86.1,89.3,90.5,89.8,1318.4,1323.4,1328.7,1331.8,1329.9,1326.3,1319.5,1308.2,1303.1,1304.2,1308.5,1310.5,1309.3,1306.6,1302.8,1298.5,1294.9,1283.5,1273.8,1265.6,1259.0,1254.6,1252.3,1253.6,1255.9,1258.6,1262.8,1255.6,1252.7,1249.7,1247.3,1265.0,1261.6,1259.6,1259.7,1259.9,1277.4,1271.2,1268.5,1267.5,1269.1,1272.3,1264.0,1260.7,1260.6,1263.5,1261.7,1261.8,1286.7,1272.9,1265.6,1263.5,1262.4,1267.0,1276.5,1272.0,1269.0,1269.9,1272.5,1278.2,1284.1,1269.6,1267.2,1266.2,1275.2,1266.9,1267.7,1270.2,2.3480000000000003,0.298,0.13,-0.065,625.602,488.74,-29.291,0.22699999999999998,-10.633,-0.002,-2.64,-6.235,2.206,-16.396,-0.655,-7.364,-3.609,4.992,0.19,5.1370000000000005,0.261,-1.2930000000000001,-0.758,-2.866,2.987,-4.0089999999999995,-2.614,-2.995,-3.185,0.9229999999999999,-3.469,1.959,0.379,0.62,0.414,-0.063,0.243,-0.064,0.28,0.046,0.57,0.32,0.01,0.24,0.0,0.0,0.0,0.37,0.14,0.42,0.15,0.0,0.34,0.0,1.01,1.64,0.0,0.0,0.0,1.0,0.0,0.0,0.0,0.0,0.0,0.0,1.0,1.0,0.0,0.0,0.0,1.0,1.0,0.0,0.0
62,2.035,0.98,0.094042,0.23158099999999998,-0.968259,-0.1097,0.28078600000000004,-0.9534799999999999,-0.008,0.261,536.2,540.6,551.6,562.7,567.4,563.9,552.1,541.0,521.5,526.7,535.4,547.4,560.0,569.9,577.2,569.8,558.7,547.2,536.6,527.6,547.3,552.2,557.0,558.9,556.8,552.0,547.2,545.2,678.0,681.7,693.4,706.3,712.8,709.1,697.4,683.6,668.7,675.6,685.3,697.2,708.5,717.7,725.0,719.4,711.3,700.9,689.0,677.5,689.3,696.1,702.3,704.2,700.7,693.9,687.7,685.8,394.8,383.7,379.2,383.9,395.1,406.9,410.7,406.0,397.4,391.5,388.2,386.5,388.6,393.5,400.7,406.9,410.2,411.6,409.8,405.1,399.5,401.5,399.6,394.7,389.8,387.7,389.7,394.6,392.5,380.6,375.2,379.5,391.0,402.9,408.3,405.2,398.5,390.3,385.0,382.7,384.1,388.3,394.7,399.9,402.7,404.1,404.0,402.8,399.3,401.5,398.7,392.3,386.3,384.0,386.9,393.2,-37.7,-36.0,-32.0,-28.0,-26.3,-27.6,-31.9,-36.0,-43.2,-41.2,-37.9,-33.5,-29.0,-25.4,-22.8,-25.5,-29.5,-33.7,-37.6,-40.9,-33.7,-31.9,-30.1,-29.4,-30.2,-31.9,-33.7,-34.4,13.4,14.7,18.9,23.5,25.8,24.4,20.3,15.4,10.1,12.6,16.0,20.2,24.2,27.6,30.2,28.1,25.2,21.5,17.3,13.2,17.4,19.8,22.0,22.7,21.5,19.1,16.9,16.2,12.6,8.6,7.0,8.7,12.7,17.0,18.4,16.7,13.6,11.5,10.2,9.6,10.4,12.1,14.8,17.0,18.2,18.7,18.1,16.4,14.3,15.1,14.4,12.6,10.8,10.1,10.8,12.6,11.5,7.3,5.4,6.9,11.0,15.2,17.0,15.9,13.6,10.7,8.8,8.0,8.5,10.0,12.3,14.1,15.1,15.6,15.5,15.1,13.9,14.7,13.7,11.4,9.3,8.5,9.5,11.7,1088.8,1087.8,1087.0,1086.9,1087.5,1088.7,1089.2,1089.4,1095.0,1091.5,1088.2,1086.1,1086.1,1087.4,1089.4,1088.8,1088.2,1088.7,1090.3,1092.7,1089.4,1089.4,1089.0,1088.6,1088.4,1088.4,1088.8,1089.2,1059.1,1061.1,1062.7,1062.9,1061.6,1059.6,1058.1,1058.0,1059.5,1059.4,1059.7,1060.2,1061.4,1063.5,1065.3,1062.2,1059.2,1057.1,1056.9,1058.0,1059.8,1059.9,1060.7,1061.8,1062.5,1062.4,1061.6,1060.5,-5.4,53.8,1260.5,0.248,0.102,-0.055999999999999994,461.1,465.4,474.2,485.3,503.3,531.6,562.6,597.9,635.6,673.6,709.5,743.4,770.8,789.2,799.2,804.9,806.3,481.8,503.2,532.4,562.8,591.4,645.7,678.1,709.1,740.9,765.4,621.1,621.8,622.4,623.4,592.7,608.6,624.9,642.0,657.5,518.6,536.7,560.1,578.4,559.0,535.7,666.9,685.0,708.1,727.1,710.8,688.1,567.8,588.4,610.5,626.1,643.1,666.8,688.8,668.5,646.5,628.0,610.5,588.1,578.6,611.1,627.1,644.6,678.5,643.5,626.0,609.7,388.1,434.0,480.1,525.4,569.4,608.3,642.0,668.4,673.8,663.2,633.8,596.7,556.2,509.7,461.2,413.9,366.1,364.6,347.9,343.7,347.1,355.5,353.4,343.1,338.6,342.6,358.0,394.2,423.8,453.5,484.1,505.5,511.0,515.2,510.1,505.0,398.2,388.1,388.6,402.7,408.6,408.5,398.5,384.5,384.4,393.3,403.6,404.6,566.0,553.0,545.3,550.3,545.8,552.4,562.9,588.4,598.9,600.9,599.0,589.5,567.0,563.6,565.4,563.7,564.7,571.1,573.3,571.3,-77.9,-76.3,-72.8,-68.1,-60.0,-47.5,-33.7,-18.2,-1.9,14.5,30.1,44.9,56.7,64.5,68.6,70.8,71.2,-67.1,-57.6,-45.0,-32.1,-20.1,2.4,15.8,28.7,42.0,52.4,-7.8,-7.6,-7.3,-6.9,-19.8,-13.1,-6.3,0.8,7.3,-51.2,-43.4,-33.5,-25.8,-34.0,-43.9,11.2,18.7,28.4,36.4,29.6,20.1,-30.7,-21.7,-12.3,-5.8,1.3,11.2,20.6,12.0,2.7,-5.0,-12.4,-21.9,-26.0,-12.1,-5.4,1.9,16.2,1.5,-5.9,-12.7,12.2,32.4,52.8,72.8,92.0,108.8,122.9,133.4,135.3,130.9,118.6,102.7,85.1,64.7,43.7,23.2,2.6,2.0,-5.1,-6.8,-5.4,-1.9,-2.7,-7.0,-8.9,-7.2,-0.8,14.2,26.4,38.6,51.2,60.8,62.9,64.6,62.5,60.4,16.1,11.8,12.0,17.9,20.4,20.4,16.1,10.2,10.2,13.9,18.2,18.6,87.5,81.1,77.5,79.4,77.5,80.5,85.6,96.0,100.2,101.2,100.5,96.9,87.7,85.5,86.1,85.3,86.3,88.4,89.3,88.6,1306.0,1311.7,1317.6,1320.8,1318.2,1314.0,1307.6,1297.7,1293.8,1295.3,1299.5,1301.5,1300.2,1297.3,1293.5,1288.7,1284.4,1271.7,1262.4,1254.4,1248.2,1244.4,1242.3,1243.8,1246.5,1249.4,1253.7,1245.3,1242.1,1238.8,1236.1,1253.9,1250.7,1249.1,1249.4,1250.0,1266.3,1260.4,1257.7,1256.8,1258.5,1261.6,1254.1,1251.0,1250.9,1254.0,1252.2,1252.3,1274.5,1261.0,1254.0,1252.4,1251.3,1255.8,1265.5,1261.4,1258.9,1259.5,1261.8,1266.6,1271.7,1258.9,1256.8,1256.1,1264.1,1256.0,1256.5,1258.6,2.3680000000000003,0.295,0.115,-0.059000000000000004,627.44,487.405,-29.719,1.61,-14.753,6.152,-3.575,-7.571000000000001,3.923,-14.536,0.575,-8.625,-4.726,4.157,0.311,3.2710000000000004,-0.312,-2.097,-1.614,-3.0980000000000003,4.539,-4.758,-2.557,-4.497,-1.305,2.2119999999999997,-3.699,2.102,0.135,0.488,0.29,-0.066,-0.20199999999999999,-0.303,0.325,0.085,0.53,0.37,0.0,0.48,0.0,0.0,0.0,0.17,0.06,0.18,0.08,0.04,0.19,0.0,0.83,1.88,0.0,0.0,0.0,1.0,0.0,0.0,0.0,0.0,0.0,0.0,1.0,1.0,0.0,0.0,0.0,1.0,1.0,0.0,0.0
63,2.069,0.98,0.080525,0.274428,-0.9582299999999999,-0.091534,0.312551,-0.9454809999999999,-0.006,0.299,537.6,542.0,552.9,563.9,568.6,565.0,553.2,542.2,522.3,528.2,537.8,550.0,562.5,572.0,578.7,571.5,560.9,549.5,538.3,528.9,548.4,553.3,558.1,560.1,558.0,553.1,548.3,546.3,680.5,684.2,695.6,708.0,714.2,710.4,699.0,685.7,670.8,677.6,686.9,698.7,710.1,719.5,727.0,721.2,712.8,702.3,690.5,679.3,691.4,697.9,703.9,705.9,702.6,696.1,690.1,688.2,391.6,380.7,376.1,380.7,391.7,403.3,407.2,402.6,393.3,387.5,384.1,382.5,384.8,390.0,397.5,402.2,404.5,405.4,403.9,399.9,396.2,398.2,396.2,391.3,386.4,384.4,386.4,391.3,389.2,377.5,372.2,376.3,387.5,399.2,404.5,401.5,394.5,386.6,381.2,378.5,379.9,384.0,390.5,395.6,398.4,399.9,399.8,398.8,395.6,397.7,394.9,388.8,382.9,380.7,383.6,389.7,-38.0,-36.3,-32.3,-28.2,-26.5,-27.9,-32.2,-36.3,-43.9,-41.6,-37.9,-33.3,-28.7,-25.2,-22.8,-25.5,-29.3,-33.6,-37.8,-41.4,-34.0,-32.2,-30.4,-29.7,-30.4,-32.2,-34.0,-34.8,14.7,16.0,20.2,24.7,26.9,25.5,21.3,16.6,11.2,13.6,17.0,21.3,25.4,28.9,31.7,29.5,26.4,22.5,18.3,14.2,18.6,21.0,23.2,23.9,22.7,20.4,18.2,17.5,11.7,7.7,6.0,7.7,11.8,16.1,17.5,15.8,12.4,10.2,8.9,8.3,9.2,11.1,14.0,15.7,16.5,16.9,16.3,14.8,13.4,14.2,13.4,11.6,9.8,9.1,9.8,11.6,10.6,6.4,4.4,5.9,10.0,14.2,16.1,15.0,12.5,9.6,7.7,6.7,7.2,8.7,11.1,12.9,13.9,14.4,14.4,14.0,12.9,13.7,12.7,10.4,8.3,7.5,8.6,10.8,1113.4,1112.5,1111.9,1112.1,1112.8,1114.1,1114.3,1114.2,1119.1,1115.8,1112.7,1111.0,1111.5,1113.1,1115.3,1114.4,1113.3,1113.4,1114.6,1116.8,1114.4,1114.4,1114.2,1113.8,1113.4,1113.4,1113.6,1114.1,1086.4,1088.2,1089.4,1089.5,1088.2,1086.5,1085.2,1085.3,1087.2,1086.9,1086.8,1087.2,1088.3,1090.4,1092.3,1089.0,1086.1,1084.3,1084.2,1085.5,1087.0,1087.0,1087.7,1088.6,1089.3,1089.2,1088.6,1087.6,-4.7,52.1,1246.7,0.248,0.084,-0.049,460.5,464.5,473.2,484.6,502.5,530.5,561.7,597.8,636.5,674.7,710.2,743.5,770.6,788.7,799.1,805.2,807.1,483.5,504.7,534.0,564.7,593.5,648.3,680.5,711.3,742.7,766.6,623.2,624.1,624.9,625.9,595.5,611.1,627.1,643.9,659.1,520.5,538.4,561.8,580.2,561.0,537.7,668.6,686.9,709.9,728.6,712.5,689.8,571.4,592.0,613.9,628.5,644.1,667.0,688.2,668.5,647.3,630.2,613.7,591.7,582.2,614.3,629.2,645.3,678.1,644.4,628.3,613.1,384.0,429.8,475.8,521.3,565.9,606.0,640.8,668.2,674.2,663.8,634.4,596.9,555.8,509.0,460.1,412.3,364.0,359.9,342.5,337.9,341.3,349.9,347.7,337.4,333.1,337.6,353.3,389.3,419.2,449.2,480.3,502.4,507.8,512.0,507.0,501.9,394.0,383.8,384.2,397.9,404.1,404.2,394.0,380.3,380.4,389.2,399.5,400.4,565.7,552.9,544.9,549.7,545.4,552.3,562.8,588.5,598.2,600.1,598.2,589.1,566.8,562.6,564.3,562.7,564.7,571.1,573.1,571.2,-77.2,-75.9,-72.4,-67.6,-59.7,-47.4,-33.8,-18.0,-1.5,14.8,30.1,44.5,56.1,63.7,68.0,70.3,70.9,-65.6,-56.3,-43.8,-31.0,-19.1,3.4,16.6,29.3,42.3,52.4,-6.9,-6.5,-6.2,-5.7,-18.4,-11.9,-5.3,1.6,7.9,-49.9,-42.2,-32.4,-24.8,-32.8,-42.5,11.8,19.3,28.8,36.7,29.9,20.6,-28.8,-19.9,-10.8,-4.8,1.7,11.2,20.1,11.9,3.0,-4.1,-10.9,-20.2,-24.2,-10.7,-4.5,2.2,15.9,1.8,-4.8,-11.2,10.3,30.2,50.3,70.2,89.4,106.5,121.0,131.9,134.1,129.9,117.7,101.8,84.1,63.8,42.8,22.3,1.7,-0.0,-7.3,-9.1,-7.7,-4.2,-5.0,-9.3,-11.0,-9.2,-2.8,12.0,24.2,36.4,49.0,58.8,60.9,62.6,60.5,58.4,14.2,9.9,10.0,15.7,18.3,18.4,14.1,8.4,8.4,12.1,16.3,16.7,86.4,80.2,76.5,78.4,76.5,79.7,84.7,95.1,98.9,99.7,99.1,95.6,86.6,84.1,84.7,84.0,85.3,87.5,88.3,87.6,1291.4,1297.1,1302.8,1305.9,1303.1,1299.1,1293.1,1283.8,1280.4,1282.3,1287.1,1289.4,1288.5,1285.7,1282.0,1277.0,1272.6,1256.7,1247.8,1239.8,1233.7,1229.9,1228.2,1230.2,1233.4,1236.8,1241.5,1231.2,1227.7,1224.2,1221.1,1239.2,1236.4,1234.7,1235.2,1236.0,1251.9,1246.3,1243.7,1242.9,1244.5,1247.4,1240.7,1238.0,1238.2,1241.5,1239.5,1239.3,1259.8,1246.7,1240.2,1239.0,1238.1,1242.6,1252.5,1248.0,1245.8,1246.1,1248.0,1252.2,1257.0,1245.0,1243.3,1242.7,1250.9,1243.0,1243.2,1244.9,2.394,0.293,0.096,-0.051,628.864,484.827,-29.463,2.204,-16.132,11.267999999999999,-3.298,-7.263,6.643,-13.062000000000001,1.811,-7.952000000000001,-5.832999999999999,3.377,-0.5870000000000001,0.483,-0.263,-2.885,-1.317,-2.603,3.197,-4.372,-2.2319999999999998,-4.12,-0.7490000000000001,1.925,-4.246,1.745,0.33399999999999996,0.563,0.27399999999999997,0.034,-0.165,-0.428,0.433,-0.01,0.37,0.35,0.0,0.58,0.0,0.0,0.0,0.04,0.0,0.16,0.01,0.04,0.13,0.0,0.65,2.13,0.0,0.0,0.0,1.0,1.0,0.0,0.0,0.0,0.0,0.0,0.0,1.0,0.0,0.0,0.0,1.0,1.0,0.0,0.0
64,2.102,0.98,0.073504,0.31299299999999997,-0.9469069999999999,-0.08258,0.306803,-0.948184,-0.005,0.316,538.1,542.7,553.7,564.6,569.1,565.2,553.5,542.6,522.5,529.3,539.4,551.5,563.5,572.6,578.9,572.0,562.0,550.6,539.3,529.4,548.7,553.5,558.4,560.4,558.4,553.6,548.7,546.7,681.6,685.2,696.4,708.7,714.8,711.3,700.1,687.0,671.6,678.3,687.7,699.4,711.0,720.6,728.2,722.3,713.6,703.0,691.2,679.9,693.0,698.9,704.3,706.0,703.0,697.1,691.7,690.0,388.9,377.8,373.3,377.9,389.0,400.7,404.6,400.0,390.0,384.3,380.9,379.4,381.9,387.1,394.5,398.1,399.4,399.9,398.6,395.4,393.6,395.7,393.7,388.7,383.8,381.8,383.8,388.7,385.9,374.4,368.9,372.7,383.6,395.1,400.6,397.9,391.2,383.5,378.1,375.4,376.7,380.6,386.9,392.0,394.7,396.2,396.2,395.4,391.5,393.3,390.7,385.1,379.9,378.0,380.7,386.2,-38.9,-37.1,-32.9,-28.7,-27.1,-28.5,-33.0,-37.2,-45.0,-42.3,-38.3,-33.7,-29.1,-25.7,-23.3,-26.0,-29.7,-34.1,-38.4,-42.2,-34.9,-33.0,-31.2,-30.4,-31.1,-33.0,-34.8,-35.6,15.2,16.6,20.7,25.2,27.4,26.1,22.0,17.2,11.6,14.0,17.5,21.8,26.0,29.6,32.4,30.2,26.9,23.0,18.7,14.6,19.4,21.6,23.6,24.2,23.1,21.0,19.0,18.3,11.0,6.8,5.1,6.8,11.0,15.5,17.0,15.3,11.5,9.3,8.0,7.4,8.3,10.3,13.2,14.5,15.0,15.2,14.7,13.5,12.8,13.6,12.8,11.0,9.1,8.3,9.1,11.0,9.5,5.3,3.3,4.7,8.6,12.9,14.8,13.9,11.4,8.6,6.6,5.6,6.1,7.6,9.9,11.7,12.7,13.2,13.2,12.9,11.5,12.2,11.2,9.2,7.3,6.6,7.6,9.6,1143.8,1143.3,1143.1,1143.4,1144.0,1144.8,1144.7,1144.4,1148.7,1145.9,1143.2,1142.0,1142.8,1144.5,1146.6,1145.2,1143.7,1143.3,1144.2,1146.3,1144.9,1145.1,1145.0,1144.8,1144.5,1144.4,1144.4,1144.7,1097.7,1099.5,1100.7,1100.6,1099.2,1097.4,1096.3,1096.5,1098.6,1098.1,1097.9,1098.1,1099.2,1101.1,1103.0,1099.8,1096.9,1095.1,1095.2,1096.7,1098.3,1098.2,1098.8,1099.6,1100.3,1100.3,1099.8,1098.9,-4.4,50.6,1235.4,0.24,0.075,-0.044000000000000004,460.0,463.3,471.9,484.0,502.8,531.5,562.8,598.4,636.7,674.5,709.4,742.5,769.6,788.2,799.0,805.3,807.4,484.7,505.5,534.6,565.3,594.1,650.5,682.3,712.8,743.5,766.5,624.4,625.2,626.0,626.9,597.0,612.3,628.0,644.5,659.6,521.3,539.3,562.4,580.9,561.8,538.7,669.5,687.9,710.7,729.3,713.2,690.6,572.9,593.5,615.3,629.5,644.7,667.3,688.0,668.6,647.7,631.2,615.1,593.1,583.7,615.7,630.2,645.8,678.1,644.9,629.4,614.6,379.7,426.2,473.0,519.3,564.9,605.7,640.8,668.0,674.1,663.9,634.5,596.9,555.7,508.9,459.7,411.4,362.8,355.7,337.8,332.5,335.7,344.2,342.0,331.9,327.9,333.1,349.1,384.6,414.6,444.6,475.8,499.4,504.5,508.6,503.8,498.9,390.4,380.4,380.7,393.7,400.0,400.3,390.2,377.1,377.3,386.0,396.1,396.7,564.5,552.1,544.0,548.8,544.6,551.7,561.7,587.8,597.4,599.2,597.4,588.0,565.7,561.6,563.2,561.6,563.8,570.2,572.2,570.3,-76.8,-75.7,-72.4,-67.3,-59.0,-46.5,-32.9,-17.6,-1.4,14.6,29.6,43.7,55.2,63.0,67.4,69.8,70.5,-64.5,-55.4,-43.2,-30.4,-18.6,4.3,17.2,29.7,42.3,51.9,-6.3,-6.0,-5.7,-5.3,-17.6,-11.3,-4.9,1.9,8.0,-49.1,-41.5,-31.9,-24.3,-32.2,-41.7,12.1,19.6,29.0,36.6,30.0,20.7,-27.9,-19.1,-10.1,-4.3,1.9,11.2,19.9,11.8,3.2,-3.6,-10.3,-19.4,-23.4,-10.0,-4.0,2.4,15.7,2.0,-4.4,-10.5,8.4,28.4,48.6,68.7,88.2,105.4,119.8,130.5,132.9,128.8,116.8,101.0,83.4,63.3,42.3,21.7,1.2,-1.8,-9.2,-11.3,-9.9,-6.4,-7.3,-11.4,-13.1,-11.0,-4.5,10.0,22.1,34.2,46.7,57.0,59.0,60.6,58.7,56.7,12.6,8.4,8.5,13.9,16.4,16.6,12.4,7.0,7.1,10.7,14.8,15.0,85.0,79.1,75.4,77.3,75.5,78.7,83.5,93.9,97.7,98.5,97.8,94.3,85.3,82.9,83.4,82.8,84.2,86.3,87.2,86.5,1280.1,1285.8,1291.7,1294.7,1291.1,1286.6,1280.3,1271.8,1269.3,1271.5,1276.7,1279.2,1278.2,1275.7,1272.2,1267.3,1263.2,1245.4,1236.7,1228.9,1222.8,1219.0,1217.4,1219.7,1223.4,1226.9,1231.6,1220.1,1216.1,1212.0,1208.4,1227.1,1224.3,1222.7,1223.3,1224.4,1240.5,1235.0,1232.6,1231.8,1233.4,1236.1,1230.0,1227.5,1227.8,1231.2,1229.0,1228.7,1247.7,1234.9,1228.6,1227.6,1226.9,1231.5,1241.5,1237.0,1235.0,1235.1,1236.7,1240.4,1244.8,1233.4,1231.9,1231.6,1239.9,1232.1,1232.1,1233.5,2.415,0.284,0.085,-0.046,629.5,482.426,-29.093000000000004,3.7039999999999997,-16.042,15.177,-2.4,-6.816,8.873,-11.877,2.185,-7.915,-6.779,2.9219999999999997,0.129,-1.913,-1.351,-3.455,-2.383,-2.345,2.252,-5.206,-1.733,-4.436,-0.207,2.205,-3.938,1.275,0.46,0.652,0.149,0.107,-0.009000000000000001,-0.568,0.594,-0.053,0.33,0.4,0.0,0.78,0.0,0.0,0.0,0.0,0.0,0.07,0.0,0.04,0.15,0.0,0.64,2.31,0.0,1.0,0.0,1.0,1.0,0.0,0.0,0.0,0.0,0.0,0.0,1.0,0.0,0.0,0.0,1.0,1.0,0.0,0.0
65,2.135,0.98,0.069898,0.32553699999999997,-0.9429420000000001,-0.085659,0.32900100000000004,-0.9404370000000001,-0.008,0.33399999999999996,538.3,542.8,553.8,564.7,569.2,565.4,553.7,542.8,522.8,529.5,539.7,551.7,563.5,572.7,579.2,572.5,562.5,551.2,539.7,529.8,548.8,553.7,558.6,560.6,558.6,553.7,548.8,546.8,682.6,686.3,697.3,709.3,715.2,711.5,700.4,687.7,672.7,679.2,688.4,700.1,711.7,721.4,729.1,723.0,714.2,703.4,691.7,680.6,693.6,699.5,704.9,706.8,703.9,698.0,692.5,690.7,388.0,376.9,372.3,376.9,388.0,399.8,403.7,399.1,389.0,383.2,379.6,378.1,380.6,385.9,393.4,396.7,397.9,398.4,397.3,394.1,392.7,394.8,392.8,387.8,382.9,380.8,382.9,387.8,385.2,373.7,368.3,372.1,382.9,394.3,399.8,397.1,389.8,382.3,376.9,374.0,375.3,379.2,385.6,390.7,393.5,395.0,395.0,394.2,390.7,392.5,389.9,384.2,378.9,377.0,379.7,385.4,-39.0,-37.2,-33.0,-28.8,-27.1,-28.6,-33.1,-37.2,-45.1,-42.4,-38.4,-33.8,-29.3,-25.8,-23.3,-25.9,-29.7,-34.0,-38.4,-42.3,-34.9,-33.1,-31.2,-30.4,-31.2,-33.0,-34.9,-35.7,15.8,17.2,21.4,25.8,28.0,26.6,22.4,17.7,12.2,14.6,18.0,22.3,26.7,30.4,33.3,30.9,27.6,23.5,19.2,15.1,19.9,22.1,24.2,24.8,23.8,21.6,19.6,18.9,10.7,6.5,4.7,6.5,10.7,15.2,16.7,15.0,11.1,8.9,7.5,6.9,7.9,9.9,12.8,14.1,14.5,14.7,14.3,13.1,12.6,13.3,12.6,10.7,8.8,8.0,8.8,10.7,9.4,5.1,3.1,4.5,8.5,12.8,14.8,13.8,11.1,8.3,6.3,5.2,5.7,7.2,9.6,11.4,12.5,13.0,13.0,12.7,11.4,12.1,11.1,9.0,7.0,6.3,7.3,9.4,1148.6,1148.1,1148.0,1148.2,1148.8,1149.5,1149.4,1149.1,1153.5,1150.8,1148.2,1147.1,1147.8,1149.5,1151.5,1150.1,1148.5,1148.0,1148.9,1151.1,1149.7,1149.8,1149.7,1149.5,1149.3,1149.2,1149.2,1149.4,1115.1,1116.5,1117.4,1117.2,1116.1,1114.6,1113.7,1114.1,1116.5,1115.8,1115.4,1115.4,1116.4,1118.3,1120.2,1117.1,1114.4,1112.8,1113.0,1114.5,1115.6,1115.5,1115.9,1116.6,1117.2,1117.3,1116.8,1116.1,-4.1,50.1,1232.3,0.24,0.073,-0.044000000000000004,459.7,462.9,471.7,484.1,503.5,532.6,563.8,599.0,636.8,674.3,709.3,742.7,770.2,789.1,799.7,805.9,807.8,484.9,505.8,534.8,565.4,594.1,651.6,683.1,713.4,743.8,766.7,625.0,625.8,626.6,627.5,597.7,613.0,628.7,645.2,660.3,521.6,539.6,562.7,581.3,562.1,539.0,670.2,688.6,711.5,730.0,713.9,691.3,573.8,594.6,616.5,630.5,645.5,668.2,689.1,669.5,648.5,632.2,616.2,594.3,584.5,616.8,631.2,646.5,679.1,645.7,630.3,615.7,377.5,424.6,472.1,518.9,564.8,605.6,640.3,667.2,673.3,663.6,634.8,597.6,556.5,509.6,459.7,410.7,361.3,353.8,335.7,330.3,333.5,342.0,339.8,329.6,325.7,331.0,347.2,382.9,413.1,443.3,474.7,498.5,503.6,507.6,502.9,497.9,389.2,379.2,379.5,392.4,398.8,399.1,388.9,375.8,376.0,384.7,394.8,395.4,563.7,551.5,543.5,548.2,544.0,551.0,560.8,587.4,597.0,598.9,597.0,587.5,565.1,561.1,562.7,561.1,563.0,569.8,571.7,569.8,-76.7,-75.7,-72.3,-67.1,-58.6,-45.9,-32.4,-17.3,-1.4,14.5,29.4,43.7,55.4,63.2,67.6,69.9,70.4,-64.2,-55.2,-43.0,-30.3,-18.6,4.7,17.5,29.8,42.3,51.9,-6.1,-5.8,-5.4,-5.0,-17.2,-11.0,-4.6,2.1,8.3,-48.8,-41.2,-31.7,-24.1,-31.9,-41.5,12.4,19.8,29.2,36.9,30.2,21.0,-27.5,-18.6,-9.6,-3.9,2.2,11.5,20.3,12.2,3.5,-3.2,-9.8,-18.9,-23.0,-9.5,-3.6,2.7,16.1,2.3,-4.0,-10.0,7.5,27.6,48.1,68.4,87.9,105.0,119.2,129.8,132.2,128.3,116.7,101.1,83.6,63.4,42.2,21.4,0.6,-2.6,-10.0,-12.1,-10.8,-7.3,-8.2,-12.3,-13.9,-11.8,-5.2,9.3,21.5,33.6,46.1,56.5,58.4,60.0,58.1,56.1,12.0,7.9,8.0,13.3,15.9,16.1,11.8,6.4,6.5,10.1,14.2,14.5,84.5,78.6,75.0,76.8,75.1,78.2,82.9,93.5,97.3,98.1,97.4,93.8,84.9,82.5,83.0,82.4,83.7,85.9,86.7,86.0,1276.2,1282.0,1288.2,1291.3,1287.5,1282.7,1276.1,1268.0,1265.9,1268.3,1273.6,1276.4,1275.3,1272.6,1268.8,1263.6,1259.2,1241.5,1233.1,1225.6,1219.7,1215.9,1214.3,1216.5,1220.0,1223.1,1227.5,1217.1,1213.1,1209.0,1205.4,1223.9,1221.1,1219.5,1220.3,1221.3,1237.0,1231.6,1229.2,1228.4,1230.0,1232.6,1226.5,1224.1,1224.3,1227.7,1225.6,1225.4,1244.6,1231.9,1225.6,1224.7,1224.0,1228.6,1238.6,1234.0,1231.9,1231.9,1233.5,1237.2,1241.7,1230.4,1229.0,1228.7,1236.9,1229.0,1229.0,1230.4,2.421,0.285,0.083,-0.046,630.101,481.47,-31.228,3.378,-16.819000000000003,15.104000000000001,-2.292,-5.752999999999999,9.397,-10.757,1.851,-8.655,-7.506,2.7489999999999997,0.503,-2.668,-2.282,-3.341,-2.333,-2.943,2.057,-5.126,-1.444,-4.537,-0.016,2.4730000000000003,-3.6460000000000004,1.253,0.485,0.48,0.185,0.17,0.009000000000000001,-0.573,0.6809999999999999,-0.05,0.27,0.41,0.0,0.8,0.0,0.0,0.0,0.0,0.0,0.03,0.0,0.0,0.24,0.0,0.65,2.32,0.0,1.0,0.0,1.0,1.0,0.0,0.0,0.0,0.0,0.0,0.0,1.0,0.0,0.0,0.0,1.0,1.0,0.0,0.0
66,2.169,0.98,0.07334700000000001,0.321668,-0.9440069999999999,-0.080402,0.31888299999999997,-0.944378,-0.004,0.327,538.5,543.0,553.9,564.9,569.5,565.8,554.1,543.1,523.1,529.8,539.8,551.8,563.8,573.1,579.7,572.7,562.6,551.2,539.8,530.0,549.1,554.1,559.0,561.0,559.0,554.0,549.0,547.0,682.6,686.2,697.3,709.5,715.5,712.0,700.8,687.9,672.7,679.3,688.6,700.2,711.8,721.5,729.3,723.2,714.3,703.5,691.8,680.6,693.9,699.8,705.2,706.9,704.0,698.1,692.7,691.0,389.2,378.1,373.4,378.0,389.0,400.8,404.8,400.2,390.0,384.3,380.8,379.3,381.8,387.1,394.6,397.9,399.2,399.7,398.5,395.3,393.9,396.0,393.9,388.9,383.9,381.8,383.9,388.9,386.0,374.5,369.0,372.7,383.4,394.8,400.4,397.8,391.0,383.2,377.7,374.9,376.1,380.1,386.5,391.6,394.3,395.8,395.9,395.2,391.4,393.1,390.5,384.9,379.7,378.0,380.6,386.2,-38.6,-36.9,-32.7,-28.6,-26.8,-28.3,-32.7,-36.9,-44.7,-42.0,-38.1,-33.5,-29.0,-25.5,-23.0,-25.6,-29.5,-33.8,-38.1,-41.9,-34.6,-32.7,-30.8,-30.1,-30.9,-32.7,-34.6,-35.4,15.7,17.1,21.2,25.7,27.9,26.6,22.4,17.7,12.1,14.5,18.0,22.3,26.5,30.2,33.1,30.8,27.4,23.4,19.1,15.0,19.9,22.1,24.1,24.8,23.7,21.5,19.5,18.9,11.1,6.9,5.1,6.8,11.0,15.5,17.1,15.3,11.5,9.3,7.9,7.4,8.3,10.3,13.2,14.4,14.9,15.1,14.6,13.5,12.9,13.7,12.9,11.0,9.1,8.3,9.1,11.0,9.6,5.4,3.3,4.7,8.6,12.9,14.9,14.0,11.5,8.6,6.5,5.5,6.0,7.4,9.8,11.7,12.7,13.2,13.2,13.0,11.6,12.2,11.3,9.2,7.3,6.7,7.6,9.7,1141.8,1141.2,1140.9,1141.1,1141.6,1142.5,1142.5,1142.3,1146.9,1144.0,1141.2,1139.9,1140.6,1142.2,1144.3,1142.9,1141.5,1141.1,1142.2,1144.4,1142.8,1142.9,1142.8,1142.5,1142.2,1142.2,1142.3,1142.6,1108.3,1109.9,1110.9,1110.7,1109.3,1107.7,1106.7,1107.1,1109.5,1109.0,1108.6,1108.7,1109.6,1111.5,1113.3,1110.1,1107.3,1105.8,1106.0,1107.5,1108.7,1108.6,1109.1,1109.9,1110.5,1110.6,1110.1,1109.3,-3.9,50.5,1233.0,0.244,0.069,-0.046,459.6,463.1,472.0,484.7,504.4,533.7,565.0,600.3,638.1,675.4,710.0,742.9,770.3,789.1,799.9,806.0,808.1,484.8,505.7,534.7,565.3,594.0,651.6,683.3,713.8,744.5,767.4,625.1,626.0,626.8,627.9,597.7,613.2,629.3,646.0,661.4,521.7,539.7,562.9,581.6,562.4,539.2,670.3,688.6,711.6,730.3,714.1,691.5,573.8,594.8,616.9,631.4,646.8,670.0,691.1,671.6,650.2,633.4,617.0,594.7,584.6,617.3,632.1,648.0,681.1,647.3,631.4,616.4,378.5,425.5,472.8,519.5,565.1,605.7,640.5,667.3,673.4,663.5,634.8,597.8,556.8,510.1,460.5,411.7,362.5,355.4,337.3,332.0,335.2,343.7,341.4,331.0,327.1,332.4,348.7,384.5,414.7,444.9,476.2,499.5,504.6,508.7,503.7,498.6,390.5,380.4,380.6,393.7,400.0,400.3,390.1,376.7,376.8,385.5,395.6,396.4,564.2,552.1,544.1,548.8,544.5,551.1,560.5,587.4,597.6,599.7,597.8,588.2,565.6,561.4,562.9,561.1,562.8,570.9,573.0,571.1,-76.8,-75.6,-72.2,-66.9,-58.2,-45.5,-31.9,-16.8,-0.8,15.0,29.7,43.8,55.4,63.3,67.7,70.0,70.6,-64.2,-55.2,-43.0,-30.4,-18.7,4.7,17.6,30.0,42.6,52.2,-6.0,-5.7,-5.3,-4.9,-17.3,-10.9,-4.4,2.5,8.7,-48.8,-41.2,-31.6,-23.9,-31.8,-41.4,12.4,19.9,29.2,37.0,30.3,21.0,-27.5,-18.6,-9.4,-3.5,2.8,12.3,21.1,13.0,4.2,-2.7,-9.5,-18.7,-23.0,-9.3,-3.3,3.3,17.0,3.0,-3.5,-9.7,7.9,28.0,48.5,68.7,88.1,105.1,119.4,130.0,132.3,128.4,116.7,101.2,83.7,63.7,42.5,21.8,1.0,-1.9,-9.3,-11.5,-10.1,-6.6,-7.5,-11.8,-13.4,-11.2,-4.6,9.9,22.1,34.2,46.7,56.9,58.9,60.5,58.5,56.4,12.6,8.4,8.5,13.8,16.4,16.6,12.3,6.8,6.9,10.4,14.5,14.9,84.8,79.0,75.3,77.1,75.3,78.3,82.9,93.6,97.6,98.5,97.8,94.2,85.2,82.6,83.2,82.4,83.7,86.5,87.3,86.6,1277.2,1282.9,1288.8,1291.8,1288.1,1283.5,1277.2,1268.9,1266.7,1269.0,1274.5,1277.4,1276.3,1273.6,1269.8,1264.9,1260.9,1242.1,1233.4,1225.8,1219.8,1216.0,1214.4,1216.9,1220.7,1224.2,1229.0,1217.4,1213.5,1209.4,1205.8,1224.6,1221.7,1220.0,1220.8,1221.9,1237.5,1232.1,1229.8,1229.1,1230.6,1233.2,1227.1,1224.8,1225.1,1228.7,1226.4,1226.0,1246.0,1232.9,1226.5,1225.5,1224.8,1229.8,1240.2,1235.1,1232.6,1232.7,1234.2,1238.3,1243.2,1231.2,1229.7,1229.4,1238.5,1229.8,1229.8,1231.3,2.42,0.28800000000000003,0.079,-0.048,630.658,482.30300000000005,-30.134,3.572,-14.583,14.780999999999999,-1.286,-5.325,8.962,-9.937999999999999,2.097,-8.079,-7.994,3.0010000000000003,-0.121,-2.509,-2.205,-2.773,-1.994,-3.062,2.479,-5.4,-1.349,-4.169,-0.27,1.8969999999999998,-3.551,1.314,0.624,0.637,0.311,0.18600000000000003,0.046,-0.638,0.6709999999999999,-0.08800000000000001,0.35,0.48,0.0,0.87,0.0,0.0,0.0,0.0,0.0,0.11,0.03,0.0,0.37,0.0,0.75,2.29,0.0,1.0,0.0,1.0,1.0,0.0,0.0,0.0,0.0,0.0,0.0,1.0,0.0,0.0,0.0,1.0,1.0,0.0,0.0
67,2.202,0.98,0.070727,0.32394,-0.9434299999999999,-0.084388,0.322052,-0.9429540000000001,-0.006999999999999999,0.33,538.5,543.1,554.1,565.0,569.5,565.8,554.0,543.1,523.2,529.8,539.8,551.8,563.8,573.2,579.9,572.9,562.8,551.4,539.9,530.1,549.1,554.1,559.0,561.1,559.0,554.1,549.2,547.1,682.4,686.0,697.3,709.6,715.8,712.2,700.9,687.7,672.7,679.4,688.7,700.3,711.8,721.4,729.0,723.1,714.5,703.9,692.3,681.0,693.7,699.8,705.3,707.1,704.0,697.9,692.4,690.6,391.6,380.6,376.1,380.7,391.7,403.4,407.3,402.7,392.3,386.8,383.4,382.0,384.5,389.8,397.3,400.5,401.7,402.2,400.9,397.7,396.4,398.4,396.4,391.4,386.5,384.4,386.4,391.4,388.1,376.6,371.3,375.1,386.0,397.5,402.8,400.1,393.6,385.6,380.0,377.2,378.6,382.7,389.3,394.2,396.9,398.4,398.5,397.8,393.9,395.8,393.2,387.5,382.1,380.2,382.9,388.5,-38.5,-36.8,-32.6,-28.5,-26.8,-28.2,-32.7,-36.8,-44.6,-42.0,-38.1,-33.4,-28.9,-25.4,-22.9,-25.5,-29.3,-33.6,-38.0,-41.8,-34.6,-32.7,-30.8,-30.0,-30.8,-32.6,-34.5,-35.3,15.5,16.8,20.9,25.5,27.7,26.3,22.2,17.4,11.9,14.4,17.8,22.0,26.2,29.8,32.6,30.4,27.2,23.3,19.0,14.9,19.6,21.8,23.8,24.5,23.4,21.2,19.1,18.5,12.0,7.8,6.1,7.9,12.1,16.5,18.0,16.2,12.3,10.2,8.9,8.3,9.3,11.3,14.2,15.4,15.9,16.0,15.6,14.3,13.8,14.6,13.8,12.0,10.1,9.3,10.0,11.9,10.2,6.1,4.1,5.5,9.5,13.7,15.6,14.6,12.3,9.3,7.3,6.3,6.8,8.3,10.7,12.5,13.5,14.0,14.0,13.8,12.4,13.1,12.1,10.0,8.1,7.4,8.4,10.4,1139.8,1139.1,1138.7,1138.9,1139.6,1140.6,1140.6,1140.4,1145.0,1142.1,1139.2,1137.8,1138.5,1140.1,1142.3,1140.9,1139.5,1139.2,1140.2,1142.5,1140.8,1140.9,1140.8,1140.4,1140.2,1140.1,1140.2,1140.6,1094.1,1096.0,1097.3,1097.1,1095.7,1093.8,1092.6,1092.8,1094.9,1094.6,1094.5,1094.7,1095.8,1097.8,1099.5,1096.3,1093.3,1091.6,1091.6,1093.0,1094.6,1094.6,1095.2,1096.1,1096.8,1096.9,1096.3,1095.3,-3.8,51.5,1235.5,0.262,0.071,-0.048,460.2,463.5,472.1,484.3,503.6,532.8,564.5,600.7,638.9,676.3,710.9,743.8,771.3,790.1,800.6,806.5,808.2,484.9,506.1,535.2,565.9,594.6,650.8,682.9,713.5,744.5,767.8,624.8,625.8,626.7,627.9,597.3,613.2,629.4,646.4,662.0,521.8,539.8,563.0,581.7,562.5,539.3,670.4,688.6,711.6,730.3,714.2,691.7,572.6,594.2,617.0,631.9,647.9,671.8,693.5,673.8,651.9,634.4,617.5,594.3,583.6,617.5,632.7,649.2,683.4,648.6,632.2,616.5,380.1,426.6,473.5,519.8,565.5,606.5,641.8,669.5,675.5,665.1,635.8,598.4,557.3,510.5,460.9,412.4,363.6,358.0,340.6,335.8,339.2,347.9,345.6,334.8,330.6,335.7,351.5,388.1,418.2,448.2,479.4,502.1,507.3,511.4,506.1,500.7,393.0,383.0,383.4,396.5,402.7,402.8,392.8,379.2,379.2,387.7,397.8,398.8,565.4,553.4,545.4,550.0,545.6,551.7,561.1,589.2,600.3,602.6,600.9,591.0,566.9,562.8,564.3,562.3,563.5,573.5,575.8,573.9,-76.6,-75.5,-72.2,-67.2,-58.7,-46.0,-32.2,-16.7,-0.5,15.4,30.2,44.3,56.0,63.8,68.1,70.2,70.7,-64.3,-55.1,-42.9,-30.2,-18.4,4.4,17.4,29.9,42.7,52.4,-6.2,-5.8,-5.4,-4.9,-17.5,-10.9,-4.3,2.6,9.0,-48.8,-41.2,-31.6,-23.9,-31.8,-41.4,12.4,19.9,29.3,37.0,30.4,21.2,-28.1,-18.9,-9.4,-3.3,3.2,13.1,22.2,13.9,4.9,-2.3,-9.3,-18.9,-23.4,-9.3,-3.0,3.8,18.0,3.6,-3.2,-9.7,8.6,28.5,48.8,68.9,88.4,105.7,120.3,131.3,133.6,129.4,117.4,101.7,84.1,64.0,42.7,22.1,1.5,-0.8,-8.0,-9.9,-8.5,-4.9,-5.9,-10.2,-12.0,-9.9,-3.5,11.4,23.6,35.6,48.1,58.1,60.1,61.7,59.6,57.5,13.7,9.4,9.6,15.0,17.5,17.6,13.4,7.9,7.8,11.4,15.5,15.9,85.6,79.7,76.0,77.8,75.9,78.8,83.3,94.6,99.0,100.0,99.4,95.6,86.0,83.4,83.9,83.1,84.2,87.7,88.7,88.0,1277.9,1284.0,1290.3,1293.9,1290.9,1286.9,1281.1,1272.8,1270.3,1272.5,1277.4,1279.9,1278.5,1275.4,1271.1,1265.8,1261.1,1243.5,1234.7,1227.1,1221.3,1217.8,1215.9,1218.0,1221.6,1225.0,1229.8,1219.2,1215.6,1212.0,1208.9,1227.5,1224.6,1223.0,1223.7,1224.8,1239.2,1233.8,1231.5,1231.0,1232.5,1235.1,1228.7,1226.1,1226.4,1229.8,1227.8,1227.5,1249.7,1236.0,1229.4,1228.3,1227.5,1232.5,1243.2,1238.5,1235.8,1235.9,1237.5,1241.9,1247.0,1234.2,1232.7,1232.3,1241.6,1232.8,1232.9,1234.4,2.415,0.307,0.081,-0.051,630.994,484.421,-32.94,2.275,-12.89,12.748,-2.988,-5.812,8.003,-10.125,2.046,-8.252,-7.67,2.915,-0.986,-1.588,-1.985,-2.052,-2.05,-3.111,3.548,-4.8580000000000005,-1.0659999999999998,-4.447,-0.802,1.8359999999999999,-3.7539999999999996,1.419,0.909,0.961,0.41200000000000003,0.133,0.16899999999999998,-0.691,0.664,-0.028999999999999998,0.43,0.49,0.09,0.97,0.0,0.0,0.0,0.01,0.0,0.25,0.14,0.0,0.68,0.0,0.91,2.12,0.0,1.0,0.0,1.0,1.0,0.0,0.0,0.0,0.0,0.0,0.0,1.0,0.0,0.0,0.0,1.0,1.0,0.0,0.0
68,2.2359999999999998,0.98,0.07355700000000001,0.30182,-0.950523,-0.081758,0.318361,-0.9444370000000001,-0.004,0.316,539.1,543.5,554.4,565.5,570.2,566.5,554.8,543.7,523.6,529.9,539.8,552.0,564.2,573.7,580.6,573.5,563.3,551.9,540.4,530.6,549.6,554.7,559.8,561.9,559.7,554.6,549.5,547.5,683.5,687.1,698.1,710.2,716.2,712.6,701.6,688.8,673.6,679.9,689.0,700.8,712.5,722.1,729.5,723.6,714.9,704.4,692.6,681.5,694.7,700.5,705.8,707.6,704.7,698.9,693.6,691.8,394.2,383.3,378.7,383.2,394.1,405.7,409.6,405.1,394.9,389.5,386.2,384.7,387.0,392.1,399.5,403.5,405.5,406.3,405.0,401.2,398.8,400.9,398.8,393.7,388.6,386.6,388.7,393.7,391.2,379.6,374.1,377.8,388.6,400.2,405.7,403.1,396.2,388.5,383.0,380.2,381.6,385.5,392.1,397.2,399.9,401.4,401.4,400.5,396.5,398.3,395.6,390.0,384.8,383.0,385.7,391.3,-37.7,-36.0,-31.9,-27.8,-26.1,-27.4,-31.8,-35.9,-43.6,-41.2,-37.4,-32.8,-28.2,-24.7,-22.2,-24.8,-28.6,-32.9,-37.2,-40.9,-33.7,-31.8,-29.9,-29.2,-30.0,-31.9,-33.8,-34.5,16.2,17.5,21.7,26.1,28.3,27.0,22.9,18.1,12.5,14.8,18.2,22.6,27.0,30.6,33.4,31.1,27.8,23.9,19.5,15.4,20.4,22.5,24.5,25.1,24.1,21.9,19.9,19.3,12.8,8.7,7.0,8.6,12.7,17.0,18.5,16.8,13.1,11.0,9.8,9.2,10.1,12.0,14.8,16.3,17.0,17.3,16.8,15.4,14.5,15.3,14.5,12.6,10.7,9.9,10.7,12.6,11.6,7.3,5.2,6.6,10.6,14.9,17.0,16.0,13.5,10.6,8.6,7.5,8.0,9.5,12.0,13.8,14.8,15.4,15.3,15.0,13.6,14.2,13.2,11.2,9.2,8.6,9.6,11.6,1119.2,1118.2,1117.7,1117.9,1118.8,1120.2,1120.4,1120.1,1124.7,1121.4,1118.4,1116.8,1117.5,1119.3,1121.6,1120.5,1119.3,1119.1,1120.2,1122.3,1120.3,1120.4,1120.2,1119.7,1119.3,1119.2,1119.4,1119.9,1115.0,1116.5,1117.4,1117.3,1116.3,1114.8,1113.8,1114.1,1116.3,1115.7,1115.3,1115.3,1116.3,1118.3,1120.1,1117.2,1114.5,1112.9,1113.0,1114.5,1115.6,1115.6,1116.0,1116.7,1117.3,1117.3,1116.9,1116.2,-3.6,52.6,1239.5,0.266,0.078,-0.051,460.9,464.7,473.4,485.2,504.3,533.3,564.9,601.2,640.0,678.1,713.2,746.1,772.9,790.9,801.1,806.8,808.5,485.3,507.2,536.3,566.8,595.3,651.0,683.3,713.9,745.0,768.5,625.5,626.3,627.1,628.2,596.7,613.0,629.7,647.1,663.0,522.2,540.3,563.6,582.2,562.8,539.6,671.0,689.1,712.1,731.0,714.7,692.2,571.4,593.2,616.7,632.1,648.7,673.2,695.5,675.4,652.8,634.7,617.4,593.4,582.4,617.4,633.1,650.1,685.2,649.7,632.6,616.5,382.1,428.9,476.2,522.8,568.6,609.4,644.4,671.8,677.5,666.4,636.4,598.6,557.5,511.1,462.5,415.0,367.1,360.6,343.8,339.4,342.8,351.6,349.3,338.8,334.6,339.3,354.9,391.5,421.2,450.9,481.7,504.0,509.4,513.6,508.2,502.6,396.0,385.8,386.3,399.8,405.8,405.7,395.9,382.1,382.0,390.7,400.6,401.7,567.1,554.2,546.1,550.6,546.0,551.9,562.0,591.1,603.2,605.7,604.1,593.9,568.4,563.5,564.8,562.8,564.5,576.6,579.1,577.4,-76.6,-75.3,-71.9,-67.0,-58.6,-46.0,-32.2,-16.5,0.0,16.2,31.3,45.4,56.8,64.3,68.3,70.5,71.0,-64.3,-54.8,-42.5,-29.9,-18.2,4.5,17.6,30.2,43.0,52.8,-5.9,-5.6,-5.2,-4.8,-17.8,-11.1,-4.2,2.9,9.4,-48.8,-41.1,-31.4,-23.8,-31.8,-41.4,12.7,20.1,29.6,37.4,30.7,21.4,-28.7,-19.3,-9.6,-3.2,3.6,13.7,23.1,14.6,5.3,-2.2,-9.4,-19.4,-24.0,-9.3,-2.9,4.1,18.8,4.0,-3.1,-9.7,9.4,29.6,50.1,70.5,90.1,107.4,121.9,132.8,134.8,130.3,118.0,102.0,84.3,64.3,43.5,23.3,3.0,0.3,-6.7,-8.5,-7.0,-3.4,-4.3,-8.6,-10.4,-8.5,-2.1,12.9,24.9,36.9,49.2,59.1,61.2,62.8,60.6,58.4,14.9,10.7,10.8,16.4,18.9,18.9,14.7,9.1,9.0,12.6,16.7,17.1,86.6,80.3,76.5,78.3,76.4,79.1,84.0,95.7,100.5,101.6,101.0,97.2,87.0,84.0,84.4,83.5,85.0,89.3,90.3,89.7,1282.5,1288.6,1294.7,1298.2,1295.6,1291.9,1286.3,1277.4,1274.1,1275.8,1280.3,1282.5,1280.7,1277.2,1272.9,1268.1,1264.2,1246.7,1237.9,1230.4,1224.6,1221.3,1219.7,1222.0,1225.4,1228.8,1233.5,1222.8,1219.6,1216.2,1213.4,1231.7,1228.7,1227.0,1227.7,1228.7,1242.8,1237.2,1235.0,1234.5,1236.0,1238.6,1232.5,1229.8,1230.1,1233.5,1231.4,1231.1,1254.8,1240.4,1233.3,1232.1,1231.3,1236.7,1247.9,1242.9,1239.7,1239.9,1241.7,1246.6,1252.3,1238.1,1236.4,1236.0,1246.4,1236.9,1237.0,1238.6,2.408,0.312,0.08900000000000001,-0.054000000000000006,631.5740000000001,486.76800000000003,-34.878,4.821000000000001,-10.265999999999998,10.145,-3.313,-7.281000000000001,6.694,-10.787,1.7280000000000002,-7.23,-6.942,4.388999999999999,-1.9980000000000002,-0.34299999999999997,-1.632,-1.208,-1.065,-3.385,4.154,-4.39,-0.63,-3.925,-1.242,1.12,-3.812,1.7519999999999998,1.341,0.917,0.528,0.055,0.237,-0.569,0.54,0.009000000000000001,0.44,0.43,0.13,0.97,0.0,0.0,0.0,0.08,0.0,0.45,0.32,0.01,0.96,0.0,1.09,2.04,0.0,1.0,0.0,1.0,1.0,0.0,0.0,0.0,0.0,0.0,1.0,1.0,0.0,1.0,0.0,1.0,1.0,0.0,0.0
69,2.269,0.98,0.073728,0.29234099999999996,-0.953468,-0.08842699999999999,0.314678,-0.9450709999999999,-0.008,0.309,539.8,544.3,555.2,566.2,570.7,567.0,555.3,544.3,524.3,530.6,540.5,552.7,565.0,574.3,581.0,574.0,563.8,552.3,540.9,531.1,550.4,555.3,560.1,562.2,560.1,555.3,550.4,548.4,684.0,687.6,698.7,711.0,717.1,713.5,702.4,689.3,674.0,680.6,689.8,701.6,713.2,722.9,730.5,724.5,715.8,705.2,693.4,682.2,695.3,701.3,706.7,708.5,705.5,699.5,694.0,692.3,396.5,385.6,381.1,385.7,396.6,408.2,412.1,407.5,397.9,392.1,388.6,387.0,389.4,394.6,402.1,406.1,408.0,408.8,407.5,403.9,401.1,403.1,401.1,396.2,391.4,389.3,391.3,396.2,393.8,382.2,376.6,380.4,391.3,402.9,408.5,405.8,398.9,391.2,385.8,383.0,384.3,388.2,394.6,399.6,402.4,403.9,403.9,403.1,399.3,401.2,398.5,392.8,387.5,385.6,388.3,394.0,-37.6,-35.9,-31.8,-27.7,-26.0,-27.4,-31.8,-36.0,-43.6,-41.2,-37.3,-32.7,-28.1,-24.7,-22.2,-24.8,-28.6,-32.9,-37.2,-41.0,-33.7,-31.8,-30.0,-29.2,-30.0,-31.8,-33.6,-34.4,16.2,17.5,21.6,26.2,28.4,27.0,22.9,18.1,12.5,14.9,18.3,22.6,27.0,30.6,33.4,31.1,27.8,23.9,19.6,15.5,20.3,22.5,24.5,25.2,24.1,21.9,19.9,19.2,13.7,9.6,7.9,9.6,13.7,18.1,19.6,17.8,14.3,12.1,10.7,10.1,11.0,13.0,15.9,17.3,18.0,18.3,17.8,16.5,15.4,16.2,15.4,13.6,11.8,11.0,11.8,13.6,12.4,8.2,6.1,7.5,11.5,15.8,17.8,16.8,14.3,11.5,9.5,8.5,9.0,10.4,12.8,14.6,15.6,16.1,16.1,15.8,14.5,15.1,14.1,12.1,10.1,9.4,10.4,12.5,1126.3,1125.4,1125.0,1125.3,1126.1,1127.2,1127.3,1127.1,1131.7,1128.6,1125.6,1124.1,1124.8,1126.6,1128.9,1127.7,1126.4,1126.2,1127.2,1129.4,1127.4,1127.5,1127.3,1126.9,1126.6,1126.5,1126.6,1127.0,1102.6,1104.2,1105.3,1105.2,1103.9,1102.3,1101.2,1101.5,1103.6,1103.1,1102.8,1102.9,1103.9,1105.8,1107.7,1104.6,1101.8,1100.1,1100.3,1101.7,1103.1,1103.0,1103.6,1104.4,1105.0,1105.1,1104.5,1103.7,-3.3,53.5,1244.8,0.261,0.083,-0.052000000000000005,461.3,465.6,474.4,485.8,504.3,532.9,564.5,601.0,640.6,679.5,715.7,748.7,775.0,792.1,801.8,807.7,809.7,485.1,507.4,536.9,567.4,596.3,651.4,684.1,715.0,746.3,770.0,626.2,626.9,627.6,628.7,596.6,613.2,630.2,647.8,663.8,522.6,540.9,564.3,582.9,563.4,540.1,671.7,689.8,712.9,731.9,715.5,692.9,570.4,592.0,615.7,632.2,650.0,674.7,697.1,677.0,654.3,635.0,616.6,592.3,581.5,616.6,633.3,651.6,686.5,651.2,632.8,615.7,383.8,430.8,478.1,524.7,570.1,610.8,645.7,673.0,678.3,666.7,636.0,598.0,557.2,511.2,463.8,417.4,370.6,363.4,346.8,342.5,345.9,354.8,352.6,342.3,338.2,342.6,358.0,394.5,424.0,453.6,484.2,506.0,511.3,515.7,510.1,504.5,398.5,388.4,388.9,402.6,408.3,408.1,398.5,384.9,384.6,393.3,403.1,404.2,568.4,554.3,545.9,550.5,545.7,551.8,562.9,590.8,603.3,606.1,604.6,594.8,569.4,564.1,565.5,563.3,565.2,575.8,578.7,577.0,-76.8,-75.3,-71.8,-67.1,-58.9,-46.4,-32.5,-16.7,0.3,16.9,32.4,46.6,57.8,65.0,68.9,71.2,71.8,-64.7,-55.0,-42.5,-29.8,-17.9,4.7,18.1,30.8,43.7,53.7,-5.6,-5.4,-5.1,-4.6,-17.9,-11.0,-4.0,3.2,9.8,-48.9,-41.0,-31.3,-23.6,-31.7,-41.4,13.1,20.5,30.0,38.0,31.1,21.8,-29.2,-19.9,-10.0,-3.2,4.1,14.4,23.8,15.4,5.9,-2.1,-9.7,-19.9,-24.5,-9.7,-2.8,4.8,19.4,4.6,-3.0,-10.1,10.2,30.5,51.2,71.6,91.2,108.5,123.0,133.8,135.6,130.9,118.2,102.1,84.5,64.6,44.2,24.4,4.5,1.4,-5.5,-7.2,-5.8,-2.1,-3.0,-7.2,-8.9,-7.2,-0.8,14.1,26.2,38.1,50.5,60.2,62.3,64.0,61.7,59.5,16.0,11.8,12.0,17.6,20.0,20.0,15.9,10.2,10.1,13.8,17.8,18.2,87.5,80.7,76.7,78.5,76.5,79.4,84.7,96.0,100.9,102.1,101.6,97.9,87.8,84.6,85.0,84.1,85.6,89.3,90.5,89.9,1288.9,1294.9,1301.0,1304.2,1301.9,1297.9,1291.9,1282.2,1278.6,1280.5,1285.1,1287.3,1285.4,1281.8,1277.4,1273.0,1269.5,1252.9,1243.8,1236.1,1230.2,1226.8,1225.2,1227.5,1230.8,1234.3,1239.1,1228.7,1225.7,1222.7,1220.1,1238.0,1234.9,1233.1,1233.7,1234.6,1248.4,1242.7,1240.4,1240.1,1241.5,1244.2,1238.2,1235.3,1235.5,1238.9,1236.9,1236.7,1259.9,1245.2,1238.2,1236.8,1235.9,1241.2,1252.3,1247.4,1244.1,1244.4,1246.4,1251.4,1257.4,1243.2,1241.3,1240.8,1250.9,1241.2,1241.4,1243.3,2.398,0.307,0.095,-0.055,632.1569999999999,488.365,-32.876,5.84,-10.562000000000001,6.255,-4.606,-8.277000000000001,4.824,-10.99,0.659,-7.184,-6.688,3.975,-1.932,2.784,-0.267,-0.825,-0.98,-3.2439999999999998,5.249,-4.894,-0.043,-3.8819999999999997,-1.551,0.8290000000000001,-3.835,1.7409999999999999,1.28,0.95,0.46,-0.04,0.408,-0.544,0.49700000000000005,0.011000000000000001,0.41,0.36,0.19,0.89,0.0,0.0,0.0,0.24,0.0,0.54,0.47,0.02,1.15,0.0,1.29,1.93,0.0,1.0,0.0,1.0,1.0,0.0,0.0,0.0,0.0,0.0,1.0,1.0,0.0,1.0,0.0,1.0,1.0,0.0,0.0
70,2.302,0.98,0.07843,0.278947,-0.957098,-0.091438,0.305037,-0.947941,-0.006999999999999999,0.297,541.0,545.6,556.6,567.6,572.2,568.4,556.5,545.5,525.5,531.8,541.7,553.8,566.0,575.6,582.3,575.3,565.0,553.6,542.2,532.4,551.8,556.6,561.5,563.5,561.5,556.6,551.8,549.8,685.8,689.4,700.4,712.4,718.4,714.8,703.8,691.0,675.7,682.0,691.2,703.1,715.0,724.7,732.0,726.1,717.3,706.7,694.8,683.7,697.1,702.7,707.9,709.6,706.8,701.1,695.9,694.3,397.7,386.7,382.2,386.8,397.9,409.6,413.4,408.8,399.2,393.5,390.1,388.6,390.9,396.1,403.7,407.6,409.4,410.1,408.8,405.1,402.3,404.3,402.3,397.5,392.6,390.6,392.6,397.4,395.6,383.9,378.3,382.1,393.0,404.7,410.3,407.6,400.6,393.1,387.7,384.9,386.3,390.1,396.6,401.7,404.5,405.9,405.8,404.9,400.8,402.5,399.9,394.4,389.2,387.5,390.1,395.6,-37.0,-35.3,-31.2,-27.0,-25.4,-26.8,-31.2,-35.4,-43.0,-40.6,-36.8,-32.2,-27.6,-24.1,-21.6,-24.2,-28.0,-32.3,-36.6,-40.4,-33.0,-31.2,-29.4,-28.6,-29.4,-31.2,-33.0,-33.8,17.0,18.3,22.4,26.9,29.1,27.7,23.6,18.9,13.3,15.6,19.0,23.4,27.8,31.5,34.3,32.0,28.6,24.7,20.3,16.2,21.2,23.3,25.2,25.8,24.8,22.7,20.8,20.1,14.1,10.0,8.3,10.0,14.2,18.6,20.0,18.3,14.7,12.5,11.2,10.7,11.5,13.5,16.4,17.8,18.5,18.8,18.3,16.9,15.8,16.6,15.9,14.0,12.2,11.4,12.2,14.0,13.2,8.9,6.8,8.2,12.3,16.6,18.7,17.7,15.1,12.3,10.3,9.3,9.8,11.2,13.6,15.5,16.5,17.0,17.0,16.7,15.1,15.8,14.8,12.8,10.9,10.2,11.2,13.2,1122.0,1121.2,1120.8,1121.0,1121.8,1123.0,1123.1,1122.8,1127.4,1124.3,1121.3,1119.8,1120.5,1122.2,1124.5,1123.3,1122.1,1121.8,1122.9,1125.1,1123.1,1123.2,1123.0,1122.7,1122.3,1122.2,1122.4,1122.8,1112.7,1114.0,1114.9,1114.8,1113.9,1112.5,1111.7,1111.9,1114.0,1113.2,1112.6,1112.6,1113.7,1115.7,1117.8,1114.9,1112.3,1110.7,1110.7,1112.2,1113.3,1113.3,1113.7,1114.4,1114.8,1114.8,1114.4,1113.8,-2.9,54.2,1245.5,0.26,0.083,-0.051,462.1,466.5,475.1,486.0,504.2,532.5,564.2,601.1,641.4,681.0,717.5,750.5,776.4,793.2,802.7,808.7,810.8,486.1,508.8,538.3,568.9,597.8,653.3,686.2,717.1,748.3,771.8,627.9,628.4,629.0,630.0,597.1,614.0,631.2,649.1,665.3,523.7,542.3,565.6,584.1,564.5,541.3,673.3,691.4,714.5,733.5,717.0,694.5,570.1,591.8,616.1,633.1,651.6,676.7,699.0,679.1,656.0,635.9,616.9,592.1,581.1,617.0,634.2,653.2,688.4,653.1,633.9,616.2,385.1,432.6,480.4,527.2,572.6,612.9,647.3,674.2,679.4,667.6,636.9,599.2,558.4,512.6,465.6,419.6,373.0,364.7,348.4,344.3,347.8,356.8,354.7,344.7,340.7,344.9,360.0,396.5,425.7,454.8,485.0,506.7,512.1,516.6,511.0,505.3,400.0,389.8,390.4,404.3,409.8,409.4,400.6,386.8,386.5,395.3,404.9,406.0,569.4,554.5,546.1,550.8,545.9,552.0,563.9,592.2,605.3,608.3,606.8,596.6,570.3,564.0,565.4,563.2,566.1,578.4,581.4,579.7,-76.5,-74.9,-71.6,-67.0,-59.0,-46.6,-32.6,-16.6,0.6,17.5,33.2,47.4,58.5,65.5,69.3,71.6,72.3,-64.3,-54.4,-41.9,-29.2,-17.3,5.4,18.9,31.7,44.6,54.5,-4.9,-4.7,-4.5,-4.1,-17.7,-10.7,-3.6,3.8,10.4,-48.4,-40.5,-30.8,-23.1,-31.2,-40.9,13.7,21.2,30.7,38.6,31.8,22.5,-29.4,-20.0,-9.9,-2.8,4.8,15.2,24.6,16.3,6.6,-1.7,-9.6,-20.0,-24.7,-9.5,-2.4,5.5,20.2,5.4,-2.5,-9.9,10.8,31.4,52.2,72.7,92.3,109.5,123.8,134.3,136.1,131.3,118.6,102.6,85.0,65.2,45.0,25.3,5.5,1.9,-4.8,-6.5,-5.0,-1.3,-2.2,-6.3,-7.9,-6.2,-0.0,15.0,26.9,38.7,50.9,60.6,62.7,64.4,62.1,59.8,16.7,12.4,12.6,18.3,20.6,20.5,16.8,11.0,10.9,14.6,18.5,19.0,88.0,80.8,76.9,78.7,76.6,79.5,85.2,96.7,101.8,103.1,102.6,98.8,88.2,84.6,85.0,84.1,86.0,90.5,91.7,91.2,1289.9,1295.8,1301.7,1304.9,1302.8,1299.0,1292.9,1282.7,1278.6,1280.5,1285.2,1287.4,1285.5,1281.8,1277.3,1273.4,1270.4,1253.4,1244.3,1236.6,1230.6,1227.1,1225.9,1228.4,1231.8,1235.5,1240.4,1229.3,1226.5,1223.5,1221.1,1238.8,1235.7,1233.8,1234.3,1235.2,1248.8,1243.1,1240.9,1240.7,1242.0,1244.6,1239.1,1236.2,1236.5,1239.9,1237.8,1237.5,1261.1,1246.2,1239.0,1237.5,1236.7,1242.2,1253.6,1248.7,1245.2,1245.5,1247.6,1252.8,1258.8,1243.8,1241.8,1241.3,1252.2,1242.5,1242.7,1244.6,2.396,0.306,0.095,-0.053,633.2909999999999,489.846,-34.275999999999996,7.212999999999999,-8.187999999999999,4.376,-4.087,-9.357000000000001,4.254,-11.207,1.078,-6.106,-6.079,4.107,-2.093,3.536,0.005,0.012,-0.298,-3.589,4.678999999999999,-4.647,0.397,-3.2289999999999996,-2.254,0.172,-3.6689999999999996,1.675,1.248,1.122,0.5579999999999999,-0.084,0.555,-0.598,0.414,0.114,0.28,0.24,0.12,0.81,0.0,0.0,0.0,0.38,0.04,0.53,0.49,0.02,1.08,0.0,1.46,1.82,0.0,1.0,0.0,1.0,1.0,0.0,0.0,0.0,1.0,0.0,1.0,1.0,0.0,1.0,0.0,1.0,1.0,0.0,0.0
71,2.336,0.98,0.07779,0.298732,-0.951161,-0.090029,0.318847,-0.9435209999999999,-0.006,0.315,542.5,547.2,558.2,569.1,573.6,569.7,557.9,546.9,526.8,533.4,543.5,555.7,567.8,577.0,583.6,576.6,566.5,555.2,543.7,533.8,553.0,558.0,563.0,565.1,563.1,558.1,553.1,550.9,687.4,691.0,702.1,714.2,720.1,716.5,705.4,692.6,677.2,683.7,692.9,704.7,716.5,726.2,733.8,727.8,719.1,708.5,696.6,685.3,698.5,704.4,709.9,711.7,708.7,702.8,697.3,695.5,399.1,388.1,383.6,388.3,399.4,411.1,414.9,410.2,400.0,394.5,391.2,389.8,392.3,397.7,405.3,408.4,409.7,410.1,408.8,405.5,403.9,406.1,404.1,399.0,394.0,391.8,393.8,398.9,397.1,385.6,380.1,383.9,394.8,406.3,411.8,409.1,402.0,394.5,389.1,386.2,387.5,391.4,397.9,403.0,405.8,407.2,407.2,406.4,402.7,404.6,401.8,396.1,390.8,388.9,391.6,397.3,-36.8,-35.0,-30.9,-26.7,-25.1,-26.6,-31.0,-35.2,-43.0,-40.3,-36.4,-31.8,-27.2,-23.8,-21.3,-24.0,-27.8,-32.0,-36.4,-40.2,-32.9,-31.0,-29.1,-28.3,-29.0,-30.9,-32.8,-33.7,17.5,18.8,23.0,27.4,29.6,28.2,24.1,19.4,13.7,16.1,19.5,23.9,28.3,31.9,34.8,32.5,29.2,25.2,20.8,16.7,21.6,23.8,25.8,26.5,25.4,23.2,21.2,20.5,14.8,10.6,8.9,10.7,14.9,19.3,20.7,19.0,15.2,13.1,11.8,11.2,12.2,14.2,17.1,18.3,18.8,18.9,18.4,17.2,16.6,17.4,16.7,14.7,12.8,12.0,12.8,14.7,13.7,9.4,7.4,8.8,12.8,17.1,19.1,18.1,15.5,12.7,10.7,9.7,10.2,11.6,14.0,15.9,16.9,17.4,17.4,17.1,15.7,16.4,15.4,13.3,11.4,10.7,11.7,13.8,1132.8,1132.1,1131.8,1132.1,1132.8,1133.9,1133.9,1133.6,1138.0,1135.1,1132.2,1130.8,1131.5,1133.3,1135.5,1134.2,1132.8,1132.4,1133.4,1135.6,1134.0,1134.1,1134.0,1133.6,1133.3,1133.2,1133.3,1133.6,1106.1,1107.6,1108.6,1108.5,1107.4,1105.9,1104.9,1105.2,1107.4,1106.7,1106.3,1106.4,1107.5,1109.5,1111.6,1108.4,1105.7,1104.0,1104.1,1105.5,1106.7,1106.6,1107.1,1107.9,1108.4,1108.5,1108.0,1107.2,-2.3,54.7,1248.8,0.265,0.078,-0.045,463.5,467.5,475.8,486.6,504.6,532.9,564.8,601.9,641.8,680.6,716.6,749.5,776.5,794.2,803.9,810.1,812.2,488.0,510.8,540.3,570.8,599.4,655.2,688.0,718.9,750.0,773.7,629.3,630.0,630.8,631.8,598.7,615.6,632.8,650.7,666.9,525.1,543.8,567.1,585.7,566.1,542.9,674.9,693.1,716.1,735.2,718.7,696.2,571.0,592.9,617.3,634.5,653.2,678.7,700.8,681.1,657.7,637.4,618.1,593.1,582.2,618.0,635.5,654.6,690.3,654.7,635.3,617.3,386.6,433.8,480.9,526.9,571.6,611.6,646.0,673.3,679.1,668.2,639.0,602.5,562.3,516.3,468.3,421.0,373.4,365.7,349.6,345.9,349.4,358.2,356.2,346.0,342.1,346.6,361.9,397.8,427.1,456.5,486.8,507.4,512.9,517.5,511.9,506.3,400.9,390.9,391.5,405.3,410.6,410.1,401.9,388.2,387.9,396.6,406.1,407.2,569.0,554.3,546.2,550.9,546.2,552.3,564.3,593.7,607.1,609.9,608.2,597.1,570.0,563.8,565.4,563.4,566.5,580.1,582.8,580.9,-76.0,-74.6,-71.4,-66.8,-58.9,-46.5,-32.5,-16.3,0.8,17.4,32.9,47.2,58.7,66.1,70.0,72.4,73.1,-63.6,-53.7,-41.2,-28.5,-16.6,6.2,19.7,32.5,45.4,55.4,-4.4,-4.1,-3.8,-3.3,-17.1,-10.1,-3.0,4.4,11.1,-47.9,-40.0,-30.2,-22.5,-30.7,-40.4,14.5,21.9,31.4,39.4,32.5,23.3,-29.1,-19.6,-9.4,-2.3,5.5,16.1,25.5,17.1,7.4,-1.1,-9.1,-19.6,-24.3,-9.2,-1.9,6.0,21.1,6.1,-2.0,-9.5,11.4,31.9,52.5,72.7,92.0,109.2,123.5,134.2,136.3,131.9,119.9,104.4,87.0,67.0,46.3,26.0,5.7,2.4,-4.3,-5.8,-4.4,-0.7,-1.6,-5.7,-7.4,-5.5,0.8,15.5,27.5,39.5,51.8,61.0,63.2,65.0,62.7,60.4,17.1,12.8,13.1,18.8,21.0,20.9,17.3,11.6,11.5,15.2,19.1,19.5,88.1,80.9,77.1,79.0,77.0,79.9,85.6,97.6,102.9,104.1,103.5,99.3,88.4,84.8,85.3,84.4,86.4,91.4,92.6,91.9,1291.3,1297.3,1303.4,1307.0,1305.2,1301.6,1295.4,1285.4,1281.8,1284.2,1289.4,1292.0,1290.3,1286.6,1281.7,1277.1,1273.3,1256.1,1247.2,1239.7,1233.9,1230.2,1228.7,1231.1,1234.3,1237.9,1242.8,1232.3,1229.7,1227.0,1224.8,1242.1,1239.1,1237.3,1237.8,1238.6,1251.9,1246.4,1244.3,1244.0,1245.3,1247.9,1241.8,1239.0,1239.2,1242.5,1240.6,1240.4,1264.7,1249.8,1242.5,1240.9,1240.1,1245.7,1257.0,1252.5,1249.1,1249.5,1251.6,1256.7,1262.5,1247.3,1245.3,1244.7,1255.7,1246.4,1246.7,1248.7,2.39,0.311,0.08800000000000001,-0.047,634.6080000000001,490.82199999999995,-36.048,3.353,-7.223,3.8939999999999997,-4.027,-8.799,4.851,-9.555,1.197,-7.263,-6.107,2.262,-1.092,3.3360000000000003,-0.7829999999999999,0.6679999999999999,0.044000000000000004,-3.661,4.263999999999999,-4.449,0.054000000000000006,-2.904,-2.069,0.491,-3.951,1.673,1.133,1.143,0.7170000000000001,0.13699999999999998,0.519,-0.728,0.49700000000000005,0.113,0.26,0.21,0.15,0.83,0.0,0.0,0.0,0.45,0.08,0.42,0.43,0.01,0.98,0.0,1.67,1.74,0.0,1.0,0.0,1.0,1.0,0.0,0.0,0.0,1.0,0.0,1.0,1.0,0.0,1.0,0.0,1.0,1.0,0.0,0.0
72,2.369,0.98,0.08166,0.291196,-0.9531719999999999,-0.083771,0.31271,-0.946147,-0.001,0.308,544.0,548.8,559.9,570.9,575.4,571.4,559.5,548.5,528.4,535.1,545.3,557.4,569.5,578.7,585.2,578.2,568.1,556.7,545.2,535.3,554.7,559.6,564.5,566.6,564.7,559.8,554.9,552.8,689.5,693.1,704.2,716.1,721.9,718.3,707.2,694.5,679.1,685.4,694.6,706.6,718.7,728.4,735.7,729.6,720.7,709.9,698.0,686.9,700.6,706.3,711.5,713.3,710.5,704.8,699.6,697.8,399.7,388.6,384.1,388.9,400.1,412.0,415.8,411.0,400.8,395.3,392.0,390.7,393.2,398.6,406.3,409.5,410.7,411.0,409.6,406.2,404.6,406.7,404.7,399.8,394.8,392.7,394.7,399.6,398.2,386.4,380.7,384.6,395.6,407.4,413.0,410.2,403.1,395.6,390.2,387.4,388.8,392.5,399.0,404.1,407.0,408.4,408.3,407.3,403.3,405.1,402.4,396.8,391.6,389.7,392.4,398.0,-36.2,-34.4,-30.2,-26.1,-24.4,-25.9,-30.4,-34.6,-42.3,-39.7,-35.7,-31.1,-26.6,-23.1,-20.7,-23.4,-27.1,-31.4,-35.8,-39.6,-32.2,-30.4,-28.5,-27.7,-28.4,-30.3,-32.1,-32.9,18.3,19.7,23.8,28.3,30.4,29.0,24.9,20.2,14.5,16.9,20.3,24.7,29.2,32.9,35.7,33.3,29.9,25.9,21.5,17.4,22.5,24.6,26.6,27.2,26.2,24.1,22.1,21.5,15.0,10.8,9.1,10.9,15.1,19.6,21.1,19.3,15.5,13.3,12.1,11.5,12.5,14.6,17.5,18.7,19.1,19.2,18.7,17.5,16.8,17.6,16.9,15.0,13.1,12.3,13.1,15.0,14.2,9.8,7.7,9.1,13.2,17.6,19.7,18.6,16.0,13.2,11.2,10.2,10.7,12.1,14.5,16.4,17.4,17.9,17.9,17.6,16.1,16.7,15.8,13.7,11.7,11.0,12.0,14.1,1132.1,1131.4,1131.2,1131.5,1132.1,1133.0,1132.9,1132.7,1137.0,1134.2,1131.4,1130.1,1130.9,1132.5,1134.6,1133.3,1131.8,1131.4,1132.4,1134.6,1133.2,1133.3,1133.2,1132.9,1132.6,1132.5,1132.6,1132.9,1112.8,1113.9,1114.6,1114.6,1113.9,1112.8,1112.1,1112.3,1114.5,1113.5,1112.7,1112.6,1113.7,1115.8,1118.0,1115.2,1112.6,1111.1,1111.2,1112.7,1113.6,1113.6,1113.9,1114.4,1114.8,1114.8,1114.4,1113.9,-1.7,55.0,1247.0,0.272,0.07200000000000001,-0.042,464.5,468.5,476.5,487.0,504.5,532.2,564.2,601.5,642.3,682.2,718.7,751.7,778.2,795.5,805.2,811.4,813.7,489.4,512.4,542.1,572.9,601.9,657.2,690.2,721.4,752.5,775.6,631.6,632.2,632.8,633.8,600.2,617.3,634.5,652.4,668.6,526.8,545.5,568.7,587.3,567.7,544.6,676.8,695.0,718.0,736.9,720.4,698.0,571.5,593.4,618.2,635.8,655.1,680.8,702.6,683.1,659.4,638.5,618.8,593.4,582.6,618.8,636.7,656.4,692.2,656.7,636.7,618.3,387.4,434.2,480.9,526.4,570.7,610.5,644.9,673.0,679.4,668.2,638.3,601.3,561.0,515.6,468.8,422.5,375.9,366.5,350.5,346.7,350.4,359.7,357.5,347.2,343.3,347.9,363.0,399.4,428.3,457.1,487.0,507.7,513.3,518.0,512.5,507.0,401.8,391.8,392.5,406.4,411.4,410.9,403.1,389.2,389.0,397.8,407.1,408.2,569.4,554.5,546.7,551.5,546.8,552.8,565.0,595.0,609.2,612.1,610.2,598.5,570.3,563.9,565.5,563.5,567.0,582.9,585.9,583.8,-75.5,-74.1,-70.9,-66.6,-58.9,-46.7,-32.7,-16.5,1.0,18.0,33.8,48.0,59.4,66.6,70.5,72.9,73.7,-62.9,-53.0,-40.4,-27.5,-15.6,7.0,20.6,33.5,46.4,56.1,-3.4,-3.2,-2.9,-2.5,-16.4,-9.4,-2.2,5.1,11.8,-47.2,-39.2,-29.5,-21.8,-30.0,-39.6,15.2,22.7,32.2,40.1,33.2,24.0,-28.8,-19.4,-9.0,-1.7,6.2,16.9,26.2,18.0,8.1,-0.6,-8.8,-19.5,-24.1,-8.8,-1.4,6.8,21.8,6.9,-1.4,-9.0,11.8,32.1,52.4,72.4,91.5,108.6,122.9,134.0,136.3,131.8,119.4,103.8,86.3,66.6,46.4,26.6,6.8,2.7,-4.0,-5.5,-3.9,-0.1,-1.0,-5.2,-6.9,-5.0,1.2,16.2,27.9,39.7,51.8,61.0,63.2,65.1,62.8,60.6,17.4,13.2,13.4,19.2,21.3,21.1,17.8,12.1,11.9,15.6,19.5,19.9,88.2,80.9,77.2,79.1,77.1,80.0,85.8,98.1,103.7,104.9,104.3,99.8,88.4,84.6,85.2,84.3,86.6,92.6,93.8,93.1,1289.8,1295.6,1301.5,1305.0,1303.6,1300.3,1294.5,1284.5,1280.5,1282.6,1287.8,1290.2,1288.4,1284.8,1280.2,1276.5,1273.5,1253.9,1244.8,1237.1,1231.0,1227.4,1226.5,1229.1,1232.8,1237.1,1242.5,1230.0,1227.4,1224.6,1222.3,1240.2,1237.1,1235.3,1235.7,1236.5,1249.6,1244.0,1242.0,1242.0,1243.2,1245.6,1240.3,1237.5,1237.9,1241.5,1239.3,1238.9,1263.2,1248.1,1240.7,1239.1,1238.4,1244.3,1256.1,1251.9,1248.5,1248.9,1250.8,1255.8,1261.1,1245.4,1243.4,1243.0,1254.9,1245.6,1245.9,1247.8,2.3930000000000002,0.318,0.081,-0.044000000000000004,636.049,491.556,-35.271,4.734,-4.59,3.925,-2.8289999999999997,-11.124,4.6930000000000005,-9.605,2.3,-4.31,-5.6,2.5810000000000004,-1.579,3.762,-0.207,0.598,0.451,-3.549,3.639,-4.552,0.252,-2.187,-2.042,0.225,-3.657,1.4609999999999999,1.2990000000000002,1.272,0.78,0.171,0.382,-0.701,0.474,0.063,0.19,0.18,0.18,0.89,0.0,0.0,0.0,0.43,0.12,0.36,0.36,0.0,0.84,0.0,1.77,1.65,0.0,0.0,0.0,1.0,1.0,0.0,0.0,0.0,1.0,0.0,1.0,1.0,0.0,1.0,0.0,1.0,1.0,0.0,0.0
73,2.4019999999999997,0.98,0.083729,0.285814,-0.95462,-0.08677699999999999,0.302295,-0.949256,-0.002,0.3,545.6,550.4,561.7,572.8,577.2,573.2,561.2,550.1,529.9,536.9,547.2,559.3,571.4,580.5,586.9,579.9,569.8,558.4,546.9,536.9,556.5,561.3,566.2,568.3,566.3,561.5,556.6,554.5,691.5,695.2,706.2,718.0,723.7,720.0,709.0,696.4,681.2,687.4,696.5,708.7,720.8,730.4,737.4,731.3,722.4,711.8,699.9,689.0,702.6,708.1,713.2,715.0,712.3,706.8,701.7,699.9,399.8,388.5,383.9,388.8,400.2,412.2,416.1,411.2,400.9,395.4,392.1,390.7,393.3,398.7,406.4,409.6,410.7,411.0,409.5,406.2,404.7,406.8,404.8,399.9,394.9,392.8,394.8,399.7,398.4,386.6,380.9,384.8,396.0,407.8,413.5,410.6,403.3,395.8,390.5,387.9,389.4,393.1,399.6,404.8,407.8,409.3,409.0,407.7,403.4,405.2,402.5,397.0,391.8,390.0,392.6,398.1,-35.6,-33.8,-29.5,-25.3,-23.7,-25.2,-29.7,-33.9,-41.7,-39.0,-35.0,-30.4,-25.9,-22.4,-20.1,-22.7,-26.5,-30.7,-35.1,-38.9,-31.5,-29.7,-27.9,-27.1,-27.8,-29.6,-31.5,-32.2,19.2,20.6,24.7,29.1,31.2,29.8,25.7,21.0,15.4,17.7,21.1,25.6,30.1,33.8,36.5,34.1,30.7,26.7,22.3,18.3,23.3,25.4,27.3,28.0,27.0,24.9,23.0,22.3,15.0,10.7,9.0,10.8,15.1,19.7,21.2,19.3,15.5,13.4,12.1,11.6,12.5,14.6,17.6,18.7,19.1,19.2,18.7,17.4,16.9,17.7,16.9,15.0,13.2,12.4,13.1,15.0,14.3,9.9,7.8,9.3,13.4,17.8,19.9,18.8,16.2,13.3,11.4,10.4,11.0,12.4,14.8,16.7,17.8,18.3,18.2,17.8,16.2,16.9,15.9,13.8,11.9,11.2,12.2,14.2,1131.1,1130.7,1130.5,1130.8,1131.4,1132.2,1132.0,1131.7,1135.7,1133.1,1130.5,1129.4,1130.2,1131.8,1133.9,1132.5,1131.0,1130.4,1131.4,1133.5,1132.3,1132.4,1132.4,1132.1,1131.9,1131.8,1131.8,1132.0,1118.3,1118.9,1119.5,1119.7,1119.3,1118.6,1118.0,1118.1,1120.0,1118.7,1117.8,1117.6,1118.9,1121.1,1123.5,1120.9,1118.4,1116.9,1117.0,1118.4,1119.2,1119.2,1119.5,1119.8,1120.0,1119.9,1119.7,1119.4,-1.1,55.2,1251.3,0.26899999999999996,0.068,-0.038,465.5,469.6,477.7,488.1,505.8,533.5,565.1,602.0,642.4,682.0,718.6,751.8,778.8,796.6,806.4,812.7,815.3,490.8,514.0,544.0,575.0,604.0,659.2,692.2,723.5,754.5,777.7,633.6,634.2,634.8,635.8,602.0,619.0,636.3,654.2,670.4,528.5,547.3,570.5,589.0,569.4,546.3,678.9,696.9,719.9,738.8,722.3,700.0,572.9,595.1,619.9,637.7,657.2,682.8,704.4,684.9,661.2,640.0,620.1,594.9,584.0,620.3,638.3,658.3,694.1,658.6,638.4,619.7,387.3,434.6,481.5,527.0,571.1,610.4,644.2,671.8,678.5,668.2,639.4,603.3,563.4,517.8,470.5,423.6,376.3,366.8,350.6,347.1,350.8,360.1,358.1,347.8,344.0,348.6,363.7,399.7,428.4,457.1,486.9,507.4,513.2,518.0,512.5,507.0,402.0,391.9,392.5,406.5,411.5,411.0,403.6,389.7,389.5,398.5,407.7,408.7,569.0,554.2,546.7,551.5,546.9,552.8,565.0,594.4,608.3,611.1,609.1,597.3,569.9,563.5,565.2,563.2,566.9,582.7,585.6,583.3,-75.3,-73.8,-70.6,-66.2,-58.5,-46.3,-32.4,-16.3,1.0,18.0,33.8,48.3,59.8,67.3,71.3,73.8,74.7,-62.5,-52.4,-39.7,-26.8,-14.8,7.9,21.5,34.4,47.4,57.2,-2.6,-2.4,-2.1,-1.7,-15.8,-8.7,-1.5,5.9,12.6,-46.6,-38.6,-28.9,-21.2,-29.3,-39.0,16.1,23.6,33.1,41.0,34.1,24.9,-28.3,-18.8,-8.4,-1.0,7.1,17.8,27.1,18.8,8.9,0.0,-8.3,-18.9,-23.6,-8.2,-0.7,7.6,22.7,7.8,-0.7,-8.5,11.8,32.3,52.9,72.9,92.0,108.8,122.9,133.8,136.3,132.1,120.3,105.0,87.7,67.8,47.3,27.2,6.9,2.8,-3.9,-5.4,-3.8,0.0,-0.8,-5.0,-6.6,-4.7,1.5,16.3,28.1,39.8,51.9,61.2,63.4,65.3,63.1,60.8,17.5,13.3,13.5,19.3,21.4,21.2,18.1,12.3,12.2,16.0,19.8,20.2,88.3,81.1,77.5,79.4,77.5,80.3,86.1,98.2,103.7,104.9,104.2,99.7,88.5,84.8,85.4,84.5,86.9,92.8,94.0,93.2,1293.8,1299.5,1305.3,1308.7,1307.0,1303.5,1297.6,1287.8,1284.0,1286.3,1291.9,1294.6,1293.0,1289.4,1284.7,1281.0,1277.9,1258.0,1249.0,1241.4,1235.3,1231.7,1231.0,1233.6,1237.3,1241.4,1246.9,1234.4,1231.9,1229.2,1227.0,1244.5,1241.5,1239.6,1240.1,1240.9,1253.7,1248.2,1246.3,1246.4,1247.4,1249.8,1244.6,1242.0,1242.4,1245.9,1243.8,1243.4,1267.5,1252.7,1245.5,1243.9,1243.3,1249.2,1260.8,1256.5,1253.0,1253.3,1255.3,1260.3,1265.5,1249.9,1247.9,1247.5,1259.6,1250.3,1250.5,1252.5,2.385,0.314,0.077,-0.039,637.617,491.713,-36.84,3.786,-4.545,2.539,-1.5830000000000002,-9.735,4.7330000000000005,-9.078,3.15,-4.5969999999999995,-6.1339999999999995,2.269,-1.719,3.937,-0.9159999999999999,0.815,0.5479999999999999,-4.255,3.122,-4.593,0.14400000000000002,-1.8559999999999999,-2.106,0.166,-3.3,1.235,0.912,1.219,0.904,0.18,0.38299999999999995,-0.773,0.43200000000000005,0.075,0.21,0.17,0.2,0.78,0.0,0.0,0.0,0.4,0.11,0.29,0.35,0.0,0.82,0.0,1.81,1.63,0.0,0.0,0.0,1.0,1.0,0.0,0.0,0.0,1.0,0.0,1.0,1.0,0.0,1.0,0.0,1.0,1.0,0.0,0.0
74,2.436,0.98,0.08782899999999999,0.283184,-0.9550350000000001,-0.085871,0.30876,-0.947256,0.001,0.302,547.0,551.8,563.2,574.4,578.9,574.8,562.8,551.6,531.2,538.3,548.7,560.9,572.8,582.1,588.5,581.5,571.4,560.0,548.4,538.3,557.9,562.8,567.8,569.9,567.9,563.0,558.0,555.9,693.1,696.9,707.9,719.7,725.5,721.7,710.7,698.1,682.9,689.2,698.3,710.4,722.6,732.3,739.4,733.2,724.2,713.4,701.5,690.6,704.3,709.8,715.0,716.8,714.1,708.5,703.3,701.6,399.7,388.3,383.6,388.5,400.0,412.2,416.1,411.2,401.0,395.3,391.8,390.5,393.1,398.7,406.5,409.6,410.7,410.9,409.5,406.2,404.7,406.9,404.8,399.8,394.8,392.6,394.7,399.7,398.5,386.6,380.9,384.7,395.9,407.8,413.5,410.7,403.2,395.7,390.4,387.8,389.1,392.7,398.9,404.1,407.2,408.7,408.6,407.4,403.4,405.2,402.5,396.9,391.7,389.8,392.5,398.1,-34.9,-33.1,-28.8,-24.6,-22.9,-24.5,-29.0,-33.2,-41.0,-38.2,-34.2,-29.7,-25.2,-21.8,-19.4,-22.0,-25.7,-30.0,-34.4,-38.2,-30.8,-29.0,-27.1,-26.3,-27.1,-28.9,-30.8,-31.6,19.8,21.2,25.3,29.7,31.9,30.5,26.3,21.6,16.0,18.3,21.7,26.2,30.8,34.5,37.2,34.8,31.4,27.3,22.9,18.9,24.0,26.0,28.0,28.6,27.6,25.6,23.6,23.0,14.9,10.6,8.9,10.7,15.0,19.6,21.1,19.2,15.4,13.3,11.9,11.4,12.4,14.5,17.5,18.6,19.0,19.1,18.6,17.4,16.8,17.6,16.8,14.9,13.1,12.3,13.0,14.9,14.4,9.9,7.8,9.2,13.4,17.8,19.9,18.9,16.1,13.3,11.3,10.3,10.9,12.2,14.6,16.5,17.6,18.1,18.1,17.7,16.2,16.9,15.9,13.8,11.8,11.1,12.1,14.2,1125.8,1125.5,1125.5,1125.7,1126.1,1126.8,1126.5,1126.2,1130.3,1127.8,1125.3,1124.3,1125.1,1126.6,1128.6,1127.1,1125.6,1125.0,1125.8,1128.0,1126.9,1127.0,1127.0,1126.9,1126.7,1126.6,1126.6,1126.7,1117.8,1118.4,1118.9,1119.0,1118.7,1118.1,1117.6,1117.7,1119.6,1118.3,1117.4,1117.1,1118.3,1120.6,1122.9,1120.3,1117.9,1116.5,1116.6,1118.0,1118.7,1118.8,1119.0,1119.3,1119.4,1119.4,1119.1,1118.9,-0.5,55.1,1251.7,0.265,0.062,-0.035,466.4,470.4,478.5,488.9,506.7,534.6,566.4,603.5,643.7,682.9,719.2,752.3,779.5,797.4,807.4,813.8,816.4,492.0,515.3,545.4,576.5,605.6,661.2,694.2,725.5,756.6,779.8,635.3,636.0,636.7,637.7,603.6,620.7,638.0,656.0,672.3,529.8,548.7,572.0,590.6,570.9,547.8,680.6,698.7,721.7,740.6,724.1,701.8,574.0,596.4,621.3,639.3,659.0,684.7,706.3,686.7,662.8,641.5,621.4,596.1,585.1,621.6,639.8,660.0,696.0,660.3,639.9,621.1,386.8,434.2,481.1,526.7,570.7,610.0,643.7,671.2,677.9,667.8,639.6,604.1,564.7,519.3,471.8,424.5,376.7,366.9,350.6,347.2,351.0,360.3,358.2,347.7,343.8,348.2,363.4,399.6,428.3,456.9,486.5,507.0,512.8,517.5,512.1,506.6,401.9,391.8,392.4,406.3,411.3,410.8,403.4,389.4,389.1,398.1,407.3,408.4,568.3,553.7,546.3,551.2,546.6,552.4,564.4,593.8,607.7,610.5,608.5,596.5,569.2,562.9,564.7,562.6,566.3,582.4,585.2,583.0,-74.9,-73.5,-70.3,-65.9,-58.1,-45.8,-31.8,-15.7,1.6,18.4,34.1,48.5,60.2,67.7,71.8,74.3,75.2,-62.1,-51.9,-39.2,-26.1,-14.1,8.7,22.3,35.3,48.3,58.2,-1.9,-1.6,-1.4,-0.9,-15.1,-8.0,-0.8,6.6,13.3,-46.1,-38.0,-28.2,-20.5,-28.7,-38.4,16.8,24.3,33.9,41.8,34.9,25.6,-27.9,-18.2,-7.8,-0.3,7.9,18.6,27.9,19.6,9.5,0.6,-7.8,-18.4,-23.2,-7.7,-0.1,8.3,23.5,8.5,-0.0,-7.9,11.6,32.1,52.7,72.7,91.8,108.6,122.7,133.5,136.0,132.0,120.4,105.4,88.3,68.5,47.9,27.6,7.1,2.9,-3.9,-5.3,-3.7,0.1,-0.7,-5.1,-6.7,-4.9,1.4,16.3,28.0,39.7,51.8,61.0,63.2,65.1,62.9,60.7,17.5,13.2,13.5,19.2,21.4,21.2,18.0,12.2,12.1,15.8,19.6,20.1,88.0,80.9,77.4,79.3,77.4,80.2,85.9,98.0,103.5,104.7,104.0,99.4,88.3,84.6,85.2,84.3,86.7,92.7,93.9,93.1,1294.2,1299.7,1305.4,1308.8,1307.0,1303.5,1297.4,1287.5,1283.8,1286.4,1292.4,1295.6,1294.3,1290.9,1286.3,1282.6,1279.5,1258.6,1249.5,1242.0,1235.9,1232.2,1231.5,1234.4,1238.2,1242.6,1248.5,1234.9,1232.3,1229.5,1227.2,1244.8,1241.8,1239.9,1240.4,1241.3,1254.2,1248.9,1247.1,1247.1,1248.1,1250.3,1245.4,1243.0,1243.5,1247.1,1244.8,1244.3,1268.0,1253.1,1245.9,1244.4,1243.8,1249.9,1261.6,1257.0,1253.4,1253.6,1255.6,1260.7,1265.9,1250.2,1248.3,1247.9,1260.3,1250.8,1251.0,1253.0,2.384,0.31,0.07,-0.036000000000000004,639.072,491.499,-35.91,3.272,-3.705,2.322,-0.877,-9.09,4.659,-7.99,3.6180000000000003,-4.774,-6.4079999999999995,1.9569999999999999,-1.844,3.923,-1.113,1.432,0.48700000000000004,-4.022,2.546,-4.615,-0.092,-1.758,-2.023,0.068,-3.1319999999999997,1.088,0.917,1.062,0.922,0.21600000000000003,0.39899999999999997,-0.763,0.444,0.08199999999999999,0.16,0.18,0.21,0.67,0.0,0.0,0.0,0.36,0.09,0.29,0.36,0.0,0.78,0.0,1.8,1.56,0.0,0.0,0.0,1.0,1.0,0.0,0.0,0.0,1.0,0.0,1.0,1.0,0.0,1.0,0.0,1.0,1.0,0.0,0.0
75,2.469,0.98,0.08337699999999999,0.276041,-0.9575229999999999,-0.088926,0.293601,-0.951783,-0.003,0.29,548.1,553.0,564.4,575.5,579.8,575.7,563.5,552.4,532.6,539.3,549.5,561.9,574.1,583.4,589.8,582.6,572.4,560.9,549.4,539.6,559.0,563.8,568.7,570.9,569.0,564.2,559.3,557.1,694.2,697.9,708.9,720.8,726.7,723.0,711.9,699.2,684.0,690.3,699.6,711.8,723.8,733.5,740.5,734.4,725.5,714.8,702.8,691.8,705.5,710.9,716.0,717.7,715.0,709.6,704.5,702.9,398.9,387.7,383.2,388.3,399.8,411.8,415.5,410.5,400.4,394.7,391.4,390.0,392.7,398.3,406.4,409.3,410.4,410.7,409.1,405.7,403.9,406.1,404.2,399.3,394.3,392.1,394.0,398.9,397.8,385.8,380.0,383.8,395.1,407.1,412.8,410.0,402.6,395.0,389.6,387.1,388.5,392.2,398.5,403.8,406.8,408.4,408.1,406.9,402.5,404.3,401.6,396.2,391.1,389.3,391.9,397.4,-34.3,-32.5,-28.2,-24.1,-22.5,-24.1,-28.6,-32.7,-40.3,-37.7,-33.8,-29.1,-24.6,-21.2,-18.8,-21.5,-25.2,-29.5,-33.9,-37.6,-30.3,-28.5,-26.7,-25.9,-26.6,-28.3,-30.2,-31.0,20.1,21.5,25.6,30.0,32.2,30.8,26.7,22.0,16.3,18.7,22.1,26.6,31.1,34.8,37.5,35.1,31.7,27.7,23.3,19.2,24.3,26.3,28.2,28.9,27.9,25.9,24.0,23.3,14.5,10.3,8.7,10.6,14.9,19.4,20.7,18.9,15.2,13.0,11.7,11.2,12.2,14.3,17.4,18.4,18.8,18.9,18.4,17.1,16.4,17.2,16.5,14.7,12.8,12.0,12.7,14.6,14.0,9.6,7.4,8.9,13.0,17.5,19.6,18.5,15.8,13.0,11.0,10.0,10.6,12.0,14.4,16.3,17.4,17.9,17.8,17.4,15.8,16.4,15.5,13.4,11.5,10.9,11.9,13.9,1121.1,1120.5,1120.2,1120.4,1121.0,1122.0,1122.0,1121.8,1125.9,1123.1,1120.4,1119.1,1119.8,1121.4,1123.5,1122.2,1120.8,1120.4,1121.4,1123.6,1122.2,1122.3,1122.2,1121.9,1121.6,1121.5,1121.7,1121.9,1113.2,1113.8,1114.4,1114.6,1114.2,1113.5,1112.9,1113.0,1114.8,1113.6,1112.7,1112.6,1113.8,1116.1,1118.4,1115.8,1113.4,1111.8,1111.9,1113.3,1114.1,1114.2,1114.4,1114.7,1114.9,1114.9,1114.6,1114.3,0.0,55.0,1252.4,0.259,0.062,-0.035,466.9,471.1,479.3,490.0,508.2,536.4,568.1,604.8,644.8,684.2,720.6,753.7,780.7,798.4,808.3,814.6,817.1,493.1,516.8,546.7,577.6,606.4,662.7,695.3,726.2,757.2,780.4,636.8,637.4,638.0,638.9,604.7,621.9,639.2,657.3,673.6,530.9,549.9,573.3,591.8,572.1,548.8,681.7,699.8,722.9,741.9,725.3,702.9,574.7,597.3,622.4,640.4,660.2,685.9,707.8,687.9,663.8,642.4,622.3,596.9,585.7,622.7,641.0,661.2,697.4,661.4,641.0,622.2,386.3,434.2,481.8,527.8,571.9,610.8,644.0,670.5,676.9,667.0,638.9,603.6,564.3,519.1,471.8,424.5,376.7,366.3,350.3,346.8,350.5,359.7,357.7,347.3,343.5,347.8,362.8,398.9,427.5,456.0,485.6,506.5,512.1,516.9,511.6,506.1,401.5,391.3,391.8,406.0,411.0,410.5,403.0,388.8,388.5,397.7,406.9,408.0,567.9,553.2,545.7,550.5,545.9,551.8,563.9,593.4,607.4,610.2,608.1,596.1,568.8,562.4,564.1,562.0,565.8,582.0,584.8,582.6,-74.7,-73.2,-70.0,-65.5,-57.5,-45.1,-31.1,-15.1,2.1,18.9,34.7,49.1,60.7,68.2,72.2,74.7,75.6,-61.7,-51.3,-38.6,-25.7,-13.8,9.3,22.8,35.6,48.6,58.5,-1.3,-1.1,-0.8,-0.4,-14.7,-7.5,-0.3,7.1,13.9,-45.6,-37.5,-27.7,-20.1,-28.3,-38.0,17.3,24.8,34.4,42.4,35.4,26.1,-27.6,-17.8,-7.3,0.2,8.4,19.2,28.5,20.1,9.9,1.0,-7.4,-18.1,-22.9,-7.2,0.4,8.8,24.1,8.9,0.4,-7.5,11.4,32.2,53.0,73.3,92.4,109.0,122.8,133.3,135.6,131.6,120.2,105.2,88.2,68.5,48.0,27.6,7.1,2.6,-4.1,-5.5,-3.9,-0.1,-0.9,-5.2,-6.8,-5.1,1.2,16.0,27.7,39.4,51.4,60.8,63.0,64.9,62.7,60.5,17.4,13.0,13.2,19.1,21.2,21.1,17.9,11.9,11.8,15.7,19.5,19.9,87.9,80.7,77.2,79.1,77.1,80.0,85.8,97.8,103.4,104.6,103.9,99.3,88.2,84.4,85.0,84.1,86.5,92.6,93.8,93.0,1295.7,1301.0,1306.6,1309.8,1307.7,1304.0,1297.7,1287.6,1283.8,1286.3,1292.6,1295.9,1294.6,1291.3,1286.8,1283.3,1280.7,1259.0,1250.1,1242.8,1236.9,1233.3,1232.9,1235.9,1239.6,1243.8,1249.3,1235.9,1233.2,1230.3,1227.9,1245.4,1242.3,1240.5,1241.0,1241.9,1254.8,1249.5,1247.7,1247.8,1248.7,1250.9,1246.4,1244.0,1244.5,1248.2,1245.8,1245.3,1268.8,1253.9,1246.6,1245.0,1244.5,1250.8,1262.5,1257.7,1253.7,1253.9,1255.9,1261.2,1266.7,1250.7,1248.8,1248.5,1261.3,1251.2,1251.4,1253.4,2.3819999999999997,0.304,0.07,-0.037000000000000005,640.195,491.11400000000003,-35.972,4.824,-3.4410000000000003,1.591,-0.617,-8.775,4.669,-7.861000000000001,3.3110000000000004,-4.426,-6.081,2.95,-1.6909999999999998,3.807,-1.8659999999999999,1.6680000000000001,1.197,-4.183,2.5469999999999997,-4.86,-0.032,-1.724,-2.156,0.066,-2.89,1.242,0.9470000000000001,0.833,0.95,0.25,0.4,-0.735,0.364,0.091,0.21,0.21,0.18,0.6,0.0,0.0,0.0,0.35,0.09,0.24,0.38,0.0,0.81,0.0,1.84,1.48,0.0,0.0,0.0,1.0,1.0,0.0,0.0,0.0,1.0,0.0,1.0,1.0,0.0,1.0,0.0,1.0,1.0,0.0,0.0
76,2.503,0.98,0.091262,0.27196,-0.9579709999999999,-0.086271,0.299035,-0.950335,0.003,0.29100000000000004,549.0,553.9,565.3,576.5,580.9,576.7,564.5,553.3,533.1,540.0,550.4,562.7,574.8,584.1,590.5,583.4,573.3,561.8,550.2,540.2,559.8,564.7,569.7,571.9,570.0,565.1,560.0,557.9,695.4,699.1,710.1,721.9,727.6,723.9,712.9,700.3,685.3,691.2,700.1,712.4,724.9,734.8,741.9,735.3,726.1,715.3,703.5,692.9,706.5,712.1,717.2,719.0,716.3,710.8,705.6,703.8,398.0,386.6,382.1,387.1,398.7,410.8,414.5,409.5,399.5,393.8,390.5,389.1,391.7,397.3,405.4,408.3,409.4,409.6,408.1,404.7,403.1,405.3,403.3,398.3,393.2,391.0,392.9,398.0,397.0,385.0,379.2,383.0,394.1,406.1,411.9,409.0,401.5,393.9,388.7,386.2,387.6,390.9,397.0,402.4,405.8,407.6,407.3,405.7,401.6,403.4,400.6,395.0,389.7,387.9,390.6,396.3,-33.9,-32.1,-27.8,-23.7,-22.0,-23.6,-28.2,-32.3,-40.0,-37.3,-33.4,-28.8,-24.3,-20.8,-18.5,-21.1,-24.9,-29.1,-33.5,-37.3,-29.9,-28.1,-26.2,-25.4,-26.1,-27.9,-29.8,-30.6,20.6,22.0,26.1,30.5,32.7,31.3,27.2,22.5,16.9,19.1,22.4,26.9,31.6,35.4,38.1,35.6,32.1,28.0,23.7,19.7,24.8,26.9,28.8,29.5,28.5,26.4,24.5,23.8,14.1,9.9,8.2,10.1,14.4,18.9,20.3,18.5,14.8,12.6,11.3,10.8,11.8,13.9,16.9,18.0,18.4,18.5,17.9,16.7,16.1,16.9,16.2,14.3,12.4,11.5,12.3,14.2,13.8,9.3,7.2,8.6,12.7,17.2,19.4,18.3,15.5,12.7,10.7,9.8,10.3,11.6,13.9,15.8,17.1,17.7,17.6,17.1,15.5,16.2,15.2,13.0,11.1,10.4,11.4,13.5,1118.3,1117.8,1117.6,1117.9,1118.5,1119.3,1119.1,1118.8,1122.9,1120.2,1117.6,1116.5,1117.2,1118.8,1120.9,1119.5,1118.0,1117.6,1118.5,1120.6,1119.4,1119.5,1119.4,1119.2,1119.0,1118.9,1118.9,1119.1,1118.0,1118.1,1118.2,1118.3,1118.4,1118.4,1118.3,1118.4,1120.1,1118.4,1117.1,1116.5,1117.7,1120.0,1122.6,1120.3,1118.2,1116.9,1117.2,1118.7,1119.0,1119.1,1119.1,1119.1,1119.1,1119.0,1119.0,1119.0,0.3,54.6,1251.8,0.257,0.061,-0.035,467.5,471.5,479.8,490.6,509.1,537.3,568.8,605.0,644.9,684.4,721.0,754.5,781.6,799.4,809.3,815.5,817.8,494.1,517.8,547.6,578.3,606.9,664.5,696.9,727.7,758.4,781.3,638.0,638.5,639.1,640.0,605.6,622.8,640.1,658.1,674.4,531.7,550.7,574.1,592.5,572.8,549.6,682.8,700.8,723.8,742.8,726.2,703.8,575.5,598.1,623.2,641.0,660.7,686.5,708.2,688.2,664.0,642.7,622.8,597.5,586.5,623.4,641.5,661.6,697.9,661.8,641.5,622.8,386.1,434.2,481.9,528.0,572.0,610.6,643.2,669.4,675.8,666.1,638.1,602.6,563.1,517.9,470.6,423.4,375.5,365.3,349.3,345.7,349.4,358.5,356.4,345.9,342.1,346.5,361.6,397.7,426.2,454.6,484.0,505.2,510.8,515.5,510.3,504.9,400.6,390.4,390.9,405.0,410.0,409.5,402.0,387.8,387.4,396.6,405.8,407.0,567.0,552.0,544.5,549.4,544.9,550.9,563.2,592.7,606.6,609.3,607.1,594.9,567.9,561.3,563.0,561.0,565.1,581.4,584.1,581.8,-74.5,-73.0,-69.7,-65.2,-57.0,-44.6,-30.8,-15.0,2.1,19.0,34.9,49.4,61.1,68.6,72.6,75.0,75.9,-61.2,-50.9,-38.3,-25.4,-13.6,10.1,23.4,36.2,49.1,58.8,-0.8,-0.6,-0.4,-0.0,-14.3,-7.1,0.0,7.5,14.2,-45.3,-37.2,-27.4,-19.8,-28.0,-37.7,17.8,25.2,34.8,42.8,35.8,26.5,-27.2,-17.5,-7.0,0.4,8.6,19.4,28.7,20.2,10.0,1.1,-7.2,-17.9,-22.6,-6.9,0.6,9.0,24.3,9.1,0.6,-7.2,11.3,32.2,53.1,73.3,92.4,108.9,122.4,132.7,135.1,131.2,119.7,104.7,87.6,67.9,47.4,27.1,6.6,2.2,-4.5,-5.9,-4.4,-0.6,-1.5,-5.8,-7.4,-5.6,0.7,15.5,27.2,38.8,50.7,60.2,62.4,64.2,62.1,59.9,17.0,12.6,12.9,18.7,20.8,20.6,17.4,11.5,11.4,15.2,19.0,19.5,87.5,80.2,76.6,78.6,76.6,79.6,85.5,97.5,103.0,104.1,103.4,98.7,87.8,83.9,84.5,83.6,86.2,92.3,93.4,92.6,1295.3,1300.5,1306.0,1309.1,1307.0,1303.3,1297.0,1287.0,1283.0,1285.4,1291.7,1295.2,1293.9,1290.5,1286.1,1282.8,1280.4,1258.2,1249.5,1242.3,1236.5,1232.9,1232.4,1235.5,1239.2,1243.5,1249.0,1235.3,1232.6,1229.6,1227.1,1244.6,1241.6,1239.8,1240.3,1241.2,1254.3,1249.0,1247.2,1247.3,1248.1,1250.3,1245.8,1243.4,1243.9,1247.6,1245.2,1244.7,1268.3,1253.4,1245.9,1244.3,1243.9,1250.3,1262.2,1257.1,1253.1,1253.3,1255.3,1260.7,1266.2,1250.1,1248.1,1247.9,1261.0,1250.6,1250.8,1252.8,2.384,0.301,0.069,-0.037000000000000005,640.9540000000001,490.139,-36.353,5.007,-3.173,1.499,0.047,-8.998,4.5360000000000005,-8.556000000000001,3.1260000000000003,-4.279,-5.649,3.312,-1.436,3.148,-1.776,1.839,1.75,-4.382,2.217,-5.027,-0.095,-1.6280000000000001,-1.683,-0.022000000000000002,-2.532,0.995,1.13,0.951,0.909,0.28600000000000003,0.397,-0.721,0.368,0.11199999999999999,0.15,0.28,0.17,0.61,0.0,0.0,0.0,0.31,0.09,0.26,0.4,0.0,0.76,0.0,1.82,1.39,0.0,0.0,0.0,1.0,1.0,0.0,0.0,0.0,1.0,0.0,1.0,1.0,0.0,1.0,0.0,1.0,1.0,0.0,0.0
77,2.536,0.98,0.09100499999999999,0.276125,-0.9568040000000001,-0.085174,0.293053,-0.9522950000000001,0.003,0.29,549.4,554.3,565.6,576.7,581.1,577.0,564.9,553.8,533.8,540.5,550.6,562.8,575.0,584.4,591.0,583.9,573.6,562.0,550.5,540.7,560.4,565.1,570.0,572.1,570.2,565.4,560.6,558.5,695.4,699.0,710.1,722.1,728.1,724.6,713.5,700.7,685.1,691.5,700.7,712.8,724.9,734.6,742.0,735.7,726.8,716.0,704.2,693.1,706.6,712.5,717.8,719.5,716.6,710.8,705.5,703.8,396.7,385.5,381.0,386.0,397.5,409.4,413.1,408.2,398.1,392.5,389.2,387.8,390.3,395.8,403.6,406.7,407.8,408.1,406.6,403.3,401.6,403.7,401.8,397.0,392.1,390.0,391.9,396.7,395.6,383.6,377.7,381.4,392.6,404.6,410.5,407.8,400.5,392.8,387.4,384.7,386.1,389.8,396.1,401.2,404.1,405.7,405.6,404.6,400.7,402.5,399.7,393.9,388.5,386.7,389.5,395.3,-33.9,-32.1,-27.8,-23.7,-22.1,-23.6,-28.2,-32.3,-39.9,-37.4,-33.5,-28.9,-24.3,-20.8,-18.4,-21.0,-24.9,-29.2,-33.5,-37.3,-29.9,-28.1,-26.2,-25.5,-26.2,-27.9,-29.8,-30.6,20.4,21.8,25.9,30.3,32.5,31.2,27.1,22.4,16.7,19.0,22.4,26.8,31.3,35.0,37.8,35.4,32.0,28.0,23.6,19.6,24.6,26.7,28.7,29.4,28.3,26.2,24.2,23.5,13.7,9.5,7.9,9.7,14.0,18.5,19.9,18.1,14.3,12.2,10.9,10.4,11.3,13.4,16.4,17.5,17.9,18.0,17.5,16.3,15.6,16.4,15.7,13.9,12.0,11.2,11.9,13.7,13.1,8.7,6.5,7.9,12.0,16.5,18.6,17.6,15.0,12.1,10.1,9.1,9.6,11.0,13.4,15.2,16.3,16.8,16.8,16.4,15.0,15.7,14.6,12.5,10.5,9.9,10.9,13.0,1123.7,1123.0,1122.7,1122.9,1123.5,1124.5,1124.4,1124.2,1128.6,1125.8,1123.0,1121.7,1122.4,1123.9,1126.0,1124.7,1123.3,1123.0,1124.1,1126.3,1124.7,1124.8,1124.7,1124.4,1124.1,1124.0,1124.2,1124.4,1106.5,1107.5,1108.2,1108.2,1107.6,1106.6,1105.9,1106.1,1108.0,1106.9,1106.2,1106.0,1107.2,1109.3,1111.5,1108.8,1106.3,1104.8,1104.9,1106.3,1107.3,1107.3,1107.7,1108.1,1108.4,1108.4,1108.1,1107.6,0.5,54.0,1250.5,0.25,0.061,-0.037000000000000005,467.7,471.9,480.2,491.0,509.4,537.8,569.5,605.8,645.7,685.0,721.6,755.0,782.1,800.0,809.7,815.9,818.2,493.8,517.3,547.5,578.7,607.9,664.0,696.7,728.0,759.2,782.2,638.2,638.7,639.4,640.3,605.9,623.1,640.5,658.5,674.8,532.0,551.1,574.4,592.9,573.2,550.0,683.0,701.1,724.1,743.2,726.5,704.1,576.1,598.8,623.8,641.6,661.2,686.8,708.7,688.7,664.7,643.5,623.6,598.3,587.0,624.1,642.2,662.1,698.3,662.4,642.2,623.5,385.1,433.7,481.9,528.2,572.1,610.4,642.6,668.3,674.5,664.7,636.9,601.8,562.4,517.0,469.5,422.0,374.0,364.4,347.8,344.0,347.7,357.1,355.0,344.5,340.6,345.1,360.5,396.2,424.7,453.2,482.7,504.0,509.5,514.2,508.9,503.5,399.2,389.0,389.5,403.5,408.5,408.1,400.6,386.4,386.1,395.2,404.4,405.5,565.8,550.9,543.4,548.2,543.6,549.6,561.7,591.2,605.0,607.7,605.7,593.7,566.7,560.0,561.7,559.7,563.6,579.7,582.4,580.2,-74.4,-72.8,-69.5,-65.0,-56.8,-44.4,-30.4,-14.6,2.4,19.3,35.1,49.6,61.3,68.8,72.7,75.2,76.0,-61.3,-51.1,-38.3,-25.2,-13.2,9.8,23.3,36.3,49.4,59.2,-0.7,-0.5,-0.3,0.1,-14.1,-7.0,0.2,7.7,14.4,-45.1,-37.0,-27.3,-19.6,-27.8,-37.5,17.8,25.3,34.9,42.9,35.9,26.6,-27.0,-17.2,-6.7,0.7,8.8,19.5,28.8,20.4,10.3,1.5,-6.8,-17.5,-22.3,-6.6,0.9,9.2,24.5,9.3,0.9,-6.9,10.8,31.9,53.0,73.3,92.3,108.7,122.0,132.0,134.3,130.4,119.1,104.3,87.2,67.5,46.9,26.5,6.0,1.8,-5.1,-6.6,-5.1,-1.2,-2.0,-6.4,-8.0,-6.2,0.2,14.9,26.6,38.2,50.1,59.7,61.8,63.7,61.5,59.3,16.4,12.1,12.3,18.1,20.2,20.0,16.9,10.9,10.8,14.6,18.4,18.9,86.9,79.7,76.1,78.0,76.0,78.9,84.8,96.7,102.2,103.3,102.7,98.1,87.1,83.2,83.8,83.0,85.5,91.5,92.6,91.8,1294.6,1299.7,1305.0,1308.1,1305.8,1301.8,1295.0,1284.7,1281.0,1283.7,1290.4,1294.1,1293.0,1289.8,1285.5,1282.1,1279.7,1258.1,1249.2,1241.7,1235.6,1231.7,1231.3,1234.4,1238.3,1242.7,1248.5,1234.3,1231.5,1228.4,1225.8,1243.2,1240.1,1238.3,1238.9,1239.8,1253.4,1248.1,1246.3,1246.3,1247.2,1249.3,1244.9,1242.5,1243.1,1246.7,1244.3,1243.7,1266.6,1251.9,1244.5,1242.9,1242.5,1248.8,1260.5,1255.4,1251.4,1251.6,1253.5,1259.0,1264.5,1248.6,1246.6,1246.4,1259.2,1249.1,1249.2,1251.1,2.386,0.294,0.068,-0.038,641.387,488.898,-34.661,4.933,-3.259,1.695,0.33399999999999996,-8.367,4.6930000000000005,-8.604,3.165,-4.484,-5.702000000000001,2.241,-1.091,3.4810000000000003,-1.9069999999999998,1.939,1.505,-4.802,1.8980000000000001,-4.625,0.312,-1.839,-1.9169999999999998,0.19,-2.7260000000000004,1.073,0.904,0.995,0.8590000000000001,0.235,0.478,-0.737,0.4,0.134,0.13,0.26,0.15,0.61,0.0,0.0,0.0,0.23,0.08,0.26,0.44,0.0,0.79,0.0,1.78,1.23,0.0,0.0,0.0,1.0,1.0,0.0,0.0,0.0,1.0,0.0,1.0,1.0,0.0,1.0,0.0,1.0,1.0,0.0,0.0
78,2.569,0.98,0.089709,0.275333,-0.9571540000000001,-0.089647,0.29373,-0.951675,0.0,0.29,549.4,554.3,565.7,576.8,581.2,577.1,564.9,553.8,533.6,540.4,550.8,563.1,575.2,584.5,590.9,583.9,573.8,562.3,550.6,540.6,560.1,565.1,570.2,572.4,570.4,565.4,560.3,558.1,695.8,699.5,710.4,722.2,728.0,724.3,713.3,700.7,685.4,691.7,700.9,713.0,725.1,734.8,741.9,735.8,726.9,716.3,704.5,693.4,706.7,712.4,717.6,719.4,716.6,711.0,705.7,704.0,395.5,384.3,379.8,384.7,396.2,408.1,411.9,407.0,396.8,391.2,387.8,386.5,389.1,394.6,402.4,405.4,406.6,406.9,405.5,402.1,400.6,402.8,400.8,395.7,390.6,388.4,390.4,395.5,394.0,382.2,376.6,380.5,391.6,403.5,409.1,406.2,399.0,391.4,386.0,383.2,384.7,388.4,394.9,400.0,402.9,404.4,404.2,403.2,399.2,401.1,398.4,392.7,387.4,385.5,388.2,393.9,-33.8,-32.0,-27.7,-23.6,-21.9,-23.5,-28.0,-32.2,-39.9,-37.2,-33.3,-28.7,-24.2,-20.7,-18.4,-21.0,-24.7,-29.0,-33.4,-37.2,-29.9,-28.0,-26.1,-25.3,-26.0,-27.8,-29.8,-30.6,20.7,22.1,26.2,30.6,32.7,31.3,27.2,22.5,16.9,19.2,22.6,27.1,31.6,35.2,38.0,35.6,32.2,28.3,23.9,19.8,24.8,26.9,28.8,29.5,28.5,26.4,24.4,23.8,13.3,9.1,7.4,9.2,13.5,18.0,19.4,17.5,13.8,11.7,10.4,9.9,10.8,12.9,15.9,17.0,17.4,17.5,17.0,15.7,15.2,16.0,15.2,13.4,11.4,10.6,11.4,13.2,12.6,8.2,6.2,7.6,11.8,16.1,18.2,17.1,14.5,11.7,9.6,8.6,9.2,10.6,13.0,14.9,15.9,16.4,16.4,16.0,14.5,15.2,14.3,12.2,10.2,9.5,10.5,12.6,1119.8,1119.2,1119.1,1119.4,1120.0,1121.0,1120.8,1120.5,1124.7,1122.0,1119.3,1118.1,1118.9,1120.6,1122.8,1121.4,1119.9,1119.4,1120.4,1122.5,1121.0,1121.2,1121.1,1120.8,1120.5,1120.4,1120.5,1120.7,1112.8,1113.7,1114.4,1114.5,1114.0,1113.1,1112.4,1112.5,1114.3,1113.2,1112.4,1112.3,1113.6,1115.9,1118.3,1115.4,1112.8,1111.3,1111.3,1112.7,1113.7,1113.7,1114.1,1114.5,1114.7,1114.7,1114.3,1113.9,0.6,53.5,1252.3,0.24600000000000002,0.063,-0.038,467.8,472.2,480.7,491.7,510.4,539.2,570.9,606.6,645.8,684.7,721.1,754.5,781.8,800.0,809.9,816.1,818.4,493.7,517.5,547.8,578.9,608.0,664.1,696.6,727.6,758.7,782.0,638.5,639.0,639.6,640.5,606.1,623.2,640.6,658.7,674.9,532.0,551.2,574.5,592.9,573.2,550.0,683.2,701.2,724.3,743.4,726.6,704.3,576.1,599.0,624.0,641.7,661.4,686.8,708.7,688.5,664.6,643.4,623.5,598.3,587.0,624.2,642.2,662.2,698.4,662.5,642.2,623.5,383.9,433.1,481.9,528.7,572.9,611.0,642.6,667.4,673.1,663.5,636.0,601.2,561.9,516.4,468.6,420.8,372.4,363.1,346.5,342.7,346.3,355.6,353.5,343.2,339.3,343.5,358.8,394.5,423.0,451.5,481.0,502.6,508.1,512.7,507.5,502.1,398.0,387.7,388.2,402.2,407.3,406.8,399.3,385.0,384.7,393.9,403.1,404.2,564.5,549.6,542.1,546.9,542.4,548.4,560.5,589.5,603.1,605.8,603.8,592.0,565.5,558.6,560.4,558.3,562.4,578.0,580.7,578.6,-74.5,-72.8,-69.4,-64.8,-56.5,-43.8,-29.9,-14.3,2.5,19.1,34.9,49.4,61.2,68.8,72.9,75.3,76.2,-61.4,-51.1,-38.2,-25.2,-13.2,9.9,23.3,36.2,49.2,59.2,-0.6,-0.4,-0.2,0.2,-14.1,-6.9,0.2,7.7,14.5,-45.2,-37.0,-27.2,-19.6,-27.8,-37.5,17.9,25.4,35.0,43.0,36.0,26.7,-27.0,-17.1,-6.7,0.7,8.9,19.5,28.9,20.3,10.3,1.4,-6.9,-17.5,-22.4,-6.6,0.9,9.3,24.5,9.4,0.9,-6.9,10.3,31.7,53.1,73.7,92.8,109.0,122.1,131.8,133.8,130.0,118.8,104.1,87.1,67.3,46.6,26.0,5.3,1.3,-5.6,-7.2,-5.6,-1.8,-2.7,-6.9,-8.6,-6.8,-0.5,14.2,25.9,37.5,49.5,59.2,61.3,63.1,61.0,58.8,15.9,11.6,11.7,17.6,19.7,19.5,16.3,10.4,10.2,14.1,17.9,18.3,86.5,79.3,75.7,77.6,75.7,78.6,84.3,96.2,101.6,102.7,102.0,97.5,86.7,82.8,83.4,82.5,85.1,90.9,92.0,91.3,1296.7,1301.8,1307.2,1310.1,1307.4,1303.1,1296.1,1286.0,1282.3,1284.9,1291.5,1295.1,1294.0,1290.8,1286.7,1283.4,1281.2,1260.0,1251.1,1243.8,1237.7,1233.8,1233.5,1236.5,1240.2,1244.4,1249.9,1236.3,1233.4,1230.3,1227.6,1245.0,1241.8,1240.0,1240.6,1241.5,1255.2,1249.9,1248.1,1248.1,1248.9,1251.1,1246.6,1244.3,1244.8,1248.4,1246.0,1245.5,1268.4,1253.9,1246.6,1244.9,1244.6,1250.8,1262.2,1257.1,1253.1,1253.3,1255.2,1260.8,1266.3,1250.5,1248.6,1248.4,1261.0,1250.9,1251.0,1253.0,2.383,0.29,0.071,-0.039,641.509,487.685,-36.211999999999996,5.544,-3.448,1.189,1.297,-7.28,5.015,-9.209,3.065,-4.837,-5.619,2.863,-1.0270000000000001,3.582,-2.637,1.827,1.351,-5.012,1.618,-4.697,0.162,-2.024,-2.0669999999999997,0.157,-2.616,0.9990000000000001,0.9790000000000001,0.975,0.85,0.264,0.501,-0.696,0.39299999999999996,0.149,0.03,0.2,0.08,0.57,0.0,0.0,0.0,0.16,0.04,0.28,0.44,0.0,0.75,0.0,1.71,1.15,0.0,0.0,0.0,1.0,1.0,0.0,0.0,0.0,1.0,0.0,1.0,1.0,0.0,1.0,0.0,1.0,1.0,0.0,0.0
79,2.603,0.98,0.09242,0.270667,-0.958226,-0.08860499999999999,0.29446300000000003,-0.9515459999999999,0.002,0.28800000000000003,549.6,554.4,565.7,576.9,581.4,577.3,565.2,554.0,533.3,540.4,550.9,563.3,575.4,584.7,591.1,584.2,574.1,562.6,550.8,540.6,560.2,565.3,570.4,572.5,570.5,565.5,560.4,558.2,695.9,699.6,710.6,722.5,728.2,724.6,713.6,700.9,685.7,692.0,701.1,713.2,725.2,735.0,742.3,736.0,727.1,716.4,704.6,693.6,706.9,712.7,718.0,719.8,717.0,711.2,705.9,704.1,394.6,383.3,378.7,383.5,395.0,407.0,410.9,406.0,396.0,390.4,386.9,385.5,387.9,393.3,401.0,404.3,405.6,406.1,404.7,401.4,399.6,401.8,399.8,394.7,389.5,387.3,389.4,394.5,393.0,381.1,375.4,379.3,390.4,402.2,407.9,405.1,397.8,390.2,384.7,381.9,383.3,387.0,393.4,398.6,401.6,403.1,403.0,402.0,398.1,400.0,397.2,391.5,386.1,384.2,387.0,392.7,-33.7,-31.8,-27.6,-23.5,-21.8,-23.4,-27.9,-32.0,-39.9,-37.1,-33.2,-28.5,-24.0,-20.6,-18.2,-20.8,-24.5,-28.8,-33.2,-37.1,-29.7,-27.9,-26.0,-25.1,-25.9,-27.7,-29.6,-30.5,20.8,22.1,26.2,30.6,32.8,31.4,27.3,22.6,17.0,19.3,22.7,27.1,31.7,35.3,38.2,35.7,32.3,28.3,23.9,19.9,24.9,27.0,29.0,29.6,28.6,26.5,24.5,23.8,12.9,8.7,6.9,8.8,13.0,17.5,19.0,17.1,13.5,11.3,10.0,9.5,10.4,12.4,15.3,16.5,17.0,17.1,16.7,15.4,14.8,15.6,14.8,12.9,11.0,10.2,10.9,12.8,12.2,7.8,5.7,7.2,11.3,15.7,17.8,16.7,14.1,11.2,9.2,8.1,8.6,10.1,12.5,14.3,15.4,16.0,15.9,15.6,14.2,14.8,13.8,11.7,9.7,9.0,10.0,12.2,1116.6,1116.1,1116.0,1116.4,1117.0,1117.8,1117.6,1117.2,1121.3,1118.7,1116.1,1115.1,1115.9,1117.6,1119.8,1118.3,1116.7,1116.2,1117.0,1119.1,1117.8,1118.0,1117.9,1117.7,1117.5,1117.3,1117.3,1117.5,1113.4,1114.2,1114.8,1114.9,1114.3,1113.5,1112.9,1113.1,1115.0,1113.8,1113.0,1112.8,1114.0,1116.2,1118.6,1115.8,1113.3,1111.9,1111.9,1113.3,1114.2,1114.2,1114.5,1114.9,1115.2,1115.2,1114.9,1114.5,0.6,53.1,1252.9,0.24100000000000002,0.06,-0.037000000000000005,467.8,472.2,480.7,491.7,510.4,539.0,570.6,606.7,646.1,684.9,721.3,754.6,781.9,800.0,809.9,816.2,818.6,494.0,517.9,548.2,579.2,608.2,664.1,696.7,727.7,759.0,782.5,638.6,639.2,639.9,640.9,606.3,623.5,641.0,659.1,675.4,532.1,551.3,574.6,593.1,573.4,550.1,683.4,701.4,724.5,743.7,726.9,704.5,576.5,599.4,624.4,642.1,661.5,687.0,709.0,688.7,664.8,643.8,624.1,598.8,587.4,624.7,642.6,662.4,698.7,662.6,642.5,624.0,383.4,432.4,481.0,527.6,571.5,609.4,641.0,665.8,671.5,662.1,635.1,600.4,561.1,515.6,467.7,419.8,371.3,362.0,345.5,341.6,345.1,354.2,352.0,341.7,337.9,342.1,357.5,393.2,421.7,450.1,479.6,501.2,506.7,511.4,506.1,500.7,397.0,386.7,387.1,401.1,406.2,405.9,398.1,383.7,383.4,392.6,401.8,402.9,563.6,548.5,540.7,545.5,541.0,547.2,559.4,588.3,601.7,604.3,602.4,590.7,564.5,557.4,559.1,557.1,561.3,576.5,579.1,577.0,-74.5,-72.9,-69.4,-64.8,-56.5,-43.9,-30.0,-14.3,2.6,19.3,35.0,49.5,61.3,68.9,73.0,75.5,76.4,-61.4,-50.9,-38.1,-25.1,-13.1,9.9,23.4,36.3,49.4,59.4,-0.6,-0.3,-0.0,0.4,-14.0,-6.8,0.4,7.9,14.7,-45.2,-37.0,-27.2,-19.5,-27.7,-37.5,18.0,25.5,35.1,43.2,36.1,26.8,-26.9,-17.0,-6.5,0.9,8.9,19.6,29.0,20.4,10.3,1.6,-6.7,-17.3,-22.2,-6.4,1.1,9.3,24.7,9.4,1.0,-6.7,10.1,31.4,52.7,73.2,92.2,108.4,121.4,131.1,133.2,129.4,118.5,103.9,86.8,67.0,46.2,25.6,4.8,0.9,-6.1,-7.6,-6.1,-2.4,-3.3,-7.5,-9.1,-7.4,-1.1,13.7,25.4,37.0,49.0,58.6,60.8,62.6,60.5,58.3,15.5,11.1,11.3,17.1,19.3,19.2,15.8,9.8,9.7,13.6,17.4,17.8,86.1,78.8,75.1,77.0,75.1,78.1,83.9,95.7,101.0,102.1,101.4,97.0,86.4,82.3,82.9,82.0,84.7,90.3,91.4,90.6,1297.5,1302.3,1307.5,1310.2,1307.7,1303.5,1296.6,1286.4,1282.6,1285.2,1292.1,1296.1,1295.2,1292.1,1288.0,1284.8,1282.6,1260.7,1252.0,1244.7,1238.7,1234.7,1234.4,1237.6,1241.4,1245.6,1251.1,1237.1,1234.3,1231.1,1228.5,1245.7,1242.5,1240.7,1241.3,1242.2,1256.2,1250.9,1249.1,1249.0,1249.9,1252.0,1247.5,1245.3,1245.9,1249.5,1247.0,1246.4,1268.9,1254.4,1247.1,1245.4,1245.0,1251.4,1262.9,1257.5,1253.3,1253.5,1255.5,1261.1,1266.8,1250.9,1249.0,1248.8,1261.6,1251.1,1251.3,1253.3,2.381,0.285,0.068,-0.039,641.735,486.45599999999996,-35.185,4.717,-3.764,1.2830000000000001,1.1,-7.474,4.7860000000000005,-8.797,2.9010000000000002,-4.877,-5.725,2.9339999999999997,-1.2329999999999999,3.491,-2.639,2.184,1.7209999999999999,-4.968999999999999,1.7180000000000002,-4.6819999999999995,0.13699999999999998,-1.805,-1.844,0.075,-2.8930000000000002,1.11,0.843,0.9540000000000001,0.831,0.135,0.508,-0.695,0.397,0.131,0.04,0.2,0.07,0.6,0.0,0.05,0.0,0.14,0.01,0.22,0.48,0.0,0.69,0.0,1.67,1.1,0.0,0.0,0.0,1.0,1.0,0.0,0.0,0.0,0.0,0.0,1.0,1.0,0.0,1.0,0.0,1.0,1.0,0.0,0.0
80,2.636,0.98,0.090713,0.269982,-0.958583,-0.089987,0.306066,-0.9477479999999999,0.0,0.293,550.0,554.9,566.3,577.4,581.8,577.7,565.6,554.4,534.3,541.1,551.3,563.6,575.8,585.1,591.7,584.6,574.5,562.9,551.3,541.3,560.8,565.8,570.8,572.9,571.0,566.1,561.0,558.9,696.4,700.2,711.1,722.7,728.3,724.5,713.6,701.2,686.1,692.3,701.3,713.4,725.7,735.6,742.8,736.3,727.3,716.5,704.7,693.9,707.1,712.9,718.3,720.1,717.4,711.6,706.2,704.3,393.2,382.0,377.5,382.4,393.8,405.8,409.6,404.7,394.7,389.1,385.8,384.4,386.8,392.1,399.7,403.0,404.3,404.7,403.3,400.0,398.2,400.4,398.4,393.4,388.4,386.2,388.2,393.1,391.9,380.2,374.6,378.5,389.5,401.3,406.9,403.9,396.5,389.0,383.6,380.7,382.0,385.7,392.0,397.2,400.3,401.8,401.7,400.6,397.1,399.0,396.2,390.4,384.9,383.0,385.7,391.6,-33.6,-31.8,-27.5,-23.4,-21.7,-23.3,-27.8,-32.0,-39.7,-37.0,-33.1,-28.5,-24.0,-20.5,-18.1,-20.7,-24.5,-28.8,-33.1,-37.0,-29.6,-27.8,-25.9,-25.1,-25.8,-27.6,-29.5,-30.3,21.0,22.5,26.5,30.9,33.0,31.5,27.5,22.8,17.2,19.5,22.8,27.3,32.0,35.7,38.5,36.0,32.6,28.5,24.1,20.1,25.0,27.2,29.2,29.9,28.9,26.7,24.7,24.0,12.4,8.2,6.5,8.4,12.6,17.1,18.5,16.7,13.0,10.9,9.6,9.1,10.0,12.0,14.9,16.1,16.6,16.7,16.2,15.0,14.3,15.1,14.4,12.5,10.6,9.8,10.5,12.4,11.9,7.5,5.4,6.9,11.0,15.4,17.5,16.4,13.6,10.8,8.8,7.7,8.2,9.6,12.0,13.9,15.0,15.6,15.5,15.1,13.8,14.6,13.5,11.4,9.3,8.6,9.6,11.8,1121.0,1120.4,1120.2,1120.5,1121.2,1122.2,1122.0,1121.7,1125.8,1123.1,1120.4,1119.2,1120.0,1121.7,1123.8,1122.5,1121.0,1120.5,1121.5,1123.6,1122.2,1122.3,1122.3,1122.0,1121.7,1121.5,1121.6,1121.9,1119.2,1119.6,1120.0,1120.1,1119.9,1119.4,1119.0,1119.2,1121.1,1119.7,1118.7,1118.4,1119.6,1121.9,1124.5,1121.7,1119.3,1117.9,1118.0,1119.5,1120.0,1120.1,1120.3,1120.5,1120.7,1120.6,1120.4,1120.2,0.8,52.6,1252.6,0.23600000000000002,0.059000000000000004,-0.037000000000000005,468.0,472.3,480.7,491.7,510.4,539.1,570.9,607.4,647.0,685.8,722.0,755.1,782.2,800.1,809.9,816.2,818.6,494.4,518.3,548.5,579.6,608.7,664.9,697.6,728.7,759.9,783.1,639.2,639.7,640.4,641.4,606.9,624.0,641.4,659.5,675.7,532.7,551.8,575.1,593.6,573.9,550.7,683.7,701.8,724.8,743.9,727.2,704.8,577.1,600.0,625.0,642.5,661.6,687.1,709.0,688.8,665.0,644.2,624.7,599.4,588.1,625.3,643.0,662.6,698.6,662.7,642.9,624.6,382.3,431.2,479.8,526.5,570.5,608.7,640.5,665.3,670.9,661.2,633.9,599.3,560.1,514.8,467.2,419.6,371.4,361.1,344.3,340.2,343.7,352.9,350.7,340.3,336.5,340.9,356.4,391.8,420.3,448.7,478.2,500.0,505.4,510.0,504.7,499.2,395.8,385.5,385.9,399.8,404.9,404.6,396.7,382.5,382.2,391.3,400.4,401.5,562.7,547.3,539.4,544.2,539.6,545.9,558.3,587.2,600.4,603.1,601.2,589.8,563.5,556.3,557.9,555.9,560.3,574.9,577.5,575.5,-74.4,-72.8,-69.4,-64.8,-56.5,-43.8,-29.8,-14.0,3.0,19.6,35.3,49.7,61.4,69.0,72.9,75.5,76.4,-61.2,-50.8,-38.0,-24.9,-12.9,10.3,23.8,36.7,49.8,59.7,-0.4,-0.1,0.2,0.6,-13.7,-6.6,0.6,8.1,14.8,-44.9,-36.8,-27.0,-19.3,-27.5,-37.3,18.2,25.7,35.2,43.3,36.2,26.9,-26.6,-16.7,-6.2,1.0,9.0,19.6,29.0,20.4,10.4,1.8,-6.4,-17.0,-21.9,-6.1,1.3,9.4,24.6,9.5,1.2,-6.4,9.6,30.9,52.2,72.7,91.8,108.0,121.2,130.8,132.9,129.0,117.9,103.3,86.4,66.7,46.0,25.5,4.9,0.5,-6.5,-8.2,-6.7,-2.9,-3.8,-8.1,-9.7,-7.9,-1.5,13.1,24.8,36.4,48.4,58.1,60.2,62.0,59.9,57.6,15.0,10.6,10.8,16.6,18.7,18.6,15.3,9.3,9.2,13.0,16.8,17.3,85.7,78.3,74.6,76.4,74.5,77.5,83.5,95.2,100.4,101.5,100.9,96.5,85.9,81.8,82.4,81.5,84.2,89.6,90.7,90.0,1297.3,1302.3,1307.4,1310.2,1307.5,1303.2,1296.1,1285.7,1281.9,1284.7,1291.7,1295.7,1295.0,1292.0,1287.9,1284.7,1282.5,1260.6,1252.0,1244.7,1238.7,1234.7,1234.3,1237.6,1241.5,1245.9,1251.6,1237.0,1234.1,1231.0,1228.3,1245.3,1242.3,1240.4,1241.1,1242.1,1256.0,1250.8,1249.0,1248.9,1249.7,1251.9,1247.6,1245.4,1246.0,1249.6,1247.0,1246.5,1268.3,1253.8,1246.4,1244.9,1244.5,1250.8,1262.4,1256.9,1252.7,1252.9,1254.8,1260.4,1266.2,1250.4,1248.5,1248.3,1261.1,1250.5,1250.6,1252.6,2.3819999999999997,0.27899999999999997,0.067,-0.038,642.141,485.30199999999996,-34.51,5.518,-4.213,1.3780000000000001,0.706,-7.731,4.754,-8.463,2.9160000000000004,-5.132999999999999,-5.827000000000001,2.634,-1.168,3.3369999999999997,-1.976,2.557,1.444,-4.6530000000000005,1.867,-4.5169999999999995,0.275,-2.115,-1.643,0.076,-3.02,1.077,0.941,0.919,0.8170000000000001,0.14400000000000002,0.47700000000000004,-0.7659999999999999,0.376,0.125,0.04,0.22,0.03,0.59,0.0,0.05,0.0,0.11,0.01,0.17,0.47,0.0,0.68,0.0,1.64,1.13,0.0,0.0,0.0,1.0,1.0,0.0,0.0,0.0,0.0,0.0,1.0,1.0,0.0,1.0,0.0,1.0,1.0,0.0,0.0
81,2.6689999999999996,0.98,0.085924,0.26517399999999997,-0.9603649999999999,-0.08809700000000001,0.30289099999999997,-0.948945,-0.001,0.289,550.4,555.3,566.6,577.8,582.2,578.2,566.1,554.9,535.1,541.8,552.0,564.2,576.4,585.7,592.1,585.0,575.0,563.5,552.0,542.1,561.2,566.2,571.3,573.4,571.4,566.4,561.4,559.2,697.1,700.7,711.4,723.0,728.7,725.0,714.3,701.9,686.8,692.8,701.7,713.7,726.1,736.1,743.3,736.9,727.7,716.8,705.0,694.3,707.8,713.5,718.7,720.5,717.8,712.1,706.9,705.1,392.4,381.1,376.6,381.5,392.9,404.8,408.7,403.8,394.0,388.3,385.0,383.5,385.8,391.2,399.0,402.1,403.4,403.9,402.5,399.2,397.4,399.5,397.5,392.5,387.4,385.2,387.2,392.2,390.9,379.2,373.5,377.2,388.1,399.8,405.5,402.7,395.2,387.8,382.4,379.6,380.8,384.4,390.6,395.9,399.1,400.7,400.5,399.4,395.7,397.5,394.7,389.0,383.6,381.8,384.6,390.3,-33.6,-31.8,-27.5,-23.3,-21.7,-23.2,-27.8,-31.9,-39.5,-36.9,-33.0,-28.4,-23.8,-20.4,-18.0,-20.6,-24.4,-28.7,-33.0,-36.8,-29.6,-27.7,-25.8,-25.0,-25.7,-27.6,-29.5,-30.3,21.4,22.8,26.8,31.2,33.3,31.9,27.9,23.3,17.6,19.9,23.2,27.7,32.4,36.2,39.0,36.5,33.0,28.8,24.4,20.4,25.5,27.6,29.6,30.3,29.2,27.1,25.1,24.5,12.1,7.9,6.2,8.0,12.3,16.8,18.3,16.4,12.8,10.6,9.4,8.8,9.7,11.7,14.7,15.8,16.3,16.4,15.9,14.7,14.0,14.8,14.1,12.2,10.3,9.4,10.2,12.1,11.6,7.2,5.1,6.5,10.5,14.9,17.1,16.0,13.2,10.4,8.4,7.3,7.8,9.2,11.5,13.5,14.7,15.3,15.2,14.8,13.4,14.1,13.0,10.9,8.9,8.2,9.3,11.4,1125.0,1124.4,1124.1,1124.4,1125.1,1126.0,1125.9,1125.6,1129.7,1127.0,1124.3,1123.1,1123.9,1125.6,1127.7,1126.4,1124.9,1124.5,1125.4,1127.5,1126.1,1126.3,1126.2,1125.9,1125.6,1125.5,1125.6,1125.8,1126.9,1127.2,1127.4,1127.4,1127.3,1127.0,1126.8,1127.1,1129.2,1127.7,1126.4,1125.9,1127.1,1129.4,1131.9,1129.3,1127.1,1125.8,1126.1,1127.6,1127.8,1127.8,1127.9,1128.0,1128.1,1128.1,1128.0,1127.9,1.0,52.2,1253.9,0.23199999999999998,0.057999999999999996,-0.038,468.2,472.7,481.4,492.5,511.3,540.1,571.8,608.1,647.5,686.2,722.3,755.4,782.5,800.3,810.2,816.5,819.0,494.7,518.5,548.7,579.9,609.0,665.3,697.8,728.7,760.0,783.3,639.8,640.4,641.1,642.1,607.4,624.6,642.1,660.3,676.6,533.3,552.4,575.8,594.2,574.5,551.3,684.2,702.2,725.2,744.4,727.6,705.3,577.7,600.6,625.8,643.1,662.2,687.6,709.8,689.4,665.5,644.9,625.4,600.1,588.6,626.0,643.7,663.1,699.4,663.3,643.6,625.4,381.8,430.9,479.7,526.5,570.6,608.6,640.1,664.4,669.9,660.3,633.1,598.4,559.3,514.1,466.5,418.8,370.6,360.6,343.6,339.3,342.6,351.7,349.5,339.1,335.2,339.4,354.9,390.6,419.0,447.3,476.7,498.8,504.2,508.7,503.4,497.9,395.1,384.7,385.1,398.9,404.0,403.8,395.5,381.3,380.9,390.1,399.2,400.4,561.9,546.3,538.3,543.0,538.4,544.8,557.3,586.2,599.4,602.1,600.3,588.9,562.7,555.4,556.9,554.9,559.3,573.8,576.4,574.5,-74.4,-72.7,-69.2,-64.5,-56.1,-43.4,-29.5,-13.7,3.2,19.8,35.5,49.9,61.5,69.1,73.1,75.7,76.6,-61.1,-50.7,-37.9,-24.9,-12.8,10.4,23.9,36.8,49.9,59.9,-0.1,0.1,0.4,0.9,-13.6,-6.4,0.9,8.4,15.2,-44.7,-36.5,-26.8,-19.1,-27.3,-37.1,18.4,25.9,35.4,43.5,36.5,27.1,-26.4,-16.5,-5.9,1.3,9.2,19.9,29.4,20.7,10.7,2.1,-6.1,-16.8,-21.7,-5.8,1.5,9.6,25.0,9.7,1.5,-6.1,9.4,30.8,52.2,72.8,91.8,108.1,121.1,130.6,132.5,128.7,117.7,103.0,86.1,66.4,45.8,25.2,4.5,0.2,-6.9,-8.6,-7.2,-3.4,-4.3,-8.6,-10.3,-8.6,-2.1,12.6,24.3,35.9,47.8,57.7,59.8,61.6,59.4,57.1,14.7,10.3,10.4,16.2,18.4,18.3,14.8,8.8,8.7,12.5,16.3,16.8,85.5,78.0,74.2,76.0,74.1,77.1,83.1,94.8,100.1,101.2,100.6,96.3,85.7,81.5,82.0,81.2,83.9,89.2,90.3,89.6,1298.8,1303.6,1308.7,1311.3,1308.6,1304.3,1297.2,1286.8,1282.9,1285.6,1292.5,1296.6,1295.9,1292.9,1288.9,1285.9,1284.0,1262.0,1253.4,1246.1,1240.2,1236.3,1236.1,1239.4,1243.2,1247.5,1253.0,1238.5,1235.6,1232.5,1229.8,1246.7,1243.6,1241.7,1242.5,1243.4,1257.3,1252.2,1250.4,1250.2,1251.0,1253.1,1249.0,1246.9,1247.5,1251.1,1248.5,1247.9,1269.8,1255.2,1247.7,1246.2,1245.8,1252.2,1263.9,1258.1,1253.9,1254.0,1256.0,1261.7,1267.6,1251.7,1249.8,1249.6,1262.6,1251.7,1251.8,1253.8,2.379,0.275,0.066,-0.039,642.6759999999999,484.348,-35.399,5.854,-4.152,1.215,0.9840000000000001,-7.672000000000001,4.703,-8.565,2.91,-5.006,-5.9479999999999995,3.42,-1.287,3.471,-2.208,2.654,1.7480000000000002,-4.742,1.96,-4.448,0.33299999999999996,-2.432,-1.494,-0.12300000000000001,-3.033,1.151,0.8420000000000001,0.8009999999999999,0.857,0.132,0.455,-0.754,0.39799999999999996,0.125,0.06,0.32,0.07,0.65,0.0,0.05,0.0,0.11,0.01,0.15,0.5,0.0,0.64,0.0,1.61,1.05,0.0,0.0,0.0,1.0,1.0,0.0,0.0,0.0,0.0,0.0,1.0,1.0,0.0,1.0,0.0,1.0,1.0,0.0,0.0
82,2.7030000000000003,0.98,0.092252,0.271895,-0.957895,-0.085953,0.296648,-0.951111,0.003,0.289,550.9,555.9,567.2,578.2,582.5,578.4,566.3,555.3,535.1,541.9,552.2,564.6,576.7,585.9,592.2,585.2,575.2,563.8,552.3,542.3,561.6,566.5,571.5,573.7,571.8,566.9,561.9,559.7,697.2,700.8,711.7,723.5,729.3,725.7,714.8,702.2,687.0,693.2,702.2,714.1,726.4,736.3,743.7,737.3,728.2,717.3,705.5,694.6,708.1,713.9,719.3,721.1,718.2,712.4,707.0,705.2,391.8,380.7,376.3,381.2,392.5,404.4,408.1,403.2,393.3,387.7,384.3,382.9,385.3,390.7,398.5,401.5,402.8,403.2,401.8,398.4,396.8,398.9,397.0,392.0,387.0,384.8,386.8,391.7,390.1,378.3,372.6,376.2,387.2,399.0,404.7,402.0,394.6,387.1,381.7,378.8,380.1,383.8,390.2,395.4,398.4,399.9,399.8,398.8,395.2,397.0,394.2,388.3,382.9,381.1,383.9,389.7,-33.4,-31.6,-27.3,-23.2,-21.6,-23.2,-27.7,-31.8,-39.6,-36.9,-32.9,-28.3,-23.8,-20.3,-18.0,-20.6,-24.3,-28.6,-33.0,-36.8,-29.5,-27.6,-25.7,-24.9,-25.6,-27.5,-29.4,-30.2,21.3,22.7,26.8,31.1,33.3,31.9,27.9,23.2,17.5,19.8,23.2,27.6,32.2,36.0,38.8,36.3,32.9,28.8,24.4,20.4,25.4,27.6,29.6,30.3,29.2,27.0,25.0,24.3,11.9,7.8,6.1,8.0,12.2,16.7,18.1,16.2,12.6,10.4,9.1,8.6,9.5,11.5,14.5,15.6,16.1,16.2,15.7,14.5,13.8,14.6,13.9,12.0,10.1,9.3,10.1,11.9,11.2,6.8,4.7,6.1,10.1,14.5,16.7,15.7,12.9,10.1,8.1,7.0,7.5,8.9,11.3,13.2,14.3,14.9,14.8,14.5,13.1,13.8,12.7,10.6,8.6,7.9,8.9,11.1,1126.5,1125.8,1125.6,1126.0,1126.8,1127.8,1127.7,1127.3,1131.2,1128.4,1125.7,1124.6,1125.4,1127.2,1129.5,1128.1,1126.6,1126.1,1127.0,1129.1,1127.7,1127.9,1127.8,1127.5,1127.2,1127.0,1127.1,1127.4,1118.2,1118.9,1119.4,1119.3,1118.8,1118.1,1117.6,1117.9,1120.1,1118.9,1118.0,1117.7,1118.7,1120.9,1123.2,1120.4,1118.0,1116.6,1116.8,1118.4,1118.9,1118.9,1119.1,1119.5,1119.7,1119.8,1119.5,1119.2,1.3,51.9,1252.4,0.23199999999999998,0.055999999999999994,-0.039,468.4,472.7,481.3,492.6,511.6,540.6,572.5,608.9,648.6,687.3,723.3,756.2,783.1,800.9,810.7,816.8,819.1,495.5,519.4,549.4,580.3,609.2,666.1,698.6,729.4,760.3,783.4,640.1,640.7,641.5,642.6,608.0,625.2,642.7,660.8,677.1,533.5,552.6,575.9,594.4,574.8,551.5,684.6,702.6,725.6,744.7,728.0,705.7,578.5,601.2,626.2,643.8,663.1,688.6,710.4,690.5,666.6,645.8,626.1,600.8,589.5,626.5,644.4,664.0,700.0,664.3,644.4,626.0,381.2,430.2,479.0,525.7,569.8,607.9,639.4,663.9,669.4,659.8,632.7,598.0,558.9,513.6,466.0,418.2,369.9,359.3,342.6,338.5,341.9,350.8,348.5,338.1,334.2,338.4,353.8,390.0,418.3,446.5,475.8,498.1,503.4,508.0,502.7,497.2,394.5,384.1,384.4,398.2,403.4,403.2,394.9,380.6,380.3,389.4,398.5,399.7,561.8,546.0,537.8,542.4,537.8,544.3,557.1,585.8,599.1,601.8,600.0,588.6,562.6,554.9,556.3,554.3,558.9,573.5,576.1,574.2,-74.2,-72.6,-69.1,-64.4,-55.9,-43.2,-29.2,-13.3,3.7,20.3,35.9,50.2,61.8,69.3,73.3,75.7,76.6,-60.7,-50.3,-37.6,-24.7,-12.7,10.7,24.2,37.0,50.0,59.8,0.0,0.3,0.6,1.1,-13.3,-6.1,1.1,8.6,15.3,-44.6,-36.4,-26.7,-19.0,-27.2,-36.9,18.6,26.0,35.6,43.6,36.6,27.3,-26.0,-16.2,-5.7,1.6,9.6,20.2,29.6,21.1,11.1,2.4,-5.8,-16.5,-21.3,-5.6,1.8,10.0,25.2,10.1,1.8,-5.9,9.2,30.5,51.8,72.3,91.4,107.6,120.7,130.2,132.2,128.4,117.4,102.8,85.8,66.1,45.5,24.9,4.2,-0.3,-7.3,-8.9,-7.5,-3.8,-4.7,-9.0,-10.7,-9.0,-2.6,12.4,24.0,35.5,47.4,57.3,59.4,61.2,59.0,56.8,14.4,10.1,10.2,15.9,18.1,18.0,14.5,8.6,8.4,12.2,16.0,16.5,85.3,77.7,73.8,75.7,73.7,76.8,82.9,94.6,99.8,101.0,100.4,96.0,85.5,81.2,81.7,80.8,83.6,89.0,90.1,89.4,1297.0,1301.9,1307.0,1309.8,1307.0,1302.7,1295.6,1285.3,1281.5,1284.2,1291.2,1295.4,1294.7,1291.8,1287.6,1284.5,1282.5,1260.0,1251.6,1244.5,1238.7,1234.9,1234.5,1237.9,1241.8,1246.2,1251.7,1237.1,1234.2,1231.0,1228.2,1245.2,1242.2,1240.3,1241.0,1242.0,1255.8,1250.7,1249.0,1248.8,1249.6,1251.7,1247.6,1245.5,1246.2,1249.8,1247.2,1246.5,1268.0,1253.3,1246.1,1244.5,1244.2,1250.6,1262.3,1256.7,1252.5,1252.6,1254.5,1260.1,1265.8,1250.0,1248.2,1248.0,1261.0,1250.3,1250.4,1252.3,2.3819999999999997,0.275,0.063,-0.04,643.2280000000001,483.736,-35.339,5.867000000000001,-4.391,1.574,0.574,-8.17,4.923,-7.832999999999999,2.7969999999999997,-5.144,-5.876,3.034,-1.2830000000000001,3.145,-2.204,2.87,1.435,-4.736000000000001,1.9240000000000002,-4.876,0.17600000000000002,-1.9909999999999999,-1.609,-0.102,-2.81,1.101,0.767,0.9,0.847,0.149,0.457,-0.8109999999999999,0.348,0.113,0.02,0.28,0.04,0.71,0.0,0.0,0.0,0.14,0.01,0.19,0.5,0.0,0.69,0.0,1.62,0.98,0.0,0.0,0.0,1.0,1.0,0.0,0.0,0.0,0.0,0.0,1.0,1.0,0.0,1.0,0.0,1.0,1.0,0.0,0.0
83,2.736,0.98,0.09375900000000001,0.27252,-0.957571,-0.090848,0.287693,-0.9534040000000001,0.002,0.285,551.2,556.1,567.5,578.6,583.0,578.8,566.8,555.6,535.1,542.2,552.8,565.1,577.2,586.3,592.7,585.7,575.7,564.3,552.6,542.4,561.9,566.9,571.9,574.0,572.1,567.2,562.2,560.0,697.5,701.2,712.1,724.0,729.7,726.0,715.0,702.5,687.4,693.5,702.5,714.7,727.2,737.2,744.5,738.1,728.9,717.9,706.0,695.1,708.5,714.2,719.6,721.4,718.6,712.8,707.5,705.7,391.8,380.4,375.9,380.8,392.3,404.3,408.1,403.3,393.1,387.5,384.1,382.7,385.1,390.4,398.1,401.4,402.7,403.2,401.8,398.4,396.8,398.9,396.9,391.9,386.8,384.7,386.7,391.7,389.5,377.6,371.8,375.6,386.6,398.6,404.3,401.5,394.2,386.7,381.4,378.5,379.8,383.3,389.6,394.8,398.0,399.6,399.5,398.3,394.4,396.2,393.4,387.6,382.3,380.4,383.2,389.0,-33.2,-31.4,-27.1,-23.0,-21.3,-22.9,-27.4,-31.6,-39.4,-36.6,-32.6,-28.0,-23.5,-20.1,-17.7,-20.3,-24.0,-28.3,-32.7,-36.6,-29.2,-27.4,-25.5,-24.7,-25.4,-27.3,-29.1,-29.9,21.3,22.7,26.8,31.1,33.3,31.9,27.8,23.2,17.6,19.9,23.2,27.7,32.3,36.1,38.9,36.4,32.9,28.9,24.4,20.4,25.4,27.5,29.5,30.2,29.2,27.0,25.1,24.4,11.9,7.6,5.9,7.8,12.1,16.6,18.0,16.2,12.4,10.3,9.0,8.5,9.4,11.4,14.3,15.5,16.0,16.1,15.6,14.4,13.8,14.6,13.8,11.9,10.0,9.2,10.0,11.9,10.9,6.5,4.4,5.8,9.9,14.3,16.4,15.4,12.7,9.9,7.9,6.9,7.4,8.7,11.0,12.9,14.1,14.7,14.6,14.2,12.8,13.4,12.4,10.3,8.3,7.6,8.6,10.8,1121.8,1121.3,1121.3,1121.7,1122.4,1123.2,1122.9,1122.4,1126.3,1123.6,1121.1,1120.1,1121.1,1122.8,1125.0,1123.5,1121.9,1121.3,1122.1,1124.1,1123.1,1123.2,1123.2,1123.0,1122.7,1122.6,1122.6,1122.8,1112.3,1112.7,1113.0,1112.9,1112.7,1112.2,1112.0,1112.2,1114.3,1112.9,1111.8,1111.3,1112.4,1114.6,1117.1,1114.5,1112.2,1110.9,1111.1,1112.7,1113.1,1113.1,1113.2,1113.4,1113.5,1113.5,1113.4,1113.2,1.5,51.8,1251.0,0.231,0.053,-0.039,468.3,472.8,481.7,493.2,512.4,541.5,573.4,609.5,648.9,687.8,723.9,756.7,783.4,801.0,810.7,816.9,819.0,495.6,519.8,550.1,581.2,610.2,666.2,698.4,729.2,760.2,783.4,640.8,641.4,642.2,643.2,608.5,625.8,643.2,661.4,677.7,533.7,553.0,576.3,594.9,575.1,551.9,685.1,703.2,726.2,745.4,728.6,706.2,579.0,601.6,626.6,644.3,663.8,689.2,710.8,691.0,667.3,646.2,626.4,601.2,589.9,626.9,644.9,664.8,700.3,665.1,644.9,626.3,380.3,429.7,478.9,526.0,570.2,608.2,639.6,663.7,669.0,659.5,632.3,597.6,558.5,513.3,465.9,418.1,369.8,359.3,342.4,338.3,341.8,350.9,348.5,338.0,334.0,338.0,353.4,389.6,418.1,446.5,476.0,498.1,503.5,508.0,502.7,497.2,394.2,383.9,384.2,398.0,403.2,403.0,394.6,380.3,379.9,389.0,398.2,399.4,561.7,545.7,537.5,542.2,537.4,544.0,556.9,585.5,598.9,601.7,599.9,588.5,562.4,554.6,556.1,553.9,558.8,573.2,576.0,574.1,-74.2,-72.5,-68.9,-64.1,-55.5,-42.7,-28.7,-13.1,3.8,20.4,36.1,50.4,61.9,69.3,73.2,75.7,76.5,-60.6,-50.1,-37.3,-24.3,-12.3,10.8,24.1,36.9,49.9,59.8,0.3,0.6,0.9,1.3,-13.1,-5.9,1.3,8.8,15.6,-44.4,-36.2,-26.5,-18.7,-27.0,-36.7,18.7,26.2,35.8,43.9,36.8,27.5,-25.7,-16.0,-5.6,1.8,9.9,20.5,29.7,21.3,11.4,2.6,-5.7,-16.3,-21.1,-5.5,2.0,10.3,25.3,10.5,2.1,-5.7,8.8,30.2,51.7,72.4,91.5,107.7,120.6,130.0,131.8,128.1,117.1,102.5,85.6,66.0,45.4,24.9,4.2,-0.3,-7.3,-9.0,-7.5,-3.7,-4.7,-9.1,-10.7,-9.1,-2.7,12.2,23.9,35.5,47.4,57.3,59.3,61.1,59.0,56.7,14.3,10.0,10.1,15.8,18.0,17.9,14.4,8.4,8.3,12.1,15.9,16.3,85.1,77.5,73.6,75.5,73.5,76.6,82.8,94.3,99.6,100.8,100.2,95.9,85.3,81.0,81.5,80.6,83.5,88.8,89.9,89.3,1296.0,1300.8,1306.0,1308.7,1306.0,1301.5,1294.1,1283.8,1280.1,1283.0,1290.3,1294.6,1293.8,1291.0,1286.9,1284.0,1282.2,1258.7,1250.3,1243.2,1237.4,1233.5,1233.4,1236.8,1240.7,1245.1,1250.7,1235.9,1232.9,1229.6,1226.7,1243.8,1240.7,1238.8,1239.5,1240.6,1254.4,1249.2,1247.5,1247.4,1248.2,1250.2,1246.5,1244.4,1245.1,1248.8,1246.1,1245.4,1266.3,1251.7,1244.5,1243.0,1242.8,1249.2,1260.8,1255.2,1251.0,1251.1,1253.0,1258.5,1264.1,1248.5,1246.6,1246.6,1259.5,1248.9,1248.9,1250.8,2.384,0.27399999999999997,0.06,-0.04,643.674,483.556,-33.835,6.582999999999999,-4.257,2.062,0.452,-7.956,5.627999999999999,-7.497999999999999,2.412,-5.206,-5.534,3.053,-0.924,3.86,-2.6039999999999996,2.508,1.402,-4.625,1.6980000000000002,-4.949,0.4,-1.77,-1.568,-0.033,-2.5340000000000003,1.077,0.89,0.737,0.865,0.12,0.452,-0.698,0.35100000000000003,0.11199999999999999,0.02,0.32,0.11,0.76,0.0,0.0,0.0,0.22,0.0,0.21,0.51,0.0,0.6,0.0,1.62,0.91,0.0,0.0,0.0,1.0,1.0,0.0,0.0,0.0,0.0,0.0,1.0,1.0,0.0,1.0,0.0,1.0,1.0,0.0,0.0
84,2.7689999999999997,0.98,0.095624,0.26703699999999997,-0.95893,-0.089254,0.29265399999999997,-0.952044,0.003,0.285,551.4,556.3,567.7,578.9,583.4,579.2,567.0,555.8,535.4,542.4,552.9,565.2,577.3,586.5,592.9,585.9,575.9,564.5,552.9,542.7,562.1,567.1,572.2,574.5,572.5,567.5,562.3,560.1,697.7,701.4,712.3,724.0,729.7,726.1,715.1,702.6,687.6,693.7,702.7,714.8,727.1,736.9,744.2,737.9,728.9,718.1,706.2,695.3,708.5,714.3,719.7,721.5,718.7,712.9,707.6,705.7,391.6,380.3,375.7,380.6,392.1,404.1,408.0,403.1,393.0,387.5,384.2,382.7,385.1,390.4,398.3,401.3,402.7,403.1,401.7,398.2,396.6,398.8,396.7,391.7,386.5,384.3,386.4,391.4,389.5,377.7,371.9,375.7,386.7,398.6,404.3,401.5,394.0,386.6,381.3,378.5,379.7,383.2,389.5,394.8,398.0,399.6,399.5,398.3,394.5,396.3,393.5,387.7,382.3,380.4,383.2,389.1,-33.1,-31.2,-27.0,-22.8,-21.1,-22.7,-27.3,-31.4,-39.2,-36.5,-32.5,-27.9,-23.4,-20.0,-17.6,-20.2,-23.9,-28.2,-32.5,-36.4,-29.1,-27.2,-25.3,-24.5,-25.2,-27.1,-29.0,-29.8,21.5,22.9,27.0,31.3,33.5,32.1,28.0,23.3,17.8,20.0,23.3,27.8,32.5,36.2,39.0,36.6,33.1,29.1,24.7,20.6,25.6,27.7,29.7,30.4,29.4,27.2,25.2,24.5,11.8,7.6,5.9,7.7,12.0,16.5,17.9,16.1,12.4,10.3,9.0,8.5,9.3,11.4,14.3,15.4,15.9,16.1,15.6,14.3,13.7,14.5,13.7,11.8,9.9,9.1,9.8,11.7,11.0,6.6,4.5,5.9,10.0,14.4,16.5,15.5,12.7,9.9,7.9,6.9,7.4,8.7,11.0,13.0,14.2,14.7,14.7,14.3,12.9,13.6,12.5,10.3,8.3,7.6,8.7,10.8,1119.3,1118.7,1118.6,1119.1,1119.8,1120.8,1120.6,1120.1,1123.8,1121.2,1118.6,1117.6,1118.5,1120.3,1122.5,1121.1,1119.5,1118.9,1119.8,1121.8,1120.6,1120.8,1120.8,1120.5,1120.2,1120.0,1120.0,1120.3,1118.1,1118.6,1119.0,1119.0,1118.7,1118.2,1117.8,1118.0,1120.1,1118.7,1117.7,1117.3,1118.5,1120.7,1123.1,1120.5,1118.2,1116.8,1117.0,1118.5,1118.9,1119.0,1119.1,1119.4,1119.5,1119.5,1119.4,1119.1,1.5,51.7,1251.9,0.231,0.054000000000000006,-0.038,468.6,473.0,481.8,493.1,512.1,541.0,572.9,609.3,649.1,688.2,724.4,757.3,783.8,801.1,810.6,816.8,819.0,495.8,519.8,550.0,581.0,610.1,666.6,699.0,729.7,760.7,783.7,640.9,641.5,642.3,643.3,608.7,625.9,643.3,661.4,677.7,534.0,553.2,576.5,595.1,575.3,552.1,685.2,703.2,726.3,745.4,728.6,706.3,579.0,601.6,626.6,644.3,663.7,689.1,710.8,691.0,667.2,646.2,626.4,601.1,590.0,627.0,644.9,664.7,700.4,665.0,644.9,626.4,380.1,429.2,478.2,525.1,569.4,607.5,639.1,663.5,669.0,659.3,631.9,597.1,558.0,513.1,465.9,418.4,370.4,359.5,342.5,338.3,341.7,350.9,348.4,337.9,333.9,338.0,353.4,389.6,418.0,446.3,475.7,497.9,503.2,507.8,502.5,497.0,394.2,383.9,384.2,398.0,403.1,402.9,394.5,380.2,379.8,388.9,398.1,399.2,561.6,545.6,537.3,542.0,537.3,543.9,556.9,585.5,599.0,601.8,600.0,588.6,562.3,554.6,556.0,554.0,558.7,573.1,575.9,574.0,-74.1,-72.5,-68.9,-64.1,-55.7,-43.0,-29.0,-13.2,3.9,20.6,36.3,50.6,62.1,69.4,73.2,75.7,76.5,-60.6,-50.1,-37.3,-24.3,-12.3,10.9,24.3,37.1,50.1,60.0,0.4,0.6,0.9,1.4,-13.0,-5.8,1.4,8.8,15.6,-44.3,-36.2,-26.4,-18.7,-26.9,-36.7,18.8,26.3,35.8,43.9,36.8,27.5,-25.8,-16.0,-5.6,1.8,9.8,20.5,29.8,21.3,11.4,2.6,-5.7,-16.3,-21.1,-5.4,2.0,10.3,25.4,10.4,2.0,-5.7,8.7,30.0,51.5,72.1,91.2,107.4,120.5,130.0,131.9,128.1,117.0,102.4,85.5,65.9,45.4,25.0,4.4,-0.2,-7.3,-9.0,-7.5,-3.8,-4.8,-9.1,-10.8,-9.1,-2.8,12.2,23.9,35.4,47.3,57.2,59.3,61.1,58.9,56.7,14.3,10.0,10.1,15.8,18.0,17.9,14.3,8.4,8.2,12.0,15.8,16.3,85.2,77.5,73.6,75.5,73.5,76.6,82.8,94.4,99.7,100.9,100.3,96.0,85.3,81.0,81.5,80.7,83.5,88.8,89.9,89.3,1296.7,1301.6,1306.8,1309.6,1306.9,1302.4,1295.1,1284.7,1280.9,1283.7,1290.9,1295.2,1294.5,1291.6,1287.5,1284.5,1282.7,1259.5,1251.1,1244.0,1238.2,1234.4,1234.3,1237.7,1241.6,1246.1,1251.7,1236.7,1233.7,1230.5,1227.7,1244.7,1241.7,1239.8,1240.5,1241.6,1255.2,1250.0,1248.4,1248.3,1249.0,1251.1,1247.4,1245.3,1246.0,1249.6,1247.0,1246.4,1267.2,1252.6,1245.3,1243.8,1243.6,1250.0,1261.7,1256.1,1251.9,1252.0,1253.9,1259.4,1265.0,1249.4,1247.5,1247.4,1260.3,1249.7,1249.8,1251.6,2.383,0.27399999999999997,0.061,-0.039,643.742,483.42900000000003,-34.198,6.7860000000000005,-4.542,1.76,0.102,-8.501,5.079,-7.382000000000001,2.8080000000000003,-4.895,-5.7620000000000005,3.0610000000000004,-1.038,3.8689999999999998,-2.147,2.8939999999999997,1.445,-4.396,1.7519999999999998,-4.8660000000000005,0.40399999999999997,-1.939,-1.443,0.013000000000000001,-2.612,1.111,0.904,0.6859999999999999,0.889,0.14400000000000002,0.39899999999999997,-0.743,0.312,0.095,0.04,0.29,0.07,0.8,0.0,0.0,0.0,0.23,0.0,0.14,0.54,0.0,0.59,0.0,1.63,0.94,0.0,0.0,0.0,1.0,1.0,0.0,0.0,0.0,0.0,0.0,1.0,1.0,0.0,1.0,0.0,1.0,1.0,0.0,0.0
85,2.803,0.98,0.113746,0.263366,-0.957967,-0.07788099999999999,0.279258,-0.957052,0.019,0.276,552.2,557.0,568.4,579.6,584.1,580.0,568.0,556.8,535.9,542.8,553.2,565.5,577.6,586.9,593.2,586.2,576.3,564.8,553.2,543.1,563.0,568.0,573.0,575.2,573.1,568.1,563.1,561.0,698.1,701.7,712.7,724.8,730.8,727.3,716.2,703.4,687.8,694.2,703.4,715.4,727.4,737.2,744.8,738.5,729.5,718.8,706.9,695.8,709.3,715.2,720.5,722.2,719.3,713.5,708.1,706.4,391.8,380.4,375.7,380.5,391.9,404.0,408.0,403.2,393.3,387.7,384.4,382.9,385.1,390.4,398.1,401.3,402.7,403.2,401.8,398.5,396.6,398.8,396.7,391.6,386.5,384.4,386.5,391.5,389.1,377.2,371.5,375.2,386.2,398.0,403.8,401.1,393.9,386.5,381.1,378.4,379.7,383.3,389.5,394.7,397.6,399.2,399.1,398.2,394.3,396.1,393.3,387.6,382.2,380.4,383.2,388.9,-32.8,-31.0,-26.7,-22.6,-20.9,-22.4,-26.9,-31.1,-39.1,-36.4,-32.4,-27.8,-23.3,-19.9,-17.5,-20.1,-23.8,-28.1,-32.4,-36.3,-28.8,-26.9,-25.1,-24.2,-25.0,-26.9,-28.7,-29.5,21.4,22.8,26.9,31.3,33.5,32.2,28.1,23.4,17.6,20.0,23.4,27.8,32.2,35.9,38.8,36.4,33.0,29.0,24.6,20.6,25.6,27.7,29.7,30.4,29.3,27.2,25.2,24.5,11.9,7.6,5.9,7.6,11.9,16.5,17.9,16.1,12.5,10.4,9.1,8.5,9.4,11.4,14.3,15.5,16.0,16.1,15.6,14.4,13.7,14.5,13.7,11.8,9.9,9.1,9.9,11.8,10.7,6.4,4.2,5.6,9.7,14.0,16.1,15.2,12.5,9.8,7.8,6.8,7.3,8.6,10.9,12.8,13.9,14.4,14.4,14.1,12.6,13.3,12.3,10.2,8.2,7.5,8.6,10.7,1120.6,1120.0,1120.0,1120.5,1121.2,1122.1,1121.8,1121.3,1125.1,1122.5,1119.9,1118.9,1119.8,1121.5,1123.7,1122.3,1120.7,1120.1,1121.0,1123.0,1121.9,1122.1,1122.1,1121.8,1121.5,1121.3,1121.3,1121.6,1106.4,1107.6,1108.4,1108.3,1107.5,1106.3,1105.5,1105.7,1107.8,1106.9,1106.2,1106.1,1107.2,1109.3,1111.4,1108.5,1105.9,1104.4,1104.5,1106.0,1107.1,1107.0,1107.4,1108.0,1108.4,1108.5,1108.1,1107.5,1.6,51.7,1251.7,0.228,0.051,-0.038,468.2,472.7,481.5,492.9,512.1,541.1,573.0,609.4,649.2,688.3,724.6,757.4,783.8,801.1,810.6,816.7,819.0,495.9,519.6,550.0,581.3,610.6,666.8,699.0,729.8,760.9,784.0,641.3,641.9,642.6,643.6,608.9,626.2,643.6,661.8,678.1,534.2,553.6,576.9,595.4,575.7,552.5,685.6,703.8,726.8,745.9,729.1,706.7,579.1,601.8,626.9,644.6,663.9,689.4,711.1,691.2,667.4,646.5,626.6,601.3,590.2,627.2,645.2,665.0,700.6,665.2,645.1,626.6,379.6,428.9,477.9,524.9,569.3,607.6,639.4,663.6,669.0,659.2,631.7,596.8,557.7,512.9,465.9,418.6,370.6,360.1,342.9,338.4,341.9,351.1,348.6,338.0,333.8,337.8,353.3,389.5,417.7,445.9,475.1,497.6,502.9,507.4,502.1,496.6,394.4,384.1,384.3,397.9,403.1,402.9,394.3,380.2,379.8,388.8,397.9,399.0,561.9,545.6,537.2,541.9,537.1,543.9,557.1,585.8,599.2,602.0,600.3,588.9,562.6,554.6,556.1,554.0,559.0,573.1,575.8,574.0,-74.2,-72.6,-69.0,-64.2,-55.7,-42.9,-28.9,-13.1,3.9,20.7,36.4,50.7,62.1,69.4,73.2,75.7,76.6,-60.5,-50.2,-37.3,-24.2,-12.1,11.0,24.4,37.2,50.2,60.1,0.5,0.8,1.1,1.5,-12.9,-5.7,1.5,9.0,15.8,-44.2,-36.0,-26.3,-18.5,-26.8,-36.5,19.0,26.5,36.1,44.1,37.0,27.7,-25.7,-16.0,-5.4,1.9,9.9,20.6,29.9,21.4,11.4,2.7,-5.6,-16.2,-21.0,-5.3,2.2,10.4,25.4,10.5,2.1,-5.6,8.5,29.9,51.3,72.0,91.2,107.5,120.6,130.0,131.9,128.0,116.9,102.2,85.3,65.8,45.4,25.1,4.5,0.1,-7.1,-8.9,-7.5,-3.6,-4.7,-9.1,-10.8,-9.2,-2.8,12.2,23.7,35.2,47.1,57.1,59.1,60.9,58.8,56.5,14.4,10.0,10.1,15.8,17.9,17.9,14.3,8.4,8.2,12.0,15.8,16.2,85.3,77.5,73.5,75.4,73.4,76.6,82.9,94.5,99.8,101.0,100.4,96.1,85.4,81.0,81.5,80.6,83.6,88.7,89.9,89.2,1296.5,1301.3,1306.5,1309.2,1306.5,1302.0,1294.7,1284.3,1280.6,1283.5,1290.8,1295.2,1294.5,1291.7,1287.6,1284.8,1283.1,1259.5,1251.1,1243.9,1238.2,1234.5,1234.6,1237.9,1241.9,1246.4,1251.9,1236.7,1233.6,1230.3,1227.5,1244.4,1241.5,1239.6,1240.4,1241.5,1255.0,1249.9,1248.3,1248.2,1248.9,1250.9,1247.5,1245.4,1246.2,1249.8,1247.1,1246.4,1266.8,1252.1,1244.9,1243.4,1243.2,1249.6,1261.5,1255.8,1251.5,1251.5,1253.4,1258.9,1264.6,1249.0,1247.2,1247.1,1260.1,1249.3,1249.3,1251.1,2.383,0.271,0.057999999999999996,-0.039,643.948,483.399,-33.444,6.9670000000000005,-4.572,1.955,-0.322,-9.067,4.917,-7.39,3.05,-5.048,-5.864,3.248,-0.9490000000000001,4.035,-2.625,2.978,1.48,-4.101,1.8840000000000001,-4.9110000000000005,0.581,-2.3,-1.187,-0.15,-2.394,1.275,1.024,0.664,0.8740000000000001,0.10300000000000001,0.45899999999999996,-0.657,0.324,0.057999999999999996,0.04,0.31,0.1,0.8,0.0,0.0,0.0,0.21,0.0,0.09,0.6,0.0,0.54,0.0,1.63,0.91,0.0,0.0,0.0,1.0,1.0,0.0,0.0,0.0,0.0,0.0,1.0,1.0,0.0,1.0,0.0,1.0,1.0,0.0,0.0
86,2.8360000000000003,0.98,0.118038,0.257092,-0.959151,-0.07079099999999999,0.283963,-0.956218,0.025,0.275,552.1,557.0,568.4,579.7,584.2,580.0,567.8,556.6,535.6,542.6,553.0,565.5,577.7,586.9,593.1,586.0,576.1,564.6,553.0,542.9,562.9,567.9,573.0,575.2,573.2,568.2,563.1,560.9,698.2,701.7,712.7,724.9,731.0,727.6,716.5,703.6,687.6,694.2,703.4,715.4,727.3,736.9,744.3,738.2,729.6,719.0,707.1,695.9,709.3,715.3,720.7,722.4,719.4,713.5,708.0,706.3,391.3,379.8,375.2,380.0,391.6,403.7,407.7,402.8,393.0,387.4,384.0,382.5,384.8,390.1,398.1,401.2,402.6,403.0,401.6,398.2,396.2,398.4,396.3,391.2,386.1,383.9,386.0,391.1,388.8,376.8,371.0,374.8,385.9,397.9,403.7,401.0,393.6,385.9,380.5,377.7,379.1,382.8,389.2,394.2,397.2,398.8,398.7,397.8,394.2,396.0,393.2,387.3,381.8,379.9,382.8,388.7,-32.6,-30.8,-26.6,-22.4,-20.7,-22.3,-26.8,-31.0,-38.9,-36.2,-32.3,-27.6,-23.1,-19.7,-17.5,-20.1,-23.7,-28.0,-32.3,-36.1,-28.7,-26.8,-24.9,-24.1,-24.8,-26.7,-28.6,-29.4,21.4,22.7,26.8,31.2,33.5,32.2,28.1,23.4,17.5,19.9,23.3,27.7,32.1,35.7,38.5,36.2,32.9,29.0,24.6,20.5,25.5,27.7,29.7,30.3,29.2,27.0,25.0,24.4,11.6,7.4,5.6,7.4,11.7,16.2,17.7,15.9,12.3,10.2,8.9,8.3,9.2,11.2,14.2,15.3,15.8,16.0,15.4,14.2,13.5,14.3,13.5,11.6,9.7,8.9,9.6,11.5,10.6,6.2,4.1,5.4,9.5,13.9,16.0,15.1,12.4,9.5,7.5,6.5,7.0,8.4,10.8,12.6,13.7,14.2,14.2,13.9,12.6,13.2,12.2,10.0,8.0,7.3,8.4,10.5,1113.9,1113.3,1113.3,1113.8,1114.6,1115.5,1115.2,1114.7,1118.3,1115.7,1113.2,1112.1,1113.1,1114.8,1117.0,1115.6,1114.1,1113.5,1114.3,1116.3,1115.2,1115.5,1115.5,1115.2,1114.9,1114.6,1114.6,1114.9,1102.3,1103.5,1104.4,1104.6,1103.8,1102.6,1101.7,1101.7,1103.5,1102.7,1102.2,1102.3,1103.5,1105.7,1107.9,1104.9,1102.2,1100.5,1100.5,1101.9,1103.1,1103.2,1103.7,1104.3,1104.6,1104.6,1104.1,1103.5,1.5,51.6,1251.9,0.228,0.05,-0.037000000000000005,468.1,472.6,481.4,492.7,511.8,540.6,572.4,608.8,648.7,688.0,724.4,757.3,783.8,801.0,810.5,816.6,818.9,495.8,519.7,550.0,581.3,610.6,666.9,699.3,730.1,761.2,784.1,641.2,641.8,642.5,643.5,608.7,626.0,643.5,661.7,678.0,534.1,553.4,576.8,595.3,575.6,552.3,685.6,703.7,726.7,745.8,729.1,706.7,579.2,601.7,626.8,644.5,663.8,689.3,711.0,691.2,667.4,646.4,626.6,601.3,590.2,627.2,645.1,664.9,700.5,665.1,645.1,626.6,379.3,428.6,477.6,524.7,569.1,607.3,639.0,663.3,668.9,659.2,631.7,596.7,557.5,512.7,465.8,418.5,370.5,360.1,342.8,338.3,341.8,351.0,348.4,337.6,333.5,337.5,353.2,389.3,417.5,445.6,474.8,497.4,502.7,507.2,501.9,496.3,394.1,383.7,384.0,397.8,402.9,402.7,394.0,379.6,379.2,388.4,397.5,398.7,562.0,545.5,537.0,541.7,536.9,543.7,557.1,585.7,599.2,602.0,600.3,588.9,562.6,554.5,555.9,553.8,558.9,573.2,575.9,574.1,-74.3,-72.6,-69.1,-64.3,-55.8,-43.1,-29.2,-13.4,3.7,20.5,36.3,50.7,62.1,69.3,73.2,75.6,76.5,-60.5,-50.2,-37.3,-24.2,-12.1,11.1,24.5,37.3,50.4,60.1,0.5,0.7,1.0,1.4,-13.0,-5.8,1.4,9.0,15.7,-44.3,-36.1,-26.3,-18.6,-26.8,-36.6,19.0,26.4,36.0,44.1,37.0,27.7,-25.7,-16.0,-5.5,1.9,9.9,20.6,29.9,21.4,11.4,2.7,-5.6,-16.3,-21.0,-5.3,2.1,10.3,25.4,10.5,2.1,-5.6,8.3,29.7,51.2,71.8,91.1,107.4,120.4,129.9,131.9,128.0,116.9,102.2,85.2,65.7,45.4,25.1,4.5,0.0,-7.2,-9.0,-7.5,-3.7,-4.8,-9.2,-11.0,-9.3,-2.8,12.1,23.7,35.1,47.0,57.0,59.0,60.8,58.7,56.4,14.3,9.9,10.0,15.7,17.9,17.8,14.1,8.1,8.0,11.8,15.6,16.1,85.3,77.4,73.4,75.3,73.3,76.5,82.9,94.5,99.8,101.0,100.4,96.1,85.4,81.0,81.4,80.6,83.6,88.8,89.9,89.3,1296.2,1301.0,1306.3,1309.0,1306.5,1302.2,1295.1,1284.7,1280.8,1283.6,1290.7,1295.1,1294.5,1291.6,1287.6,1284.8,1283.1,1259.4,1251.1,1244.0,1238.3,1234.8,1234.8,1238.2,1242.1,1246.6,1252.3,1236.8,1233.9,1230.7,1227.8,1244.7,1241.7,1239.8,1240.6,1241.7,1255.1,1250.0,1248.4,1248.3,1249.0,1251.0,1247.6,1245.5,1246.3,1249.9,1247.2,1246.6,1267.0,1252.3,1245.0,1243.5,1243.3,1249.9,1261.7,1256.1,1251.8,1251.8,1253.7,1259.2,1264.8,1249.1,1247.3,1247.2,1260.4,1249.5,1249.6,1251.4,2.383,0.271,0.057,-0.038,643.8580000000001,483.216,-34.28,6.718999999999999,-4.601,2.002,-0.408,-9.458,4.738,-7.486000000000001,3.384,-4.885,-5.803999999999999,3.6719999999999997,-1.037,4.1739999999999995,-2.249,3.427,1.5530000000000002,-4.178999999999999,2.114,-4.698,0.622,-2.099,-1.125,-0.134,-2.197,1.2409999999999999,0.9620000000000001,0.614,0.88,0.11599999999999999,0.40700000000000003,-0.654,0.294,0.036000000000000004,0.04,0.32,0.07,0.81,0.0,0.0,0.0,0.18,0.0,0.1,0.61,0.0,0.58,0.0,1.63,0.93,0.0,0.0,0.0,1.0,1.0,0.0,0.0,0.0,0.0,0.0,0.0,1.0,0.0,1.0,0.0,1.0,1.0,0.0,0.0
87,2.87,0.98,0.117148,0.253768,-0.960145,-0.072461,0.28736300000000004,-0.9550770000000001,0.023,0.275,551.8,556.6,567.9,579.2,583.7,579.7,567.6,556.4,535.1,542.1,552.6,565.2,577.5,586.7,592.9,585.8,575.8,564.2,552.6,542.4,562.7,567.6,572.5,574.6,572.6,567.7,562.7,560.7,698.1,701.6,712.5,724.6,730.6,727.1,716.1,703.3,687.4,693.8,702.8,714.9,727.1,737.0,744.5,738.2,729.2,718.5,706.6,695.4,709.1,715.0,720.5,722.2,719.2,713.3,707.9,706.1,391.1,379.6,374.8,379.6,391.0,403.2,407.3,402.5,392.9,387.3,384.0,382.3,384.6,389.7,397.3,400.5,402.0,402.6,401.2,398.0,395.8,397.9,395.8,390.8,385.8,383.7,385.8,390.8,388.5,376.6,370.7,374.4,385.4,397.4,403.2,400.6,393.0,385.5,380.1,377.3,378.6,382.2,388.5,393.8,396.8,398.5,398.4,397.4,393.7,395.5,392.6,386.7,381.2,379.4,382.3,388.2,-32.7,-31.0,-26.8,-22.6,-20.9,-22.4,-26.9,-31.1,-39.1,-36.4,-32.4,-27.7,-23.2,-19.8,-17.5,-20.1,-23.9,-28.1,-32.5,-36.3,-28.7,-26.9,-25.1,-24.3,-25.0,-26.9,-28.7,-29.5,21.4,22.7,26.8,31.2,33.4,32.1,28.0,23.3,17.5,19.8,23.2,27.6,32.1,35.8,38.7,36.3,32.9,28.9,24.5,20.4,25.5,27.7,29.7,30.3,29.3,27.1,25.0,24.4,11.5,7.3,5.5,7.3,11.5,16.1,17.6,15.8,12.3,10.1,8.9,8.3,9.1,11.0,13.9,15.1,15.6,15.8,15.3,14.1,13.3,14.1,13.3,11.4,9.6,8.8,9.6,11.4,10.5,6.1,3.9,5.3,9.4,13.8,15.9,15.0,12.2,9.4,7.4,6.4,6.9,8.2,10.5,12.5,13.6,14.2,14.1,13.8,12.4,13.1,12.0,9.9,7.8,7.2,8.2,10.4,1113.7,1113.2,1113.2,1113.7,1114.5,1115.3,1115.0,1114.5,1118.2,1115.6,1113.1,1112.0,1113.0,1114.8,1116.9,1115.5,1113.9,1113.3,1114.1,1116.1,1115.1,1115.3,1115.3,1115.1,1114.7,1114.5,1114.5,1114.8,1105.8,1106.7,1107.4,1107.5,1106.8,1105.9,1105.2,1105.4,1107.4,1106.4,1105.6,1105.4,1106.6,1108.7,1111.0,1108.1,1105.6,1104.1,1104.2,1105.7,1106.6,1106.6,1106.9,1107.4,1107.7,1107.7,1107.4,1106.9,1.5,51.4,1250.3,0.22699999999999998,0.051,-0.039,467.8,472.3,481.2,492.6,511.6,540.5,572.7,609.5,649.8,689.2,725.4,758.0,784.1,801.1,810.3,816.4,818.6,495.5,519.4,549.6,580.8,610.0,666.7,699.0,729.7,760.6,783.7,640.8,641.5,642.2,643.3,608.6,625.9,643.4,661.5,677.8,533.7,553.0,576.4,595.0,575.2,552.0,685.3,703.4,726.4,745.6,728.9,706.4,579.1,601.4,626.5,644.3,663.8,689.3,711.0,691.3,667.5,646.4,626.5,601.1,590.1,626.9,645.0,664.9,700.4,665.2,645.0,626.4,379.0,428.3,477.4,524.4,568.9,607.2,639.0,663.1,668.4,658.5,631.0,596.2,557.2,512.5,465.7,418.4,370.5,359.7,342.5,338.1,341.5,350.5,347.8,337.2,333.0,336.8,352.2,388.8,417.0,445.1,474.4,497.1,502.2,506.7,501.5,495.9,393.9,383.5,383.7,397.4,402.5,402.4,393.5,379.2,378.7,387.8,396.9,398.1,562.0,545.3,536.6,541.3,536.5,543.4,557.0,585.4,598.9,601.7,600.1,588.8,562.5,554.1,555.5,553.4,558.8,572.8,575.6,573.8,-74.4,-72.7,-69.1,-64.3,-55.9,-43.1,-29.0,-13.0,4.2,21.0,36.7,50.9,62.1,69.3,73.0,75.5,76.3,-60.6,-50.2,-37.4,-24.4,-12.3,11.0,24.3,37.1,50.1,59.9,0.3,0.6,0.9,1.3,-13.0,-5.8,1.4,8.9,15.6,-44.4,-36.2,-26.5,-18.7,-26.9,-36.7,18.8,26.3,35.9,43.9,36.9,27.6,-25.7,-16.1,-5.6,1.8,9.8,20.5,29.8,21.4,11.5,2.7,-5.6,-16.3,-21.0,-5.5,2.1,10.3,25.3,10.5,2.1,-5.7,8.2,29.6,51.1,71.7,90.9,107.2,120.3,129.6,131.5,127.6,116.5,101.9,85.0,65.6,45.3,25.0,4.5,-0.1,-7.3,-9.1,-7.6,-3.9,-5.0,-9.4,-11.2,-9.6,-3.3,11.9,23.4,34.9,46.8,56.8,58.8,60.6,58.4,56.2,14.2,9.8,9.8,15.5,17.7,17.7,13.9,8.0,7.8,11.6,15.3,15.8,85.2,77.2,73.2,75.0,73.0,76.3,82.7,94.2,99.5,100.7,100.2,95.9,85.3,80.7,81.2,80.3,83.4,88.5,89.7,89.1,1295.1,1299.9,1305.1,1307.8,1305.3,1300.8,1293.4,1282.8,1278.9,1281.8,1289.2,1293.7,1293.2,1290.3,1286.1,1283.2,1281.6,1258.1,1249.7,1242.6,1236.9,1233.1,1233.1,1236.5,1240.5,1245.0,1250.7,1235.3,1232.3,1229.1,1226.3,1243.2,1240.2,1238.3,1239.0,1240.1,1253.7,1248.6,1247.0,1246.8,1247.6,1249.6,1246.1,1244.0,1244.8,1248.4,1245.7,1245.1,1265.4,1250.6,1243.4,1241.9,1241.7,1248.1,1259.9,1254.3,1250.1,1250.2,1252.1,1257.6,1263.1,1247.5,1245.7,1245.6,1258.5,1247.9,1248.0,1249.9,2.386,0.27,0.057999999999999996,-0.04,643.741,482.869,-33.567,7.066,-4.817,1.8780000000000001,-0.535,-9.441,5.019,-6.812,3.258,-4.798,-5.6579999999999995,3.071,-0.879,4.228,-2.28,3.6719999999999997,1.579,-3.6439999999999997,1.703,-4.89,0.745,-1.97,-1.2830000000000001,-0.265,-2.421,1.121,0.938,0.703,0.878,0.075,0.46799999999999997,-0.636,0.31,0.054000000000000006,0.0,0.25,0.18,0.76,0.0,0.0,0.0,0.13,0.0,0.13,0.63,0.0,0.63,0.0,1.61,0.92,0.0,0.0,0.0,1.0,1.0,0.0,0.0,0.0,0.0,0.0,0.0,1.0,0.0,1.0,0.0,1.0,1.0,0.0,0.0
88,2.903,0.98,0.11829200000000001,0.2554,-0.959572,-0.080015,0.28920300000000004,-0.953918,0.02,0.27699999999999997,551.6,556.5,567.9,579.2,583.7,579.5,567.4,556.2,535.0,542.0,552.5,565.0,577.1,586.3,592.6,585.8,575.8,564.4,552.7,542.4,562.6,567.4,572.3,574.3,572.4,567.6,562.7,560.7,697.8,701.2,712.2,724.2,730.3,726.9,715.9,703.1,687.3,693.7,702.8,714.9,727.0,736.9,744.5,738.1,729.3,718.6,706.7,695.6,708.8,714.8,720.2,722.0,719.0,713.0,707.5,705.8,390.6,379.1,374.4,379.2,390.8,403.0,407.0,402.2,392.6,386.9,383.5,381.8,384.0,389.3,397.1,400.2,401.7,402.2,400.9,397.6,395.4,397.4,395.4,390.5,385.6,383.5,385.5,390.4,388.0,376.0,370.2,373.8,384.9,396.9,402.8,400.2,392.7,385.0,379.5,376.6,377.8,381.5,387.8,393.0,396.2,397.9,397.9,397.0,393.3,395.1,392.2,386.3,380.7,378.9,381.8,387.8,-32.9,-31.1,-26.8,-22.7,-21.0,-22.5,-27.0,-31.2,-39.2,-36.5,-32.5,-27.9,-23.4,-20.0,-17.7,-20.2,-23.9,-28.2,-32.5,-36.4,-28.9,-27.1,-25.3,-24.5,-25.2,-27.0,-28.8,-29.6,21.2,22.5,26.5,31.0,33.2,31.9,27.8,23.1,17.4,19.7,23.1,27.5,32.0,35.7,38.5,36.1,32.8,28.8,24.5,20.4,25.3,27.5,29.5,30.1,29.0,26.8,24.8,24.2,11.4,7.1,5.4,7.2,11.5,16.0,17.5,15.7,12.2,10.0,8.7,8.1,8.9,10.9,13.8,15.0,15.5,15.7,15.2,14.0,13.2,14.0,13.2,11.4,9.5,8.8,9.5,11.3,10.3,5.9,3.7,5.1,9.2,13.6,15.7,14.7,12.0,9.2,7.2,6.1,6.5,7.9,10.2,12.2,13.3,13.9,13.9,13.6,12.2,12.9,11.8,9.7,7.6,7.0,8.0,10.2,1116.8,1116.4,1116.4,1117.0,1117.7,1118.5,1118.1,1117.6,1121.1,1118.6,1116.2,1115.3,1116.3,1118.0,1120.2,1118.8,1117.1,1116.4,1117.2,1119.1,1118.2,1118.5,1118.5,1118.3,1118.0,1117.7,1117.7,1117.9,1101.3,1102.3,1103.0,1103.1,1102.4,1101.4,1100.7,1100.8,1102.6,1101.7,1100.9,1100.9,1102.1,1104.2,1106.6,1103.5,1101.0,1099.4,1099.5,1100.9,1102.0,1102.1,1102.4,1103.0,1103.3,1103.3,1102.9,1102.4,1.5,51.3,1250.2,0.22699999999999998,0.05,-0.039,467.2,471.8,480.9,492.5,511.8,540.9,573.0,609.6,649.4,688.5,724.7,757.4,783.9,801.1,810.5,816.6,818.8,495.2,519.1,549.4,580.7,609.9,666.4,698.5,729.1,760.1,783.3,640.6,641.4,642.2,643.2,608.9,626.1,643.4,661.4,677.7,533.6,552.9,576.3,594.9,575.2,551.8,685.2,703.3,726.4,745.5,728.9,706.4,579.5,601.9,626.7,644.5,663.9,689.3,710.9,691.2,667.6,646.6,626.7,601.6,590.6,627.1,645.1,664.9,700.3,665.2,645.2,626.6,378.1,427.5,476.6,523.7,568.3,606.8,638.6,662.8,668.2,658.6,631.4,596.8,557.8,512.9,465.7,418.0,369.7,359.6,342.2,337.9,341.2,350.3,347.4,336.7,332.5,336.2,351.7,388.4,416.6,444.8,474.0,496.9,502.0,506.4,501.2,495.7,393.6,383.0,383.2,397.0,402.2,402.1,393.0,378.6,378.0,387.2,396.5,397.7,561.8,545.2,536.4,541.0,536.2,543.1,556.6,584.8,598.0,600.9,599.2,588.2,562.3,553.9,555.3,553.2,558.4,572.1,574.9,573.1,-74.6,-72.9,-69.2,-64.3,-55.8,-43.0,-28.9,-13.0,4.0,20.7,36.4,50.6,62.0,69.3,73.1,75.5,76.4,-60.7,-50.4,-37.5,-24.5,-12.4,10.8,24.1,36.9,49.8,59.7,0.3,0.6,0.9,1.3,-12.9,-5.8,1.4,8.9,15.6,-44.5,-36.3,-26.5,-18.7,-27.0,-36.7,18.8,26.2,35.9,43.9,36.9,27.6,-25.5,-15.9,-5.5,1.9,9.9,20.5,29.8,21.4,11.5,2.7,-5.5,-16.1,-20.8,-5.4,2.1,10.3,25.3,10.5,2.1,-5.6,7.8,29.2,50.7,71.4,90.6,107.0,120.1,129.5,131.4,127.6,116.7,102.1,85.3,65.8,45.3,24.8,4.1,-0.2,-7.4,-9.2,-7.7,-4.0,-5.2,-9.6,-11.4,-9.9,-3.5,11.7,23.3,34.7,46.6,56.7,58.7,60.4,58.3,56.1,14.0,9.6,9.6,15.4,17.6,17.5,13.7,7.7,7.5,11.3,15.1,15.6,85.1,77.2,73.1,75.0,73.0,76.2,82.6,94.0,99.2,100.4,99.8,95.6,85.2,80.6,81.1,80.2,83.2,88.2,89.4,88.8,1295.0,1299.7,1304.9,1307.6,1304.9,1300.4,1293.1,1282.7,1279.0,1281.9,1289.3,1293.9,1293.4,1290.5,1286.4,1283.4,1281.6,1258.0,1249.6,1242.6,1237.0,1233.3,1233.2,1236.5,1240.3,1244.7,1250.2,1235.3,1232.4,1229.1,1226.3,1243.2,1240.2,1238.3,1239.1,1240.1,1253.7,1248.6,1247.0,1246.8,1247.6,1249.6,1246.0,1243.9,1244.6,1248.2,1245.6,1245.0,1265.2,1250.6,1243.5,1242.0,1241.8,1248.2,1259.8,1254.2,1250.0,1250.1,1252.0,1257.4,1263.0,1247.5,1245.7,1245.7,1258.4,1247.9,1247.9,1249.8,2.386,0.27,0.057,-0.04,643.691,482.501,-33.669000000000004,6.227,-5.4079999999999995,1.869,-0.564,-8.718,5.601,-6.505,3.4389999999999996,-5.501,-6.172999999999999,3.173,-1.037,4.212,-2.719,3.2689999999999997,1.479,-3.6189999999999998,1.806,-4.843,0.594,-2.062,-1.18,-0.11599999999999999,-2.169,1.011,1.0090000000000001,0.708,0.9009999999999999,0.106,0.53,-0.643,0.402,0.011000000000000001,0.0,0.23,0.22,0.65,0.0,0.0,0.0,0.07,0.0,0.13,0.63,0.0,0.64,0.0,1.56,0.93,0.0,0.0,0.0,1.0,1.0,0.0,0.0,0.0,0.0,0.0,0.0,1.0,0.0,1.0,0.0,1.0,1.0,0.0,0.0
89,2.9360000000000004,0.98,0.118875,0.257696,-0.958886,-0.073551,0.285697,-0.955493,0.024,0.27699999999999997,551.9,556.6,567.9,579.2,583.8,579.9,567.8,556.6,535.2,542.1,552.5,564.8,576.9,586.4,593.0,586.2,576.2,564.7,552.9,542.6,562.7,567.7,572.8,574.9,572.8,567.8,562.7,560.6,698.1,701.6,712.5,724.6,730.6,727.2,716.3,703.5,687.7,693.9,703.0,715.1,727.4,737.2,744.5,738.3,729.3,718.5,706.6,695.5,709.3,715.1,720.5,722.1,719.2,713.4,708.0,706.4,390.5,379.1,374.3,379.0,390.4,402.6,406.7,402.0,392.5,386.7,383.0,381.3,383.6,388.9,396.6,399.8,401.1,401.7,400.6,397.5,395.4,397.5,395.4,390.3,385.2,383.1,385.2,390.3,387.8,375.7,369.6,373.2,384.2,396.3,402.4,399.8,392.2,384.5,379.0,376.2,377.6,381.1,387.4,392.7,395.8,397.5,397.5,396.4,392.6,394.3,391.4,385.5,380.2,378.4,381.3,387.2,-32.8,-31.0,-26.8,-22.6,-20.9,-22.4,-26.9,-31.1,-39.1,-36.5,-32.5,-27.9,-23.4,-20.0,-17.5,-20.0,-23.7,-28.0,-32.4,-36.3,-28.8,-26.9,-25.0,-24.3,-25.0,-26.9,-28.8,-29.5,21.5,22.8,26.8,31.3,33.5,32.3,28.2,23.5,17.7,19.9,23.3,27.8,32.3,36.0,38.8,36.4,33.0,29.0,24.6,20.5,25.6,27.8,29.8,30.4,29.3,27.2,25.2,24.6,11.4,7.1,5.3,7.1,11.3,15.9,17.4,15.6,12.1,10.0,8.6,7.9,8.8,10.8,13.7,14.8,15.3,15.5,15.1,14.0,13.2,14.0,13.2,11.3,9.4,8.6,9.4,11.3,10.3,5.8,3.6,4.9,9.0,13.4,15.7,14.7,11.9,9.1,7.0,6.0,6.5,7.8,10.2,12.1,13.2,13.9,13.8,13.5,12.1,12.7,11.6,9.5,7.5,6.8,7.9,10.1,1115.7,1115.3,1115.3,1115.8,1116.4,1117.1,1116.8,1116.3,1120.5,1117.9,1115.4,1114.3,1115.2,1116.8,1118.9,1117.5,1115.9,1115.3,1116.2,1118.3,1117.0,1117.2,1117.2,1117.0,1116.7,1116.6,1116.6,1116.7,1109.2,1109.9,1110.4,1110.5,1110.1,1109.5,1108.9,1109.0,1111.0,1109.8,1108.9,1108.7,1109.8,1112.0,1114.3,1111.6,1109.2,1107.8,1107.9,1109.4,1110.1,1110.1,1110.4,1110.7,1110.9,1110.9,1110.6,1110.3,1.6,51.1,1250.0,0.221,0.051,-0.040999999999999995,467.2,471.9,481.2,493.0,512.6,542.0,574.1,610.7,650.5,689.4,725.5,758.0,784.2,801.3,810.7,816.8,819.1,495.2,519.3,549.7,581.0,610.2,666.4,698.7,729.4,760.5,783.9,640.8,641.5,642.3,643.5,609.0,626.3,643.7,661.8,678.2,533.8,553.1,576.4,595.1,575.4,552.0,685.4,703.4,726.5,745.7,729.0,706.6,580.0,602.5,627.3,644.9,664.1,689.5,711.4,691.6,668.0,647.2,627.5,602.4,591.1,627.7,645.6,665.3,700.7,665.6,645.7,627.3,377.9,427.7,477.3,524.8,569.5,607.8,639.1,662.8,667.8,658.2,631.2,596.6,557.6,512.6,465.4,417.7,369.4,359.3,341.9,337.4,340.7,349.7,346.9,336.2,331.9,335.6,351.1,387.7,415.9,444.0,473.2,496.4,501.4,505.8,500.5,494.9,393.3,382.8,382.8,396.5,401.8,401.8,392.6,378.1,377.6,386.8,396.0,397.2,561.6,544.9,536.0,540.6,535.8,542.7,556.2,583.9,597.0,599.8,598.3,587.6,562.1,553.6,554.9,552.7,558.0,571.0,573.8,572.1,-74.6,-72.8,-69.1,-64.1,-55.4,-42.5,-28.4,-12.5,4.5,21.1,36.7,50.9,62.2,69.4,73.2,75.6,76.5,-60.7,-50.3,-37.4,-24.3,-12.2,10.8,24.2,37.0,50.0,60.0,0.3,0.6,1.0,1.4,-12.9,-5.7,1.5,9.0,15.8,-44.4,-36.2,-26.4,-18.7,-26.9,-36.6,18.8,26.3,35.9,44.0,37.0,27.6,-25.3,-15.6,-5.3,2.0,10.0,20.6,30.0,21.5,11.7,3.0,-5.2,-15.8,-20.6,-5.1,2.3,10.5,25.5,10.6,2.4,-5.3,7.7,29.3,51.0,71.8,91.1,107.4,120.3,129.4,131.2,127.4,116.5,102.0,85.2,65.6,45.2,24.7,4.0,-0.3,-7.6,-9.4,-8.0,-4.2,-5.4,-9.8,-11.6,-10.1,-3.7,11.4,23.0,34.4,46.3,56.5,58.4,60.2,58.0,55.7,13.9,9.5,9.5,15.2,17.4,17.4,13.5,7.5,7.3,11.1,14.9,15.4,85.0,77.1,72.9,74.7,72.7,76.0,82.4,93.6,98.7,99.9,99.4,95.3,85.1,80.5,80.9,80.0,83.0,87.7,88.9,88.3,1295.5,1300.1,1305.2,1307.6,1304.7,1300.0,1292.6,1282.1,1278.4,1281.4,1288.8,1293.5,1293.0,1290.1,1286.1,1283.2,1281.6,1258.2,1249.8,1242.8,1237.1,1233.3,1233.2,1236.6,1240.5,1245.0,1250.6,1235.3,1232.3,1229.0,1226.1,1243.0,1239.9,1238.0,1238.8,1239.9,1253.8,1248.7,1247.1,1246.8,1247.6,1249.6,1246.0,1244.0,1244.7,1248.3,1245.7,1245.0,1264.9,1250.2,1243.2,1241.7,1241.5,1247.9,1259.6,1253.6,1249.4,1249.5,1251.3,1256.9,1262.7,1247.1,1245.4,1245.3,1258.1,1247.3,1247.3,1249.2,2.386,0.264,0.057999999999999996,-0.042,644.082,482.108,-32.959,7.0729999999999995,-5.4910000000000005,1.801,-0.22399999999999998,-8.333,5.53,-6.729,3.1430000000000002,-5.968,-6.218,3.27,-1.396,4.033,-2.6860000000000004,3.574,1.3559999999999999,-3.765,1.923,-4.8839999999999995,0.815,-2.126,-1.146,-0.24600000000000002,-2.269,0.976,0.7140000000000001,0.742,0.8440000000000001,0.040999999999999995,0.565,-0.6779999999999999,0.366,0.04,0.0,0.19,0.24,0.6,0.0,0.0,0.0,0.03,0.0,0.11,0.67,0.0,0.63,0.0,1.49,0.93,0.0,0.0,0.0,1.0,1.0,0.0,0.0,0.0,0.0,0.0,0.0,1.0,0.0,1.0,0.0,1.0,1.0,0.0,0.0
90,2.97,0.98,0.115548,0.256813,-0.9595290000000001,-0.075421,0.282567,-0.9562780000000001,0.021,0.27399999999999997,552.2,557.0,568.3,579.6,584.2,580.2,568.1,556.9,535.6,542.5,552.9,565.4,577.7,587.1,593.7,586.7,576.6,565.1,553.3,543.1,563.0,568.1,573.2,575.3,573.2,568.2,563.1,561.0,698.4,701.7,712.8,725.0,731.3,728.0,717.0,703.9,687.9,694.4,703.6,715.6,727.6,737.3,744.8,738.9,730.4,719.8,707.8,696.4,709.4,715.7,721.3,723.0,719.8,713.5,707.9,706.2,390.2,378.7,373.9,378.6,390.1,402.3,406.4,401.6,392.1,386.4,382.8,381.1,383.4,388.6,396.4,399.4,400.8,401.4,400.2,397.1,395.0,397.2,395.0,389.9,384.7,382.6,384.8,389.9,386.9,374.9,369.1,372.8,383.8,395.8,401.6,399.1,392.0,384.1,378.5,375.4,376.6,380.4,386.8,391.9,394.9,396.6,396.8,396.1,392.5,394.3,391.4,385.3,379.6,377.7,380.7,386.8,-32.5,-30.7,-26.5,-22.4,-20.7,-22.2,-26.6,-30.8,-38.8,-36.2,-32.2,-27.6,-23.0,-19.6,-17.2,-19.8,-23.5,-27.7,-32.1,-36.0,-28.5,-26.7,-24.8,-24.0,-24.7,-26.6,-28.5,-29.3,21.2,22.5,26.5,31.0,33.2,32.0,27.9,23.2,17.4,19.8,23.1,27.5,31.9,35.5,38.3,36.0,32.8,28.9,24.6,20.5,25.2,27.5,29.6,30.2,29.0,26.8,24.7,24.1,11.2,6.9,5.1,6.9,11.2,15.7,17.2,15.4,11.9,9.8,8.4,7.8,8.6,10.6,13.5,14.6,15.1,15.3,14.9,13.8,13.0,13.8,13.0,11.1,9.2,8.4,9.2,11.1,9.8,5.4,3.3,4.6,8.7,13.0,15.1,14.2,11.6,8.8,6.7,5.6,6.1,7.4,9.8,11.6,12.7,13.3,13.3,13.1,11.8,12.5,11.4,9.2,7.1,6.5,7.5,9.8,1110.6,1110.0,1109.9,1110.4,1111.1,1112.0,1111.7,1111.3,1115.2,1112.6,1110.0,1108.9,1109.7,1111.4,1113.6,1112.2,1110.6,1110.0,1110.9,1113.0,1111.8,1112.0,1112.0,1111.8,1111.5,1111.3,1111.3,1111.5,1089.8,1091.2,1092.2,1092.4,1091.6,1090.2,1089.1,1089.1,1090.9,1090.2,1089.9,1090.1,1091.4,1093.6,1095.8,1092.6,1089.8,1088.1,1088.0,1089.2,1090.6,1090.7,1091.2,1091.9,1092.4,1092.3,1091.7,1091.0,1.9,50.9,1248.5,0.22,0.049,-0.042,467.4,472.2,481.6,493.5,513.2,542.6,574.9,611.7,651.7,690.5,726.4,758.8,785.0,802.0,811.3,817.3,819.5,495.5,519.4,549.8,581.1,610.5,667.0,699.2,729.9,761.0,784.3,641.4,642.2,643.1,644.3,609.8,627.1,644.6,662.7,679.1,534.2,553.5,576.9,595.6,575.9,552.5,685.9,704.0,727.1,746.3,729.7,707.2,581.0,603.5,628.3,645.8,664.9,690.2,712.2,692.2,668.8,648.1,628.5,603.4,592.0,628.7,646.5,666.0,701.5,666.4,646.6,628.3,377.8,427.6,477.1,524.4,569.0,607.3,638.7,662.5,667.5,657.9,630.9,596.5,557.3,512.4,465.1,417.3,368.9,359.2,341.5,336.9,340.1,349.2,346.3,335.5,331.1,334.8,350.3,387.3,415.7,443.9,473.4,496.2,501.3,505.7,500.3,494.6,393.0,382.4,382.4,396.2,401.5,401.5,392.1,377.5,376.9,386.1,395.4,396.7,561.2,544.7,536.0,540.4,535.7,542.4,555.6,583.3,596.3,599.1,597.6,587.0,561.8,553.2,554.5,552.3,557.4,570.6,573.4,571.8,-74.4,-72.6,-68.8,-63.8,-55.1,-42.2,-28.0,-12.1,5.0,21.5,37.1,51.2,62.4,69.6,73.4,75.8,76.6,-60.5,-50.2,-37.3,-24.2,-12.1,11.1,24.4,37.1,50.2,60.1,0.6,0.9,1.3,1.8,-12.5,-5.3,1.9,9.4,16.1,-44.2,-36.0,-26.2,-18.4,-26.6,-36.4,19.1,26.5,36.1,44.2,37.2,27.9,-24.9,-15.2,-4.9,2.4,10.3,20.9,30.3,21.8,12.0,3.4,-4.8,-15.3,-20.2,-4.7,2.7,10.8,25.8,10.9,2.7,-4.9,7.7,29.2,50.9,71.6,90.8,107.0,120.0,129.1,130.9,127.1,116.3,101.9,85.0,65.5,45.0,24.5,3.8,-0.3,-7.7,-9.6,-8.2,-4.4,-5.6,-10.1,-11.9,-10.5,-4.0,11.2,22.8,34.3,46.3,56.4,58.3,60.1,57.9,55.5,13.8,9.3,9.3,15.0,17.2,17.3,13.3,7.3,7.0,10.8,14.7,15.2,84.7,76.9,72.8,74.6,72.6,75.8,82.0,93.2,98.3,99.5,99.0,95.0,84.8,80.2,80.6,79.7,82.7,87.5,88.6,88.1,1294.2,1298.7,1303.6,1305.9,1303.1,1298.5,1291.2,1280.6,1276.8,1279.9,1287.5,1292.4,1292.1,1289.3,1285.3,1282.3,1280.7,1256.8,1248.5,1241.4,1235.7,1231.9,1231.7,1235.1,1239.1,1243.7,1249.4,1233.9,1230.8,1227.5,1224.6,1241.5,1238.5,1236.4,1237.2,1238.4,1252.4,1247.4,1245.8,1245.5,1246.3,1248.3,1244.7,1242.8,1243.5,1247.1,1244.4,1243.7,1263.5,1248.8,1241.8,1240.4,1240.2,1246.6,1258.3,1252.2,1247.8,1247.8,1249.7,1255.2,1261.2,1245.7,1243.9,1243.9,1256.8,1245.9,1245.8,1247.7,2.3890000000000002,0.263,0.055,-0.043,644.757,481.727,-32.032,6.672000000000001,-5.479,2.062,-0.08800000000000001,-7.803999999999999,5.542999999999999,-6.3,3.0660000000000003,-5.872000000000001,-6.547000000000001,3.25,-1.43,3.785,-2.542,3.475,1.527,-3.5239999999999996,1.6909999999999998,-4.551,0.633,-1.962,-1.095,-0.342,-2.225,1.056,0.726,0.879,0.8079999999999999,0.086,0.575,-0.6559999999999999,0.376,-0.021,0.0,0.25,0.2,0.68,0.0,0.0,0.0,0.0,0.0,0.09,0.66,0.0,0.62,0.0,1.5,0.97,0.0,0.0,0.0,1.0,1.0,0.0,0.0,0.0,0.0,0.0,0.0,1.0,0.0,1.0,0.0,1.0,1.0,0.0,0.0
91,3.003,0.98,0.11691900000000001,0.25905300000000003,-0.9587600000000001,-0.072364,0.286387,-0.955377,0.023,0.278,553.0,557.7,569.0,580.2,584.8,580.8,568.8,557.6,536.2,543.2,553.7,566.1,578.3,587.6,594.2,587.3,577.3,565.8,554.0,543.8,563.7,568.7,573.8,575.9,573.9,568.8,563.7,561.6,699.3,702.6,713.6,725.8,732.1,728.8,717.8,704.8,688.7,695.3,704.5,716.5,728.4,738.1,745.6,739.6,730.9,720.3,708.5,697.2,710.3,716.5,722.0,723.7,720.5,714.4,708.9,707.2,390.1,378.7,373.9,378.6,390.0,402.1,406.2,401.5,391.9,386.2,382.6,380.9,383.2,388.5,396.2,399.2,400.6,401.2,400.0,396.9,394.9,397.0,394.9,389.8,384.7,382.5,384.7,389.8,386.7,374.7,368.8,372.4,383.5,395.5,401.4,398.8,391.6,383.6,377.9,375.0,376.2,380.0,386.5,391.7,394.7,396.4,396.5,395.7,392.1,393.9,391.0,385.0,379.4,377.5,380.5,386.5,-32.3,-30.6,-26.4,-22.2,-20.5,-22.0,-26.5,-30.6,-38.7,-36.0,-32.1,-27.4,-22.9,-19.5,-17.1,-19.6,-23.3,-27.6,-32.0,-35.8,-28.4,-26.5,-24.6,-23.8,-24.6,-26.5,-28.4,-29.1,21.6,22.9,26.9,31.4,33.7,32.4,28.4,23.6,17.8,20.2,23.5,27.9,32.3,35.9,38.7,36.4,33.2,29.3,24.9,20.8,25.7,27.9,30.0,30.6,29.5,27.2,25.2,24.5,11.2,6.9,5.2,6.9,11.2,15.7,17.2,15.4,11.9,9.7,8.4,7.8,8.6,10.6,13.5,14.6,15.1,15.3,14.9,13.7,13.0,13.8,13.0,11.1,9.2,8.4,9.2,11.1,9.7,5.4,3.2,4.5,8.6,12.9,15.1,14.2,11.5,8.6,6.5,5.5,5.9,7.3,9.7,11.6,12.7,13.3,13.3,13.0,11.7,12.4,11.3,9.1,7.1,6.4,7.5,9.7,1114.6,1114.0,1114.0,1114.5,1115.2,1116.1,1115.8,1115.3,1119.3,1116.7,1114.1,1113.0,1113.9,1115.6,1117.9,1116.4,1114.8,1114.2,1115.1,1117.1,1115.9,1116.1,1116.1,1115.9,1115.5,1115.3,1115.4,1115.6,1094.6,1095.9,1096.9,1097.0,1096.2,1094.9,1093.9,1093.9,1095.8,1095.0,1094.6,1094.7,1096.0,1098.1,1100.4,1097.2,1094.5,1092.8,1092.8,1094.1,1095.4,1095.4,1096.0,1096.6,1097.0,1097.0,1096.4,1095.8,2.2,50.8,1249.2,0.21899999999999997,0.048,-0.042,467.8,472.7,482.1,493.9,513.4,542.8,575.3,612.5,652.6,691.5,727.3,759.6,785.8,802.6,811.8,817.8,820.0,495.9,519.7,550.3,581.8,611.3,667.7,700.0,730.8,762.0,785.4,642.1,643.0,644.0,645.3,610.8,628.1,645.5,663.6,679.8,534.9,554.1,577.6,596.3,576.6,553.2,686.7,704.7,727.9,747.1,730.5,708.0,581.7,604.4,629.2,646.7,665.6,690.9,712.9,693.0,669.5,649.0,629.5,604.3,592.8,629.6,647.4,666.7,702.3,667.1,647.5,629.2,377.7,427.5,476.9,524.2,568.8,607.1,638.6,662.4,667.4,657.7,630.9,596.5,557.4,512.5,465.1,417.2,368.6,359.3,341.4,336.7,339.9,348.9,345.9,335.0,330.7,334.4,350.0,386.9,415.3,443.6,473.0,495.9,501.0,505.4,499.9,494.2,392.9,382.2,382.2,395.9,401.4,401.4,391.7,377.1,376.5,385.7,395.0,396.3,561.1,544.5,535.7,540.1,535.4,542.1,555.3,583.1,595.9,598.7,597.3,586.8,561.5,553.0,554.2,552.0,557.1,570.2,573.0,571.4,-74.3,-72.4,-68.6,-63.6,-55.0,-42.1,-27.9,-11.7,5.4,22.0,37.5,51.6,62.8,69.9,73.6,76.0,76.8,-60.4,-50.1,-37.1,-24.0,-11.8,11.4,24.7,37.5,50.6,60.6,0.9,1.2,1.6,2.2,-12.1,-4.9,2.3,9.7,16.4,-43.9,-35.7,-25.9,-18.2,-26.4,-36.2,19.4,26.8,36.4,44.5,37.5,28.2,-24.6,-14.8,-4.5,2.8,10.6,21.2,30.6,22.1,12.3,3.7,-4.4,-14.9,-19.8,-4.3,3.1,11.1,26.1,11.3,3.1,-4.5,7.7,29.2,50.8,71.5,90.7,107.0,119.9,129.1,130.9,127.0,116.3,101.9,85.1,65.5,45.0,24.4,3.7,-0.3,-7.7,-9.6,-8.3,-4.6,-5.8,-10.3,-12.1,-10.6,-4.2,11.1,22.7,34.2,46.2,56.3,58.2,60.0,57.7,55.4,13.8,9.2,9.2,14.9,17.2,17.2,13.2,7.1,6.8,10.7,14.5,15.1,84.7,76.8,72.8,74.5,72.5,75.7,82.0,93.1,98.2,99.3,98.9,95.0,84.8,80.2,80.6,79.7,82.6,87.4,88.5,88.0,1294.7,1299.2,1304.1,1306.4,1303.5,1298.8,1291.4,1280.8,1277.1,1280.2,1288.0,1292.9,1292.6,1289.7,1285.7,1282.7,1280.9,1257.4,1249.1,1242.0,1236.3,1232.4,1232.3,1235.8,1239.7,1244.3,1250.1,1234.5,1231.6,1228.3,1225.5,1242.2,1239.2,1237.2,1238.0,1239.1,1253.0,1248.0,1246.4,1246.1,1246.9,1248.9,1245.4,1243.4,1244.2,1247.8,1245.1,1244.4,1264.1,1249.5,1242.6,1241.1,1240.9,1247.3,1258.9,1252.8,1248.4,1248.5,1250.3,1255.8,1261.8,1246.4,1244.7,1244.6,1257.4,1246.5,1246.5,1248.3,2.388,0.262,0.054000000000000006,-0.043,645.491,481.483,-32.830999999999996,6.642,-5.912999999999999,1.496,0.011000000000000001,-7.645,5.319,-6.193,3.491,-5.906000000000001,-6.862,2.855,-1.69,3.927,-2.438,3.633,1.604,-3.47,1.6119999999999999,-4.282,0.617,-2.023,-1.077,-0.255,-2.488,0.978,0.721,0.767,0.848,0.076,0.5760000000000001,-0.705,0.379,0.027999999999999997,0.0,0.18,0.22,0.69,0.0,0.0,0.0,0.0,0.0,0.08,0.65,0.0,0.66,0.0,1.47,1.03,0.0,0.0,0.0,1.0,1.0,0.0,0.0,0.0,0.0,0.0,0.0,1.0,0.0,1.0,0.0,1.0,1.0,0.0,0.0
92,3.036,0.98,0.113373,0.247533,-0.9622229999999999,-0.066137,0.279281,-0.9579290000000001,0.025,0.268,553.5,558.1,569.3,580.6,585.2,581.4,569.4,558.2,537.2,543.8,554.0,566.4,578.7,588.2,594.9,587.9,577.8,566.2,554.6,544.4,564.6,569.3,574.1,576.0,574.0,569.3,564.6,562.6,700.1,703.4,714.4,726.6,732.9,729.6,718.6,705.6,689.5,695.9,705.1,717.1,729.2,739.0,746.4,740.3,731.5,720.8,708.9,697.7,711.4,717.3,722.7,724.3,721.2,715.3,709.9,708.3,389.9,378.5,373.7,378.3,389.6,401.7,405.8,401.2,392.0,386.2,382.7,380.9,383.1,388.3,396.1,399.1,400.5,401.2,400.0,396.9,394.3,396.3,394.2,389.4,384.6,382.7,384.7,389.5,386.6,374.5,368.4,372.0,383.0,395.2,401.2,398.8,391.5,383.6,377.9,375.0,376.2,379.9,386.3,391.5,394.6,396.3,396.4,395.6,391.7,393.4,390.4,384.5,379.1,377.4,380.3,386.2,-32.2,-30.5,-26.3,-22.1,-20.4,-21.9,-26.3,-30.5,-38.5,-35.9,-32.0,-27.4,-22.8,-19.3,-16.9,-19.4,-23.2,-27.5,-31.8,-35.7,-28.1,-26.4,-24.6,-23.9,-24.6,-26.4,-28.1,-28.9,22.0,23.3,27.3,31.8,34.1,32.8,28.8,24.0,18.2,20.5,23.8,28.3,32.7,36.4,39.2,36.8,33.5,29.6,25.2,21.1,26.2,28.4,30.3,30.9,29.8,27.6,25.7,25.1,11.1,6.9,5.1,6.8,11.0,15.6,17.1,15.4,12.0,9.8,8.4,7.8,8.6,10.6,13.5,14.6,15.1,15.3,14.9,13.8,12.8,13.5,12.8,11.0,9.2,8.5,9.2,11.0,9.8,5.3,3.1,4.4,8.5,12.9,15.1,14.2,11.6,8.6,6.6,5.5,6.0,7.3,9.7,11.6,12.7,13.3,13.3,13.0,11.6,12.3,11.2,9.0,7.0,6.4,7.5,9.6,1117.6,1117.0,1116.8,1117.2,1117.9,1118.9,1118.8,1118.4,1122.5,1119.7,1116.9,1115.7,1116.5,1118.2,1120.5,1119.1,1117.6,1117.2,1118.1,1120.2,1118.8,1119.0,1118.9,1118.7,1118.3,1118.2,1118.2,1118.5,1099.7,1100.8,1101.6,1101.8,1101.1,1100.1,1099.2,1099.3,1101.2,1100.2,1099.6,1099.5,1100.8,1102.9,1105.1,1102.2,1099.6,1098.1,1098.1,1099.5,1100.6,1100.7,1101.1,1101.6,1101.9,1101.9,1101.4,1100.9,2.5,50.8,1249.5,0.217,0.047,-0.042,468.3,473.2,482.6,494.4,513.9,543.4,576.0,613.4,653.6,692.4,728.1,760.2,786.3,803.1,812.2,818.1,820.2,496.6,520.6,551.0,582.3,611.8,668.5,700.7,731.4,762.5,785.9,642.8,643.8,644.8,646.1,611.5,628.8,646.3,664.3,680.6,535.4,554.7,578.1,596.9,577.1,553.8,687.3,705.4,728.5,747.7,731.1,708.6,582.3,605.2,630.1,647.4,666.1,691.5,713.7,693.5,670.0,649.7,630.4,605.2,593.4,630.5,648.1,667.2,703.0,667.5,648.2,630.1,377.9,427.6,477.0,524.4,568.8,607.1,638.5,662.2,667.1,657.5,631.0,596.8,557.8,512.8,465.2,417.2,368.4,359.5,341.6,336.8,339.9,348.7,345.8,335.0,330.8,334.5,350.1,386.7,415.2,443.6,473.1,495.9,500.9,505.3,499.9,494.1,393.0,382.2,382.2,395.8,401.3,401.4,391.6,377.0,376.4,385.6,394.9,396.2,560.9,544.5,535.7,540.1,535.4,542.0,555.1,582.9,595.5,598.3,596.9,586.5,561.4,552.9,554.1,552.0,557.0,569.9,572.6,571.0,-74.1,-72.3,-68.4,-63.4,-54.8,-41.8,-27.6,-11.3,5.8,22.4,37.8,51.8,63.1,70.2,73.8,76.2,77.0,-60.1,-49.8,-36.9,-23.8,-11.6,11.7,25.0,37.8,50.8,60.8,1.2,1.5,2.0,2.5,-11.8,-4.6,2.6,10.1,16.8,-43.7,-35.5,-25.7,-17.9,-26.1,-35.9,19.6,27.1,36.7,44.8,37.8,28.5,-24.3,-14.5,-4.1,3.1,10.8,21.4,30.9,22.4,12.5,4.0,-4.0,-14.6,-19.6,-3.9,3.4,11.3,26.4,11.4,3.4,-4.1,7.7,29.3,50.9,71.6,90.7,107.0,119.9,129.0,130.7,127.0,116.4,102.1,85.3,65.7,45.1,24.5,3.6,-0.2,-7.7,-9.6,-8.3,-4.6,-5.9,-10.3,-12.1,-10.6,-4.1,11.0,22.7,34.2,46.2,56.3,58.2,60.0,57.7,55.4,13.8,9.2,9.2,14.9,17.2,17.2,13.1,7.1,6.8,10.7,14.5,15.0,84.7,76.9,72.8,74.5,72.6,75.7,81.9,93.1,98.0,99.2,98.7,94.8,84.7,80.2,80.6,79.7,82.6,87.2,88.3,87.8,1295.1,1299.6,1304.4,1306.6,1303.8,1299.1,1291.5,1280.8,1277.1,1280.3,1288.4,1293.5,1293.3,1290.5,1286.4,1283.2,1281.4,1257.8,1249.6,1242.6,1236.9,1233.0,1232.8,1236.4,1240.3,1244.8,1250.5,1235.0,1231.9,1228.6,1225.8,1242.5,1239.5,1237.5,1238.3,1239.5,1253.4,1248.5,1246.9,1246.6,1247.3,1249.3,1245.8,1243.9,1244.7,1248.3,1245.6,1244.9,1264.5,1249.9,1242.9,1241.5,1241.3,1247.7,1259.4,1252.9,1248.4,1248.4,1250.2,1255.9,1262.2,1246.6,1244.9,1244.9,1257.8,1246.6,1246.5,1248.4,2.387,0.259,0.052000000000000005,-0.043,646.134,481.42800000000005,-32.208,6.5520000000000005,-6.087000000000001,1.358,-0.267,-7.029,5.151,-5.92,3.342,-6.147,-6.945,2.8680000000000003,-1.584,3.4410000000000003,-2.7030000000000003,3.867,1.8940000000000001,-3.3569999999999998,1.544,-4.127,0.56,-1.919,-1.028,-0.27399999999999997,-2.739,1.044,0.688,0.748,0.831,0.081,0.585,-0.7440000000000001,0.381,0.019,0.0,0.15,0.18,0.64,0.0,0.0,0.0,0.0,0.0,0.05,0.63,0.0,0.67,0.0,1.46,1.01,0.0,0.0,0.0,1.0,1.0,0.0,0.0,0.0,0.0,0.0,0.0,1.0,0.0,1.0,0.0,1.0,1.0,0.0,0.0
93,3.07,0.98,0.121495,0.249043,-0.960842,-0.065791,0.281828,-0.9572069999999999,0.028999999999999998,0.27,553.9,558.6,569.9,581.3,586.0,582.0,569.9,558.6,537.5,544.1,554.4,566.8,579.2,588.6,595.2,588.2,578.1,566.6,554.9,544.7,564.9,569.9,574.8,576.9,574.8,569.9,564.9,562.8,700.6,704.1,715.1,727.1,733.3,729.8,718.9,706.0,689.9,696.2,705.3,717.4,729.7,739.5,746.9,740.8,732.0,721.3,709.3,698.1,711.8,717.7,723.1,724.7,721.8,715.8,710.4,708.8,389.9,378.4,373.6,378.3,389.7,401.9,406.0,401.3,392.0,386.2,382.7,381.0,383.0,388.3,396.0,399.1,400.6,401.2,400.1,396.9,394.6,396.6,394.5,389.5,384.4,382.4,384.5,389.6,386.3,374.2,368.3,371.9,383.0,395.1,401.0,398.4,391.2,383.4,377.9,374.9,376.0,379.6,385.9,391.1,394.3,396.0,396.1,395.3,391.4,393.2,390.2,384.3,378.9,377.1,380.0,385.9,-31.9,-30.2,-26.0,-21.8,-20.0,-21.5,-26.0,-30.2,-38.2,-35.6,-31.7,-27.1,-22.5,-19.1,-16.7,-19.2,-22.9,-27.2,-31.6,-35.4,-27.9,-26.0,-24.2,-23.4,-24.2,-26.0,-27.9,-28.6,22.3,23.6,27.6,32.1,34.3,33.0,29.0,24.2,18.4,20.7,24.0,28.4,33.0,36.7,39.5,37.1,33.8,29.8,25.4,21.3,26.4,28.6,30.6,31.2,30.1,27.9,25.9,25.3,11.1,6.8,5.0,6.8,11.0,15.5,17.1,15.3,11.9,9.7,8.4,7.8,8.5,10.5,13.4,14.5,15.0,15.3,14.9,13.7,12.8,13.6,12.8,10.9,9.1,8.3,9.1,11.0,9.7,5.2,3.0,4.4,8.5,12.9,15.1,14.1,11.5,8.6,6.6,5.5,5.9,7.2,9.6,11.5,12.6,13.2,13.3,13.0,11.5,12.2,11.1,9.0,7.0,6.3,7.4,9.5,1112.1,1111.5,1111.3,1111.8,1112.6,1113.6,1113.3,1112.9,1116.9,1114.2,1111.5,1110.4,1111.2,1112.9,1115.2,1113.8,1112.3,1111.8,1112.7,1114.8,1113.4,1113.6,1113.6,1113.3,1112.9,1112.7,1112.8,1113.1,1102.5,1103.4,1104.2,1104.3,1103.8,1102.9,1102.1,1102.2,1104.1,1103.1,1102.3,1102.3,1103.5,1105.7,1108.0,1105.2,1102.6,1101.0,1101.1,1102.5,1103.4,1103.5,1103.9,1104.3,1104.6,1104.5,1104.1,1103.7,2.7,50.7,1249.9,0.215,0.047,-0.044000000000000004,468.7,473.7,483.2,495.2,514.9,544.5,576.9,614.0,654.1,693.0,728.9,761.1,787.2,803.9,812.8,818.6,820.7,496.9,520.9,551.4,582.8,612.3,669.0,701.2,732.0,763.1,786.4,643.2,644.1,645.1,646.5,612.1,629.3,646.7,664.7,681.0,535.8,555.1,578.5,597.2,577.5,554.1,687.8,705.8,728.9,748.2,731.5,709.0,583.2,605.9,630.7,648.0,666.8,692.1,714.2,694.2,670.8,650.4,631.1,605.9,594.4,631.2,648.7,667.9,703.5,668.3,648.8,630.8,377.7,427.7,477.5,525.0,569.5,607.5,638.5,661.9,666.7,657.1,630.4,596.2,557.1,512.2,464.8,416.9,368.3,359.6,341.7,336.9,339.9,348.8,345.6,334.8,330.4,334.0,349.7,386.5,414.9,443.1,472.5,495.7,500.6,504.9,499.5,493.7,393.0,382.3,382.2,395.7,401.3,401.4,391.4,376.8,376.2,385.3,394.6,395.9,560.9,544.2,535.3,539.7,534.8,541.6,554.9,582.6,595.4,598.2,596.9,586.5,561.4,552.8,553.9,551.7,556.7,569.4,572.2,570.7,-74.0,-72.1,-68.2,-63.1,-54.4,-41.4,-27.2,-11.1,6.0,22.6,38.2,52.2,63.5,70.5,74.1,76.4,77.2,-60.0,-49.6,-36.7,-23.6,-11.4,11.9,25.2,38.1,51.1,61.1,1.3,1.7,2.1,2.6,-11.6,-4.4,2.8,10.2,16.9,-43.6,-35.4,-25.6,-17.8,-26.0,-35.8,19.8,27.3,36.9,45.0,38.0,28.7,-23.9,-14.2,-3.9,3.3,11.1,21.7,31.1,22.7,12.8,4.3,-3.7,-14.3,-19.2,-3.7,3.6,11.6,26.6,11.8,3.7,-3.8,7.6,29.3,51.1,71.9,91.1,107.2,119.9,128.9,130.6,126.8,116.2,101.9,85.0,65.5,44.9,24.3,3.5,-0.2,-7.6,-9.6,-8.3,-4.6,-5.9,-10.4,-12.2,-10.8,-4.3,10.9,22.5,34.0,46.0,56.2,58.1,59.8,57.6,55.3,13.8,9.3,9.2,14.9,17.2,17.2,13.0,7.0,6.7,10.5,14.4,14.9,84.7,76.8,72.6,74.4,72.4,75.5,81.8,93.0,98.0,99.2,98.8,94.9,84.7,80.1,80.5,79.6,82.5,87.1,88.2,87.7,1295.4,1300.0,1304.9,1307.2,1304.3,1299.5,1291.9,1281.2,1277.5,1280.7,1288.7,1293.8,1293.6,1290.7,1286.6,1283.5,1281.7,1258.3,1250.1,1243.1,1237.4,1233.5,1233.2,1236.8,1240.7,1245.3,1251.1,1235.5,1232.5,1229.2,1226.3,1242.9,1239.9,1237.9,1238.8,1239.9,1253.9,1248.9,1247.3,1247.0,1247.8,1249.8,1246.3,1244.4,1245.1,1248.7,1246.0,1245.3,1264.6,1250.1,1243.1,1241.7,1241.5,1247.8,1259.5,1253.2,1248.8,1248.9,1250.7,1256.3,1262.3,1246.9,1245.2,1245.2,1257.9,1246.9,1246.9,1248.7,2.386,0.258,0.053,-0.045,646.714,481.23,-32.191,6.781000000000001,-6.297000000000001,1.329,-0.25,-7.617000000000001,5.143,-6.081,3.2910000000000004,-6.478,-6.651,2.747,-1.3630000000000002,3.7569999999999997,-2.4819999999999998,4.035,1.6059999999999999,-3.5580000000000003,1.5590000000000002,-4.284,0.976,-2.015,-0.846,-0.022000000000000002,-2.437,0.9359999999999999,0.6890000000000001,0.736,0.792,0.067,0.528,-0.752,0.335,0.052000000000000005,0.0,0.1,0.15,0.57,0.0,0.0,0.0,0.0,0.0,0.03,0.64,0.0,0.7,0.0,1.42,1.01,0.0,0.0,0.0,1.0,1.0,0.0,0.0,0.0,0.0,0.0,0.0,1.0,0.0,1.0,0.0,1.0,1.0,0.0,0.0
94,3.103,0.98,0.12164200000000001,0.246135,-0.961572,-0.074407,0.28644899999999995,-0.955202,0.025,0.271,554.4,559.1,570.4,581.6,586.3,582.3,570.3,559.0,538.2,544.5,554.6,567.2,579.7,589.2,595.7,588.7,578.4,566.7,555.2,545.2,565.5,570.3,575.0,577.0,575.1,570.3,565.6,563.6,700.8,704.1,715.0,727.1,733.3,730.0,719.1,706.2,690.3,696.8,705.9,717.9,729.9,739.6,747.2,741.1,732.4,721.8,709.9,698.6,711.9,717.9,723.3,724.9,721.9,715.9,710.4,708.8,389.2,377.9,373.2,377.9,389.3,401.3,405.3,400.6,391.7,385.7,382.2,380.4,382.4,387.7,395.5,398.6,400.2,400.9,399.7,396.6,393.7,395.7,393.7,388.9,384.1,382.2,384.1,388.9,385.7,373.8,367.8,371.4,382.4,394.3,400.3,397.8,390.4,382.7,377.1,374.1,375.3,378.9,385.2,390.4,393.5,395.2,395.3,394.6,390.9,392.7,389.8,383.8,378.4,376.6,379.5,385.5,-31.8,-30.0,-25.8,-21.6,-19.9,-21.4,-25.9,-30.1,-37.9,-35.5,-31.7,-27.0,-22.4,-18.9,-16.5,-19.1,-22.9,-27.2,-31.5,-35.3,-27.7,-25.9,-24.1,-23.4,-24.1,-25.9,-27.6,-28.4,22.3,23.6,27.6,32.1,34.3,33.1,29.1,24.3,18.5,20.9,24.2,28.6,33.1,36.7,39.6,37.2,33.9,30.0,25.6,21.5,26.4,28.6,30.6,31.3,30.1,27.9,25.9,25.3,10.8,6.6,4.9,6.6,10.9,15.3,16.8,15.1,11.8,9.6,8.2,7.5,8.3,10.3,13.2,14.3,14.9,15.2,14.7,13.6,12.5,13.3,12.5,10.7,9.0,8.2,9.0,10.7,9.5,5.1,2.9,4.2,8.2,12.6,14.8,13.9,11.2,8.4,6.3,5.2,5.6,7.0,9.3,11.2,12.3,12.9,13.0,12.7,11.4,12.0,10.9,8.8,6.8,6.1,7.2,9.4,1113.2,1112.5,1112.2,1112.6,1113.4,1114.5,1114.4,1114.1,1118.3,1115.4,1112.6,1111.3,1112.0,1113.7,1115.9,1114.7,1113.3,1112.9,1114.0,1116.1,1114.5,1114.6,1114.5,1114.2,1113.9,1113.7,1113.8,1114.1,1102.0,1103.1,1104.0,1104.1,1103.4,1102.3,1101.4,1101.5,1103.4,1102.5,1101.9,1101.9,1103.2,1105.3,1107.7,1104.6,1101.9,1100.3,1100.3,1101.7,1102.8,1102.9,1103.3,1103.9,1104.2,1104.2,1103.7,1103.2,2.9,50.5,1249.8,0.214,0.046,-0.045,468.8,473.9,483.5,495.5,515.4,545.1,577.5,614.4,654.3,693.0,729.0,761.5,787.7,804.5,813.3,819.1,821.1,496.9,520.8,551.4,583.0,612.7,669.1,701.4,732.2,763.5,786.8,643.7,644.6,645.7,647.1,612.6,629.9,647.4,665.4,681.6,536.2,555.5,579.0,597.7,578.0,554.5,688.2,706.1,729.3,748.6,732.0,709.4,583.6,606.6,631.5,648.8,667.4,692.8,715.0,694.8,671.4,651.1,631.8,606.6,594.7,632.0,649.5,668.6,704.3,668.8,649.5,631.5,377.2,427.3,477.2,524.8,569.3,607.4,638.3,661.7,666.5,656.9,630.0,595.6,556.3,511.2,463.7,415.7,367.1,359.4,341.3,336.3,339.3,348.2,345.0,334.0,329.7,333.3,349.1,385.9,414.3,442.6,472.0,495.3,500.3,504.6,499.0,493.3,392.6,381.8,381.7,395.2,400.8,401.0,390.7,376.1,375.4,384.5,393.9,395.3,560.3,543.8,535.0,539.3,534.5,541.1,553.9,581.7,594.5,597.3,596.0,585.7,560.8,552.5,553.6,551.3,555.9,568.5,571.3,569.8,-73.9,-72.0,-68.1,-63.0,-54.2,-41.1,-26.9,-10.9,6.1,22.6,38.2,52.4,63.7,70.7,74.3,76.6,77.4,-60.0,-49.7,-36.7,-23.5,-11.2,12.0,25.3,38.2,51.3,61.2,1.5,1.9,2.3,2.9,-11.3,-4.2,3.0,10.5,17.2,-43.4,-35.2,-25.4,-17.6,-25.8,-35.6,20.0,27.4,37.1,45.2,38.2,28.8,-23.8,-13.9,-3.5,3.6,11.4,21.9,31.5,22.9,13.1,4.6,-3.4,-14.0,-19.0,-3.3,3.9,11.9,27.0,12.0,3.9,-3.5,7.4,29.2,51.0,71.8,91.0,107.1,119.8,128.8,130.5,126.7,116.0,101.6,84.7,65.0,44.5,23.8,3.1,-0.3,-7.8,-9.8,-8.5,-4.9,-6.2,-10.7,-12.5,-11.1,-4.6,10.7,22.3,33.8,45.8,56.1,58.0,59.6,57.4,55.1,13.6,9.1,9.0,14.6,17.0,17.1,12.8,6.7,6.4,10.2,14.1,14.6,84.4,76.6,72.5,74.2,72.2,75.3,81.4,92.6,97.6,98.7,98.3,94.5,84.5,80.0,80.4,79.4,82.2,86.6,87.8,87.3,1295.4,1299.9,1304.8,1307.0,1304.0,1299.1,1291.6,1281.1,1277.5,1280.7,1288.6,1293.7,1293.4,1290.5,1286.6,1283.5,1281.7,1258.3,1250.1,1243.1,1237.4,1233.6,1233.5,1237.0,1240.9,1245.4,1251.1,1235.5,1232.5,1229.2,1226.3,1242.8,1239.9,1237.9,1238.8,1239.9,1253.7,1248.8,1247.2,1246.9,1247.7,1249.6,1246.3,1244.4,1245.2,1248.7,1246.1,1245.4,1264.6,1250.2,1243.2,1241.8,1241.6,1248.0,1259.7,1253.2,1248.6,1248.6,1250.4,1256.1,1262.4,1247.0,1245.3,1245.3,1258.1,1246.7,1246.6,1248.4,2.386,0.257,0.051,-0.046,647.179,480.662,-32.383,6.805,-6.439,1.041,-0.254,-6.942,4.758,-6.5360000000000005,3.367,-6.524,-7.148,3.228,-1.579,3.745,-2.696,3.6860000000000004,1.6159999999999999,-3.845,1.8980000000000001,-4.215,0.8740000000000001,-2.327,-0.795,0.107,-2.3569999999999998,1.0959999999999999,0.782,0.7490000000000001,0.833,0.025,0.612,-0.718,0.369,0.054000000000000006,0.0,0.15,0.11,0.59,0.0,0.0,0.0,0.0,0.0,0.03,0.65,0.0,0.66,0.0,1.42,0.99,0.0,0.0,0.0,1.0,1.0,0.0,0.0,0.0,0.0,0.0,0.0,1.0,0.0,1.0,0.0,1.0,1.0,0.0,0.0
95,3.136,0.98,0.116005,0.247214,-0.961992,-0.070767,0.280599,-0.9572129999999999,0.024,0.268,554.5,559.1,570.3,581.5,586.3,582.4,570.4,559.2,538.4,544.7,554.9,567.4,579.8,589.3,595.9,588.9,578.7,567.0,555.4,545.4,565.6,570.4,575.1,577.1,575.1,570.3,565.5,563.6,701.1,704.4,715.4,727.5,733.7,730.4,719.5,706.6,690.6,696.9,706.0,718.1,730.2,740.1,747.6,741.5,732.7,722.0,710.0,698.8,712.4,718.2,723.5,725.1,722.1,716.3,711.0,709.4,388.8,377.4,372.7,377.3,388.6,400.7,404.8,400.1,391.2,385.2,381.5,379.7,381.9,387.2,395.0,397.9,399.3,399.9,398.9,395.9,393.3,395.2,393.2,388.4,383.6,381.6,383.6,388.5,384.9,372.8,366.8,370.3,381.3,393.4,399.4,397.0,389.8,382.0,376.4,373.3,374.4,377.9,384.2,389.5,392.7,394.5,394.7,393.9,389.8,391.5,388.6,382.8,377.5,375.8,378.7,384.5,-31.9,-30.1,-25.9,-21.8,-20.0,-21.5,-25.9,-30.1,-38.0,-35.5,-31.7,-27.0,-22.4,-18.9,-16.5,-19.1,-22.8,-27.2,-31.5,-35.3,-27.7,-26.0,-24.2,-23.5,-24.2,-26.0,-27.7,-28.5,22.5,23.7,27.7,32.2,34.5,33.2,29.2,24.5,18.6,20.9,24.2,28.7,33.2,36.8,39.7,37.4,34.0,30.1,25.7,21.6,26.6,28.8,30.7,31.3,30.2,28.1,26.1,25.5,10.7,6.5,4.7,6.4,10.7,15.2,16.7,15.0,11.7,9.4,8.0,7.3,8.1,10.1,13.1,14.1,14.6,14.9,14.5,13.4,12.4,13.1,12.4,10.6,8.8,8.1,8.8,10.6,9.1,4.7,2.5,3.8,7.8,12.3,14.5,13.6,11.0,8.1,6.0,4.9,5.3,6.6,8.9,10.9,12.0,12.6,12.7,12.4,10.9,11.6,10.5,8.4,6.4,5.8,6.9,9.0,1117.1,1116.4,1116.2,1116.6,1117.3,1118.3,1118.2,1117.8,1122.1,1119.3,1116.5,1115.2,1116.0,1117.7,1119.8,1118.5,1117.1,1116.7,1117.7,1119.9,1118.3,1118.4,1118.3,1118.0,1117.7,1117.6,1117.7,1118.0,1101.7,1102.7,1103.5,1103.6,1102.9,1101.9,1101.1,1101.2,1103.1,1102.1,1101.5,1101.4,1102.7,1104.8,1107.2,1104.2,1101.6,1100.1,1100.1,1101.5,1102.5,1102.6,1102.9,1103.4,1103.7,1103.7,1103.3,1102.8,3.1,50.1,1248.7,0.212,0.046,-0.047,468.6,474.0,483.8,495.9,515.8,545.5,578.0,615.1,655.4,694.4,730.5,762.8,788.6,805.0,813.6,819.3,821.3,496.9,520.7,551.5,583.2,613.0,669.1,701.4,732.4,763.7,787.1,644.0,645.0,646.1,647.5,612.9,630.3,647.8,665.9,682.1,536.4,555.7,579.1,597.9,578.2,554.8,688.4,706.4,729.6,748.9,732.2,709.7,584.0,606.8,631.6,649.0,667.7,693.0,715.3,695.2,671.7,651.4,632.0,606.9,595.1,632.2,649.7,668.9,704.6,669.2,649.8,631.8,376.9,427.1,477.0,524.6,569.0,606.9,637.6,660.6,665.3,655.6,628.8,594.5,555.4,510.4,463.1,415.2,366.6,359.3,340.8,335.7,338.7,347.6,344.4,333.3,328.8,332.4,348.3,385.1,413.5,441.8,471.3,494.5,499.4,503.7,498.2,492.3,392.0,381.2,381.0,394.6,400.1,400.3,390.0,375.3,374.6,383.7,393.0,394.4,559.7,543.0,534.0,538.4,533.5,540.2,553.4,581.0,593.7,596.5,595.2,585.0,560.1,551.4,552.5,550.3,555.3,567.8,570.6,569.2,-74.0,-71.9,-67.9,-62.7,-54.0,-40.9,-26.7,-10.6,6.5,23.2,38.8,52.9,64.0,70.9,74.4,76.7,77.4,-60.0,-49.7,-36.7,-23.4,-11.1,12.0,25.3,38.2,51.3,61.3,1.7,2.1,2.5,3.1,-11.2,-4.0,3.2,10.7,17.4,-43.3,-35.1,-25.3,-17.5,-25.7,-35.5,20.1,27.5,37.2,45.3,38.3,28.9,-23.6,-13.8,-3.5,3.7,11.5,22.0,31.6,23.0,13.2,4.7,-3.3,-13.9,-18.9,-3.3,4.0,12.0,27.1,12.1,4.1,-3.4,7.3,29.1,50.9,71.7,90.8,106.8,119.4,128.2,129.8,126.0,115.3,101.0,84.2,64.7,44.2,23.6,2.8,-0.3,-8.0,-10.1,-8.8,-5.1,-6.4,-11.0,-12.9,-11.4,-4.9,10.3,22.0,33.5,45.4,55.7,57.5,59.2,57.0,54.6,13.4,8.8,8.7,14.4,16.7,16.8,12.4,6.3,6.0,9.8,13.7,14.3,84.1,76.2,72.0,73.8,71.7,74.9,81.1,92.2,97.2,98.3,97.9,94.1,84.1,79.5,79.8,78.9,81.8,86.3,87.4,87.0,1295.1,1299.5,1304.2,1306.3,1303.2,1298.3,1290.5,1279.6,1275.9,1279.2,1287.4,1292.7,1292.5,1289.7,1285.8,1282.8,1281.2,1257.6,1249.3,1242.2,1236.4,1232.4,1232.4,1235.9,1239.9,1244.5,1250.4,1234.5,1231.4,1228.1,1225.2,1241.8,1238.8,1236.7,1237.6,1238.8,1252.8,1247.9,1246.3,1246.0,1246.7,1248.7,1245.4,1243.5,1244.3,1247.8,1245.1,1244.4,1263.5,1249.0,1242.0,1240.6,1240.4,1246.8,1258.5,1251.9,1247.3,1247.4,1249.2,1255.0,1261.2,1245.7,1244.0,1244.0,1256.9,1245.6,1245.5,1247.3,2.388,0.254,0.052000000000000005,-0.048,647.521,479.92,-31.006,7.336,-6.26,0.778,-0.049,-7.1129999999999995,5.055,-6.252999999999999,3.307,-6.0760000000000005,-6.903,2.7889999999999997,-1.3969999999999998,4.018,-2.635,4.0169999999999995,2.084,-3.593,1.4569999999999999,-4.053,0.898,-2.0869999999999997,-0.682,-0.16699999999999998,-2.391,0.941,0.725,0.687,0.77,0.08199999999999999,0.589,-0.691,0.303,0.051,0.0,0.15,0.14,0.69,0.0,0.0,0.0,0.0,0.0,0.01,0.66,0.0,0.71,0.0,1.43,0.96,0.0,0.0,0.0,1.0,1.0,0.0,0.0,0.0,0.0,0.0,0.0,1.0,0.0,1.0,0.0,1.0,1.0,0.0,0.0
96,3.17,0.98,0.114994,0.252237,-0.960809,-0.069226,0.281031,-0.957199,0.024,0.271,554.9,559.6,570.9,582.1,586.7,582.7,570.6,559.4,538.5,545.2,555.5,568.0,580.3,589.7,596.2,589.3,579.2,567.6,555.9,545.8,565.9,570.6,575.4,577.5,575.5,570.7,565.9,563.9,701.5,704.8,715.6,727.7,734.0,730.7,719.8,707.0,691.0,697.3,706.3,718.3,730.4,740.2,747.7,741.6,732.9,722.3,710.4,699.1,712.7,718.6,723.9,725.5,722.4,716.5,711.2,709.6,388.0,376.7,372.0,376.7,388.1,400.1,404.1,399.4,390.2,384.3,380.7,378.9,381.1,386.4,394.2,397.2,398.7,399.3,398.2,395.1,392.6,394.6,392.6,387.8,382.9,380.9,382.9,387.7,384.0,372.0,366.0,369.5,380.4,392.4,398.4,395.9,388.7,381.0,375.4,372.3,373.5,377.1,383.5,388.7,391.8,393.6,393.7,392.9,388.9,390.6,387.7,381.9,376.6,374.9,377.8,383.6,-31.7,-29.9,-25.7,-21.6,-19.9,-21.4,-25.9,-30.0,-38.0,-35.4,-31.5,-26.8,-22.2,-18.7,-16.4,-18.9,-22.6,-26.9,-31.3,-35.2,-27.6,-25.9,-24.1,-23.3,-24.0,-25.8,-27.6,-28.4,22.7,23.9,28.0,32.4,34.7,33.5,29.4,24.7,18.8,21.1,24.5,28.9,33.4,37.1,39.9,37.6,34.3,30.3,25.9,21.8,26.8,29.0,31.0,31.6,30.5,28.3,26.3,25.7,10.4,6.2,4.5,6.2,10.5,15.0,16.4,14.7,11.3,9.1,7.7,7.0,7.8,9.8,12.8,13.9,14.4,14.6,14.2,13.1,12.1,12.9,12.2,10.3,8.5,7.8,8.5,10.3,8.8,4.4,2.2,3.5,7.5,12.0,14.1,13.3,10.6,7.7,5.7,4.5,5.0,6.3,8.7,10.6,11.7,12.4,12.4,12.1,10.7,11.3,10.2,8.1,6.1,5.5,6.6,8.7,1117.4,1116.7,1116.6,1117.0,1117.8,1118.8,1118.6,1118.2,1122.1,1119.4,1116.7,1115.6,1116.5,1118.2,1120.5,1119.1,1117.6,1117.1,1118.0,1120.0,1118.7,1118.9,1118.8,1118.5,1118.2,1118.0,1118.0,1118.3,1106.6,1107.7,1108.5,1108.6,1107.9,1106.8,1106.0,1106.1,1108.1,1107.1,1106.5,1106.5,1107.7,1109.8,1112.0,1109.1,1106.5,1104.9,1104.9,1106.4,1107.4,1107.4,1107.8,1108.4,1108.7,1108.7,1108.3,1107.7,3.3,49.8,1250.6,0.213,0.045,-0.048,469.3,474.4,484.0,496.0,515.8,545.6,578.5,616.1,656.4,695.1,730.8,762.8,788.8,805.4,814.1,819.8,821.7,497.7,521.5,552.1,583.6,613.2,669.6,701.9,732.8,764.1,787.5,644.2,645.3,646.5,648.0,613.4,630.8,648.2,666.3,682.5,536.9,556.1,579.6,598.3,578.6,555.2,688.8,706.6,729.8,749.1,732.5,710.0,584.5,607.3,632.2,649.6,668.3,693.7,716.0,696.0,672.5,652.2,632.8,607.5,595.7,632.7,650.4,669.5,705.3,669.9,650.5,632.4,377.2,427.0,476.5,523.8,568.0,605.9,636.7,659.8,664.4,654.6,627.9,593.8,554.8,509.8,462.3,414.3,365.6,358.1,339.9,334.9,337.8,346.7,343.4,332.2,327.7,331.3,347.0,384.4,412.8,441.1,470.5,493.6,498.5,502.8,497.2,491.4,391.3,380.4,380.2,393.8,399.4,399.5,389.1,374.4,373.6,382.7,392.1,393.5,558.8,542.0,533.0,537.3,532.5,539.1,552.3,580.1,592.9,595.7,594.4,584.3,559.2,550.5,551.6,549.3,554.2,567.0,569.8,568.3,-73.8,-71.8,-67.9,-62.8,-54.0,-40.9,-26.5,-10.2,7.0,23.5,39.0,53.0,64.2,71.2,74.7,77.0,77.7,-59.7,-49.4,-36.5,-23.3,-11.0,12.2,25.6,38.4,51.6,61.6,1.7,2.2,2.7,3.3,-11.0,-3.8,3.4,10.9,17.6,-43.1,-35.0,-25.1,-17.4,-25.5,-35.3,20.3,27.7,37.3,45.4,38.4,29.1,-23.4,-13.6,-3.2,4.0,11.7,22.4,31.9,23.4,13.6,5.1,-3.0,-13.6,-18.7,-3.0,4.3,12.2,27.4,12.4,4.4,-3.2,7.4,29.1,50.7,71.4,90.5,106.6,119.2,128.1,129.6,125.8,115.1,100.9,84.0,64.5,43.9,23.2,2.4,-0.8,-8.4,-10.4,-9.2,-5.5,-6.8,-11.5,-13.4,-11.9,-5.4,10.1,21.7,33.2,45.2,55.4,57.3,59.0,56.7,54.3,13.1,8.5,8.4,14.0,16.4,16.5,12.1,6.0,5.7,9.5,13.3,13.9,83.9,75.9,71.7,73.4,71.4,74.6,80.8,92.0,97.0,98.2,97.8,94.0,83.9,79.2,79.6,78.6,81.5,86.1,87.2,86.8,1296.1,1300.6,1305.5,1307.7,1304.8,1299.9,1292.2,1281.4,1277.7,1281.0,1289.0,1294.2,1294.2,1291.4,1287.4,1284.3,1282.4,1259.1,1250.9,1243.9,1238.3,1234.4,1234.1,1237.6,1241.6,1246.2,1252.0,1236.3,1233.3,1230.1,1227.3,1243.7,1240.8,1238.8,1239.7,1240.8,1254.6,1249.7,1248.1,1247.8,1248.5,1250.5,1247.0,1245.1,1245.9,1249.5,1246.8,1246.1,1265.4,1250.9,1243.9,1242.5,1242.2,1248.6,1260.3,1253.9,1249.4,1249.5,1251.3,1257.0,1263.1,1247.7,1246.0,1245.9,1258.7,1247.6,1247.5,1249.4,2.385,0.255,0.051,-0.048,648.005,479.059,-32.754,6.4910000000000005,-6.382999999999999,0.43700000000000006,-0.039,-7.3020000000000005,4.992,-6.081,3.195,-6.102,-6.716,2.537,-1.442,3.784,-2.369,4.355,1.765,-3.576,1.776,-3.9589999999999996,0.657,-2.211,-0.92,-0.153,-2.571,1.107,0.547,0.732,0.868,0.053,0.581,-0.7909999999999999,0.317,0.063,0.0,0.14,0.19,0.82,0.0,0.0,0.0,0.0,0.0,0.0,0.64,0.0,0.72,0.0,1.45,1.0,0.0,0.0,0.0,1.0,1.0,0.0,0.0,0.0,0.0,0.0,0.0,1.0,0.0,1.0,0.0,1.0,1.0,0.0,0.0
97,3.2030000000000003,0.98,0.113575,0.24919000000000002,-0.961772,-0.07181,0.274498,-0.9589030000000001,0.022000000000000002,0.266,555.1,559.7,571.0,582.3,587.0,583.1,571.1,559.8,539.0,545.6,555.9,568.2,580.4,589.9,596.5,589.7,579.6,568.1,556.4,546.3,565.9,571.0,576.0,578.1,576.0,570.9,565.9,563.8,701.5,704.7,715.6,727.9,734.3,731.2,720.3,707.2,691.2,697.6,706.9,718.7,730.6,740.3,747.9,742.0,733.4,722.9,711.0,699.6,712.8,718.9,724.2,725.8,722.6,716.6,711.2,709.7,387.2,375.8,371.0,375.7,387.0,399.0,403.2,398.5,389.2,383.5,380.0,378.2,380.2,385.2,392.7,396.0,397.7,398.5,397.4,394.3,391.9,394.0,391.9,386.7,381.6,379.6,381.7,386.8,382.7,370.8,364.8,368.2,379.1,391.1,397.1,394.7,387.8,379.8,374.0,371.0,372.2,375.9,382.4,387.5,390.5,392.3,392.4,391.8,387.9,389.6,386.6,380.8,375.4,373.7,376.7,382.5,-31.6,-29.9,-25.7,-21.5,-19.8,-21.2,-25.7,-29.9,-37.8,-35.2,-31.3,-26.7,-22.2,-18.7,-16.2,-18.8,-22.5,-26.8,-31.2,-35.0,-27.6,-25.8,-23.9,-23.1,-23.9,-25.7,-27.6,-28.4,22.5,23.6,27.7,32.2,34.5,33.3,29.3,24.5,18.7,21.1,24.4,28.8,33.1,36.7,39.6,37.3,34.1,30.2,25.9,21.8,26.6,28.8,30.8,31.4,30.2,28.0,26.1,25.5,10.1,5.9,4.1,5.8,10.1,14.6,16.1,14.4,10.9,8.8,7.4,6.8,7.5,9.4,12.2,13.4,14.0,14.3,14.0,12.8,11.9,12.7,11.9,10.0,8.1,7.3,8.1,10.0,8.3,3.9,1.8,3.0,7.0,11.3,13.5,12.7,10.1,7.2,5.1,4.0,4.4,5.8,8.2,10.1,11.2,11.8,11.8,11.6,10.2,10.8,9.7,7.6,5.7,5.0,6.1,8.2,1117.6,1116.9,1116.8,1117.2,1118.0,1119.0,1118.8,1118.3,1122.4,1119.7,1117.1,1116.0,1116.8,1118.5,1120.7,1119.3,1117.8,1117.3,1118.2,1120.3,1118.9,1119.1,1119.0,1118.7,1118.4,1118.2,1118.2,1118.5,1095.6,1097.0,1098.1,1098.2,1097.2,1095.8,1094.7,1094.8,1096.7,1096.0,1095.6,1095.8,1097.1,1099.2,1101.3,1098.2,1095.4,1093.7,1093.6,1095.0,1096.3,1096.4,1096.9,1097.6,1098.1,1098.0,1097.5,1096.8,3.5,49.4,1249.9,0.207,0.040999999999999995,-0.048,469.7,474.8,484.5,496.8,516.8,546.7,579.5,617.0,657.0,695.4,730.6,762.5,788.7,805.6,814.5,820.2,822.0,498.3,522.1,552.7,584.2,613.7,669.9,702.2,733.1,764.4,787.9,644.6,645.8,647.1,648.7,614.1,631.4,649.0,667.0,683.3,537.2,556.4,579.8,598.7,579.0,555.6,689.1,707.0,730.1,749.4,732.9,710.4,585.5,608.2,632.9,650.4,669.2,694.6,716.6,696.9,673.5,653.1,633.6,608.4,596.6,633.4,651.1,670.4,706.1,670.8,651.3,633.1,376.3,426.3,476.0,523.4,567.6,605.4,636.1,659.0,663.7,654.2,628.0,594.2,555.2,509.8,461.8,413.1,363.9,357.5,339.2,334.1,336.9,345.4,342.0,330.9,326.5,330.3,346.0,383.1,411.4,439.7,469.1,492.5,497.3,501.6,496.0,490.2,390.5,379.5,379.2,392.7,398.3,398.6,387.9,373.2,372.4,381.5,390.8,392.3,558.2,541.2,532.1,536.4,531.6,538.3,551.6,579.1,591.8,594.6,593.3,583.2,558.6,549.5,550.5,548.3,553.4,566.0,568.8,567.3,-73.5,-71.6,-67.6,-62.4,-53.5,-40.4,-26.0,-9.8,7.2,23.6,38.9,52.8,64.1,71.3,74.9,77.2,77.8,-59.5,-49.1,-36.2,-23.0,-10.8,12.3,25.7,38.5,51.7,61.7,1.9,2.4,2.9,3.6,-10.7,-3.5,3.7,11.2,17.9,-43.0,-34.8,-25.0,-17.2,-25.4,-35.1,20.4,27.8,37.4,45.6,38.6,29.2,-23.0,-13.3,-2.9,4.3,12.1,22.7,32.2,23.8,14.0,5.4,-2.7,-13.2,-18.2,-2.7,4.6,12.6,27.7,12.8,4.7,-2.9,7.0,28.7,50.5,71.2,90.2,106.2,118.8,127.6,129.2,125.5,115.1,101.0,84.2,64.5,43.7,22.8,1.7,-1.1,-8.7,-10.7,-9.5,-6.0,-7.4,-12.0,-13.9,-12.4,-5.8,9.5,21.1,32.6,44.6,54.9,56.8,58.4,56.1,53.8,12.7,8.1,8.0,13.6,15.9,16.1,11.6,5.5,5.2,8.9,12.8,13.4,83.5,75.5,71.3,73.0,71.0,74.2,80.4,91.5,96.5,97.6,97.2,93.4,83.5,78.7,79.1,78.1,81.1,85.6,86.8,86.3,1295.6,1299.8,1304.6,1306.7,1303.6,1298.7,1291.0,1280.4,1276.8,1280.2,1288.5,1293.9,1294.1,1291.6,1287.7,1284.7,1282.9,1258.7,1250.6,1243.7,1238.0,1234.1,1233.9,1237.5,1241.6,1246.3,1252.2,1235.9,1232.8,1229.4,1226.4,1242.9,1239.9,1237.8,1238.8,1240.0,1254.2,1249.3,1247.8,1247.4,1248.1,1250.1,1246.7,1244.9,1245.8,1249.3,1246.5,1245.8,1264.4,1250.0,1243.1,1241.7,1241.5,1247.9,1259.6,1253.1,1248.5,1248.6,1250.4,1256.1,1262.1,1246.8,1245.1,1245.0,1258.0,1246.8,1246.8,1248.6,2.386,0.249,0.046,-0.048,648.586,478.15,-31.754,5.755,-6.001,1.4680000000000002,0.054000000000000006,-6.912000000000001,5.53,-5.912999999999999,3.552,-6.562,-7.046,2.583,-1.258,3.7030000000000003,-2.846,4.445,1.538,-3.7030000000000003,1.466,-4.433,0.44299999999999995,-1.8030000000000002,-0.938,-0.07400000000000001,-2.562,1.113,0.484,0.7659999999999999,0.782,-0.028999999999999998,0.594,-0.833,0.34600000000000003,0.11900000000000001,0.0,0.13,0.16,0.99,0.0,0.0,0.0,0.0,0.0,0.0,0.62,0.0,0.8,0.0,1.48,1.03,0.0,0.0,0.0,1.0,1.0,0.0,0.0,0.0,0.0,0.0,0.0,1.0,0.0,1.0,0.0,1.0,1.0,0.0,0.0
98,3.237,0.98,0.091891,0.269805,-0.95852,-0.068986,0.282605,-0.9567530000000001,0.012,0.281,555.2,559.7,570.8,582.0,586.7,583.0,571.1,559.9,539.6,546.3,556.5,568.8,580.9,590.3,596.9,590.1,580.1,568.5,556.9,546.8,566.0,571.0,575.9,578.0,575.9,570.9,565.9,563.9,702.3,705.8,716.7,728.7,734.7,731.2,720.3,707.6,691.9,698.0,706.9,719.0,731.2,741.2,748.6,742.5,733.6,722.8,710.9,699.9,713.4,719.3,724.6,726.3,723.3,717.5,712.2,710.5,387.2,375.9,371.2,375.7,386.9,398.9,403.0,398.4,389.0,383.0,379.2,377.4,379.6,384.8,392.3,395.6,397.0,397.7,396.7,393.8,391.9,394.0,391.8,386.8,381.8,379.8,381.9,386.9,381.9,370.0,364.1,367.6,378.6,390.6,396.5,393.9,386.8,379.1,373.5,370.5,371.6,375.0,381.3,386.6,389.8,391.6,391.7,390.9,386.9,388.6,385.7,379.9,374.5,372.8,375.7,381.5,-31.9,-30.2,-26.0,-21.8,-20.1,-21.5,-26.0,-30.2,-38.0,-35.4,-31.4,-26.8,-22.2,-18.7,-16.3,-18.8,-22.6,-26.9,-31.3,-35.2,-27.9,-26.0,-24.2,-23.4,-24.2,-26.1,-27.9,-28.7,23.1,24.4,28.5,32.9,35.1,33.8,29.8,25.1,19.3,21.5,24.8,29.3,33.8,37.6,40.5,38.1,34.7,30.7,26.3,22.2,27.2,29.4,31.4,32.0,30.9,28.8,26.8,26.2,10.3,6.0,4.2,5.9,10.1,14.7,16.2,14.5,11.0,8.7,7.2,6.6,7.4,9.4,12.2,13.4,13.9,14.2,13.8,12.8,12.0,12.8,12.0,10.1,8.2,7.4,8.3,10.2,8.1,3.7,1.5,2.8,6.9,11.3,13.5,12.6,9.9,7.1,5.0,3.9,4.3,5.6,7.9,9.9,11.1,11.7,11.7,11.5,10.0,10.6,9.6,7.4,5.4,4.7,5.8,8.0,1130.2,1129.7,1129.5,1129.8,1130.4,1131.2,1131.1,1130.8,1135.0,1132.4,1129.7,1128.6,1129.4,1131.1,1133.2,1131.7,1130.2,1129.7,1130.6,1132.7,1131.3,1131.5,1131.4,1131.2,1130.9,1130.8,1130.8,1131.1,1112.3,1113.1,1113.7,1113.7,1113.2,1112.4,1111.8,1112.0,1114.1,1112.9,1112.0,1111.8,1112.9,1115.1,1117.5,1114.7,1112.3,1110.8,1111.0,1112.4,1113.1,1113.1,1113.4,1113.8,1114.1,1114.0,1113.7,1113.4,3.8,49.1,1249.0,0.21100000000000002,0.045,-0.051,470.3,475.7,485.5,497.8,517.7,547.6,580.5,618.0,658.3,697.1,732.7,764.7,790.6,807.0,815.6,821.1,822.7,498.5,522.1,552.6,584.2,613.9,670.5,702.8,733.7,765.0,788.2,645.3,646.6,647.9,649.6,615.0,632.4,649.8,667.8,684.0,537.8,557.0,580.4,599.1,579.5,556.2,689.6,707.4,730.5,749.8,733.2,710.8,586.3,608.9,633.8,651.2,669.8,695.2,717.4,697.6,674.2,653.9,634.6,609.2,597.5,634.4,652.0,671.1,706.8,671.5,652.2,634.1,376.5,426.3,475.8,523.0,567.2,604.9,635.6,658.7,663.2,653.3,626.2,591.8,552.7,507.7,460.3,412.4,364.0,357.0,338.6,333.2,335.9,344.6,341.2,330.0,325.6,329.2,344.9,382.6,411.0,439.2,468.6,492.1,496.9,501.1,495.5,489.6,389.9,379.0,378.7,392.1,397.8,398.0,387.1,372.4,371.7,380.7,390.0,391.5,557.7,540.5,531.4,535.7,530.8,537.5,550.8,578.7,591.6,594.5,593.2,583.0,558.0,549.1,550.1,547.9,552.7,565.4,568.2,566.8,-73.3,-71.2,-67.2,-61.9,-53.1,-40.0,-25.6,-9.4,7.8,24.3,39.8,53.7,64.9,71.8,75.3,77.4,78.0,-59.3,-49.1,-36.2,-23.0,-10.7,12.5,25.9,38.8,51.9,61.8,2.2,2.7,3.2,3.9,-10.3,-3.2,4.1,11.5,18.2,-42.7,-34.5,-24.8,-17.0,-25.1,-34.9,20.6,28.0,37.6,45.7,38.7,29.4,-22.6,-12.9,-2.6,4.6,12.3,23.0,32.5,24.1,14.2,5.8,-2.3,-12.9,-17.9,-2.3,5.0,12.9,28.0,13.1,5.1,-2.5,7.1,28.7,50.3,71.0,90.0,106.0,118.6,127.4,129.0,125.1,114.2,99.9,83.0,63.5,43.0,22.4,1.7,-1.3,-8.9,-11.1,-9.9,-6.3,-7.7,-12.4,-14.2,-12.8,-6.3,9.3,20.9,32.4,44.4,54.7,56.5,58.2,55.9,53.5,12.5,7.9,7.8,13.3,15.7,15.8,11.3,5.2,4.9,8.6,12.5,13.1,83.3,75.2,71.0,72.7,70.6,73.8,80.0,91.3,96.3,97.5,97.2,93.3,83.2,78.5,78.8,77.9,80.7,85.3,86.5,86.0,1294.9,1299.5,1304.3,1306.5,1303.4,1298.3,1290.5,1279.7,1276.0,1279.3,1287.3,1292.6,1292.5,1289.9,1285.9,1282.9,1281.1,1257.7,1249.5,1242.5,1236.8,1232.9,1232.8,1236.4,1240.4,1245.1,1250.8,1234.8,1231.8,1228.5,1225.7,1242.1,1239.2,1237.2,1238.0,1239.1,1253.0,1248.1,1246.5,1246.3,1246.9,1248.9,1245.7,1243.8,1244.6,1248.1,1245.4,1244.7,1263.6,1249.1,1242.1,1240.7,1240.5,1246.9,1258.6,1252.3,1247.9,1247.9,1249.7,1255.3,1261.3,1246.0,1244.3,1244.2,1257.0,1246.0,1245.9,1247.7,2.388,0.253,0.05,-0.052000000000000005,649.3480000000001,477.483,-32.304,7.2170000000000005,-6.372000000000001,0.8690000000000001,-0.009000000000000001,-7.565,5.322,-5.934,3.395,-5.789,-6.739,2.642,-0.9840000000000001,3.861,-2.1,4.149,1.74,-3.8680000000000003,1.7069999999999999,-4.227,0.535,-2.306,-0.645,0.025,-2.785,1.0390000000000001,0.5579999999999999,0.74,0.7979999999999999,-0.038,0.5529999999999999,-0.8270000000000001,0.33399999999999996,0.128,0.0,0.17,0.15,0.98,0.0,0.0,0.0,0.0,0.0,0.01,0.6,0.0,0.79,0.0,1.48,1.05,0.0,0.0,0.0,1.0,1.0,0.0,0.0,0.0,0.0,0.0,0.0,1.0,0.0,1.0,0.0,1.0,1.0,0.0,0.0
99,3.27,0.98,0.09300399999999999,0.26865100000000003,-0.9587370000000001,-0.073627,0.28115300000000004,-0.956834,0.01,0.28,556.1,560.6,571.7,583.0,587.7,584.0,572.1,560.9,540.3,547.2,557.6,569.8,581.8,591.1,597.7,591.0,581.1,569.7,557.9,547.7,566.8,571.9,576.9,579.0,576.8,571.8,566.7,564.7,703.0,706.2,717.1,729.2,735.4,732.2,721.3,708.4,692.6,699.0,708.2,720.1,732.0,741.7,749.2,743.1,734.3,723.6,711.8,700.7,714.1,720.0,725.4,727.0,723.9,718.0,712.6,711.0,387.1,375.7,370.8,375.3,386.5,398.6,402.8,398.3,388.6,382.7,379.0,377.2,379.3,384.4,392.0,395.3,396.8,397.5,396.5,393.5,391.8,393.8,391.6,386.5,381.4,379.3,381.5,386.7,381.6,369.6,363.6,367.1,378.0,389.9,396.0,393.6,386.5,378.6,372.8,369.8,371.0,374.7,381.1,386.4,389.5,391.2,391.3,390.6,386.6,388.3,385.3,379.4,374.1,372.4,375.3,381.2,-31.6,-29.9,-25.7,-21.5,-19.7,-21.1,-25.6,-29.8,-37.7,-35.0,-31.0,-26.4,-21.9,-18.4,-16.0,-18.5,-22.2,-26.5,-30.9,-34.8,-27.6,-25.7,-23.8,-23.0,-23.8,-25.7,-27.6,-28.4,23.2,24.4,28.5,32.9,35.2,34.0,30.0,25.2,19.4,21.8,25.1,29.5,34.0,37.6,40.5,38.1,34.8,30.8,26.5,22.4,27.3,29.5,31.5,32.1,31.0,28.8,26.8,26.2,10.2,5.9,4.1,5.8,10.0,14.6,16.1,14.4,10.8,8.6,7.1,6.4,7.3,9.2,12.1,13.3,13.9,14.1,13.7,12.6,12.0,12.7,11.9,10.0,8.1,7.3,8.1,10.1,8.0,3.6,1.3,2.6,6.6,11.0,13.3,12.4,9.8,6.9,4.7,3.6,4.1,5.5,7.8,9.8,10.9,11.5,11.5,11.3,9.8,10.4,9.4,7.2,5.2,4.6,5.7,7.8,1129.6,1129.1,1129.0,1129.5,1130.1,1130.9,1130.6,1130.2,1134.1,1131.6,1129.1,1128.1,1129.1,1130.8,1132.9,1131.4,1129.7,1129.1,1129.9,1131.9,1130.8,1131.0,1131.0,1130.8,1130.5,1130.3,1130.3,1130.6,1106.6,1107.7,1108.5,1108.6,1107.9,1106.9,1106.1,1106.2,1108.2,1107.2,1106.6,1106.5,1107.8,1110.0,1112.2,1109.3,1106.7,1105.1,1105.1,1106.5,1107.5,1107.5,1107.9,1108.4,1108.8,1108.7,1108.3,1107.8,4.2,49.0,1249.9,0.213,0.046,-0.053,471.6,476.9,486.6,498.9,518.8,548.7,581.7,619.4,659.6,698.2,733.6,765.5,791.5,808.1,816.8,822.1,823.6,499.9,523.6,554.0,585.5,615.1,670.7,702.9,733.8,765.2,788.7,646.1,647.4,648.8,650.5,615.9,633.3,650.9,668.9,685.1,538.8,557.9,581.2,600.0,580.4,557.1,690.5,708.2,731.3,750.6,734.0,711.7,587.4,610.1,635.0,652.2,670.7,696.2,718.5,698.6,675.1,655.1,635.8,610.5,598.5,635.6,653.1,671.9,707.9,672.4,653.2,635.3,376.9,426.5,475.8,523.0,567.0,604.7,635.3,658.2,662.6,652.7,625.9,591.5,552.3,507.0,459.3,411.1,362.4,356.6,338.3,332.9,335.6,344.2,340.8,329.6,325.1,328.7,344.4,382.1,410.6,438.9,468.3,491.7,496.6,500.7,495.1,489.2,389.7,378.7,378.4,391.9,397.5,397.8,386.7,372.0,371.2,380.2,389.6,391.1,557.3,540.2,531.1,535.3,530.5,537.1,550.3,578.3,591.1,593.9,592.7,582.6,557.7,548.7,549.7,547.4,552.2,565.0,567.8,566.4,-72.7,-70.7,-66.7,-61.5,-52.7,-39.5,-25.1,-8.8,8.3,24.8,40.2,54.1,65.3,72.3,75.8,77.9,78.4,-58.8,-48.5,-35.6,-22.5,-10.2,12.6,26.0,38.8,52.0,62.0,2.5,3.0,3.6,4.3,-10.0,-2.8,4.5,11.9,18.6,-42.3,-34.2,-24.4,-16.6,-24.8,-34.5,21.0,28.3,37.9,46.0,39.1,29.8,-22.2,-12.4,-2.1,5.1,12.7,23.4,33.0,24.5,14.6,6.3,-1.7,-12.4,-17.4,-1.8,5.4,13.3,28.5,13.5,5.5,-2.0,7.3,28.8,50.4,71.0,90.0,106.0,118.5,127.3,128.8,124.9,114.2,99.8,82.9,63.3,42.6,21.9,1.0,-1.4,-9.1,-11.2,-10.1,-6.5,-7.9,-12.6,-14.4,-13.0,-6.5,9.1,20.8,32.3,44.3,54.6,56.4,58.1,55.8,53.4,12.4,7.8,7.7,13.2,15.6,15.8,11.1,5.0,4.7,8.4,12.3,12.9,83.2,75.1,70.9,72.6,70.5,73.7,79.9,91.2,96.2,97.4,97.0,93.2,83.2,78.4,78.7,77.8,80.6,85.2,86.4,85.9,1295.6,1300.1,1304.9,1307.2,1304.1,1299.3,1291.5,1280.7,1277.0,1280.2,1288.2,1293.4,1293.4,1290.8,1286.9,1283.8,1281.8,1258.3,1250.3,1243.3,1237.7,1233.8,1233.7,1237.2,1241.1,1245.6,1251.2,1235.7,1232.6,1229.4,1226.5,1242.9,1239.9,1238.0,1238.8,1239.9,1253.9,1249.0,1247.4,1247.0,1247.8,1249.8,1246.3,1244.5,1245.2,1248.7,1246.1,1245.4,1264.6,1250.2,1243.1,1241.7,1241.4,1247.8,1259.6,1253.2,1248.7,1248.7,1250.5,1256.3,1262.4,1246.9,1245.2,1245.1,1258.0,1246.8,1246.8,1248.6,2.386,0.254,0.05,-0.054000000000000006,650.3380000000001,477.082,-32.685,6.5,-6.38,0.9590000000000001,-0.23,-7.239,5.641,-6.356,2.96,-5.721,-6.471,2.915,-1.16,3.54,-2.6239999999999997,4.106,1.8769999999999998,-3.992,1.824,-3.99,0.317,-2.162,-0.7440000000000001,-0.049,-3.037,1.09,0.536,0.758,0.775,-0.042,0.597,-0.8109999999999999,0.33,0.166,0.0,0.2,0.08,0.81,0.0,0.0,0.0,0.0,0.0,0.04,0.62,0.0,0.76,0.0,1.47,1.0,0.0,0.0,0.0,1.0,1.0,0.0,0.0,0.0,0.0,0.0,0.0,1.0,0.0,1.0,0.0,1.0,1.0,0.0,0.0
100,3.303,0.98,0.095799,0.263836,-0.9597979999999999,-0.073541,0.28141700000000003,-0.9567629999999999,0.012,0.27699999999999997,557.4,562.0,573.2,584.4,589.1,585.3,573.3,562.1,541.6,548.4,558.6,570.8,582.8,592.3,599.1,592.3,582.3,570.8,559.1,549.0,568.2,573.2,578.2,580.3,578.2,573.2,568.1,566.1,704.1,707.4,718.4,730.5,736.7,733.4,722.5,709.6,693.8,700.0,709.1,721.0,733.1,742.9,750.5,744.5,735.6,724.9,713.0,701.8,715.4,721.2,726.5,728.1,725.1,719.3,714.1,712.5,386.6,375.1,370.4,375.0,386.3,398.4,402.5,397.9,388.4,382.6,378.8,376.9,379.0,384.2,391.8,395.2,396.7,397.4,396.4,393.4,391.3,393.4,391.3,386.2,381.1,379.0,381.2,386.3,381.2,369.2,363.2,366.7,377.6,389.6,395.6,393.2,386.0,378.2,372.6,369.6,370.7,374.2,380.5,385.9,389.0,390.8,390.9,390.2,386.0,387.7,384.8,379.1,373.9,372.2,375.1,380.8,-31.0,-29.3,-25.1,-20.9,-19.1,-20.5,-25.0,-29.2,-37.1,-34.4,-30.5,-25.9,-21.4,-17.9,-15.4,-17.9,-21.6,-25.9,-30.3,-34.2,-27.0,-25.1,-23.2,-22.4,-23.2,-25.1,-27.0,-27.7,23.7,24.9,29.0,33.5,35.7,34.5,30.4,25.7,19.9,22.2,25.5,29.9,34.4,38.1,41.0,38.6,35.3,31.3,26.9,22.8,27.9,30.0,31.9,32.6,31.5,29.3,27.4,26.8,10.0,5.7,3.9,5.6,9.9,14.4,16.0,14.2,10.7,8.5,7.0,6.3,7.1,9.1,12.0,13.2,13.8,14.0,13.7,12.6,11.8,12.5,11.7,9.8,7.9,7.1,7.9,9.9,7.8,3.4,1.2,2.5,6.5,10.9,13.1,12.2,9.6,6.7,4.6,3.5,3.9,5.3,7.6,9.6,10.7,11.3,11.4,11.1,9.6,10.2,9.2,7.1,5.1,4.5,5.6,7.7,1125.4,1124.9,1124.8,1125.1,1125.7,1126.5,1126.3,1126.0,1130.1,1127.5,1124.9,1123.8,1124.6,1126.2,1128.3,1126.9,1125.3,1124.8,1125.6,1127.8,1126.6,1126.7,1126.7,1126.4,1126.2,1126.0,1126.1,1126.3,1107.4,1108.5,1109.3,1109.3,1108.5,1107.4,1106.6,1106.8,1108.9,1108.0,1107.3,1107.2,1108.3,1110.4,1112.5,1109.7,1107.1,1105.6,1105.7,1107.2,1108.1,1108.1,1108.5,1109.0,1109.4,1109.4,1109.0,1108.5,4.8,48.8,1249.4,0.21100000000000002,0.049,-0.055999999999999994,472.9,478.3,488.3,500.7,520.7,550.8,583.6,621.1,661.2,699.9,735.4,767.5,793.4,809.8,818.3,823.5,824.8,500.8,524.4,554.8,586.3,615.8,671.8,704.0,734.9,766.4,790.0,647.2,648.5,649.9,651.6,617.0,634.4,652.0,670.1,686.4,539.9,559.1,582.4,601.3,581.6,558.3,691.6,709.4,732.5,751.9,735.2,712.8,588.8,611.3,636.1,653.3,671.8,697.4,719.8,699.9,676.3,656.2,636.9,611.7,600.0,636.7,654.2,673.1,709.1,673.6,654.4,636.4,376.7,426.5,476.0,523.2,567.2,604.7,635.1,657.7,662.0,652.0,625.2,590.7,551.4,505.9,458.0,409.6,360.6,356.6,338.2,332.8,335.5,344.2,340.7,329.3,324.7,328.2,343.9,381.9,410.1,438.3,467.6,491.1,495.9,500.1,494.4,488.6,389.5,378.6,378.2,391.6,397.3,397.7,386.4,371.6,370.8,379.7,389.2,390.7,557.1,539.8,530.4,534.8,529.9,536.7,550.1,578.1,590.9,593.7,592.4,582.2,557.4,548.2,549.2,547.0,551.9,564.7,567.4,566.0,-72.2,-70.1,-66.0,-60.7,-51.8,-38.6,-24.3,-8.1,9.0,25.5,41.0,54.9,66.1,73.0,76.5,78.5,78.9,-58.4,-48.2,-35.3,-22.2,-9.9,13.1,26.4,39.2,52.5,62.5,3.0,3.5,4.0,4.7,-9.5,-2.3,4.9,12.4,19.2,-41.8,-33.7,-23.9,-16.1,-24.3,-34.0,21.4,28.8,38.4,46.5,39.5,30.2,-21.6,-12.0,-1.6,5.5,13.2,23.8,33.5,25.0,15.1,6.7,-1.3,-11.9,-16.8,-1.4,5.9,13.7,29.0,13.9,6.0,-1.5,7.2,28.8,50.5,71.1,90.1,106.0,118.4,127.0,128.5,124.6,113.8,99.4,82.5,62.8,42.0,21.2,0.3,-1.4,-9.1,-11.3,-10.1,-6.5,-7.9,-12.6,-14.6,-13.2,-6.7,9.0,20.6,32.1,44.0,54.3,56.2,57.8,55.5,53.1,12.3,7.7,7.6,13.1,15.5,15.7,10.9,4.8,4.5,8.2,12.1,12.7,83.1,74.9,70.6,72.3,70.2,73.5,79.8,91.1,96.0,97.2,96.8,93.0,83.0,78.2,78.5,77.6,80.4,85.0,86.1,85.7,1295.6,1300.0,1304.8,1307.0,1304.0,1299.1,1291.2,1280.3,1276.4,1279.5,1287.6,1292.8,1292.9,1290.3,1286.2,1283.0,1281.2,1258.1,1250.0,1243.1,1237.5,1233.6,1233.3,1236.9,1240.7,1245.1,1250.7,1235.2,1232.2,1228.9,1226.0,1242.3,1239.4,1237.4,1238.3,1239.4,1253.6,1248.7,1247.1,1246.7,1247.4,1249.5,1245.9,1244.0,1244.7,1248.2,1245.6,1244.9,1264.2,1249.6,1242.4,1241.0,1240.7,1247.2,1258.9,1252.4,1247.9,1247.9,1249.8,1255.7,1261.9,1246.3,1244.5,1244.4,1257.4,1246.1,1246.0,1247.9,2.387,0.253,0.053,-0.055999999999999994,651.607,476.673,-31.956,6.73,-6.412999999999999,0.9840000000000001,-0.542,-7.615,5.3020000000000005,-6.862,2.8280000000000003,-6.097,-6.231,2.8960000000000004,-0.909,3.542,-2.821,4.402,2.373,-4.21,1.615,-4.167,0.113,-2.286,-0.755,-0.218,-2.841,1.207,0.5670000000000001,0.6709999999999999,0.804,-0.023,0.555,-0.7929999999999999,0.298,0.179,0.0,0.25,0.1,0.65,0.0,0.0,0.02,0.0,0.0,0.04,0.66,0.0,0.75,0.0,1.43,0.91,0.0,0.0,0.0,1.0,1.0,0.0,0.0,0.0,0.0,0.0,1.0,1.0,0.0,1.0,0.0,1.0,1.0,0.0,0.0
101,3.3369999999999997,0.98,0.10428699999999999,0.25263,-0.9619260000000001,-0.08302799999999999,0.290391,-0.953299,0.011000000000000001,0.276,558.8,563.5,574.8,586.1,590.8,586.9,574.9,563.5,542.9,549.4,559.7,572.1,584.5,593.9,600.4,593.5,583.6,572.1,560.4,550.3,569.7,574.8,579.8,581.8,579.7,574.7,569.7,567.7,705.3,708.7,719.7,731.8,737.9,734.5,723.5,710.7,695.0,701.4,710.5,722.5,734.7,744.7,752.3,746.1,737.2,726.4,714.4,703.2,716.3,722.4,728.0,729.7,726.6,720.5,714.9,713.2,385.8,374.5,369.8,374.3,385.5,397.5,401.6,397.1,387.9,382.0,378.6,376.7,378.5,383.7,391.6,394.6,396.3,397.1,396.0,392.8,390.3,392.3,390.2,385.2,380.2,378.2,380.3,385.3,380.8,368.8,362.9,366.5,377.5,389.4,395.4,392.8,385.7,377.9,372.2,369.0,370.1,373.8,380.1,385.3,388.3,390.1,390.3,389.7,386.1,387.9,384.9,378.8,373.2,371.4,374.4,380.5,-30.2,-28.4,-24.2,-20.0,-18.3,-19.8,-24.3,-28.5,-36.3,-33.8,-29.9,-25.2,-20.6,-17.2,-14.8,-17.3,-21.0,-25.3,-29.6,-33.5,-26.2,-24.3,-22.4,-21.7,-22.4,-24.3,-26.2,-26.9,23.9,25.2,29.2,33.6,35.9,34.6,30.5,25.8,20.1,22.5,25.8,30.2,34.7,38.4,41.3,38.9,35.6,31.6,27.2,23.1,27.9,30.2,32.2,32.9,31.7,29.5,27.4,26.8,9.6,5.4,3.6,5.3,9.5,14.0,15.5,13.8,10.4,8.2,6.9,6.2,6.9,8.8,11.8,12.9,13.5,13.8,13.4,12.2,11.3,12.0,11.3,9.4,7.5,6.8,7.6,9.4,7.6,3.2,1.0,2.4,6.4,10.8,12.9,12.0,9.4,6.6,4.5,3.3,3.7,5.1,7.4,9.3,10.4,11.0,11.1,10.9,9.5,10.2,9.1,6.9,4.9,4.2,5.3,7.5,1115.9,1115.0,1114.7,1115.3,1116.3,1117.6,1117.5,1116.9,1120.6,1117.8,1115.1,1113.9,1114.8,1116.7,1119.1,1117.8,1116.4,1115.8,1116.7,1118.6,1117.3,1117.5,1117.4,1117.0,1116.6,1116.3,1116.4,1116.8,1097.4,1098.4,1099.2,1099.2,1098.6,1097.5,1096.8,1096.9,1098.9,1098.0,1097.3,1097.3,1098.6,1100.7,1103.1,1100.0,1097.4,1095.8,1095.8,1097.2,1098.2,1098.2,1098.6,1099.1,1099.4,1099.4,1099.0,1098.5,5.4,48.5,1249.5,0.212,0.05,-0.057,474.4,479.8,489.6,502.1,522.3,552.2,584.9,622.3,662.5,701.3,736.9,769.0,794.9,811.4,819.8,825.0,826.3,502.5,526.1,556.3,587.5,616.8,673.5,705.8,736.6,767.9,791.5,648.3,649.6,651.0,652.7,618.3,635.7,653.3,671.3,687.6,541.2,560.3,583.8,602.6,583.0,559.6,693.0,710.8,734.0,753.4,736.8,714.3,590.4,613.0,637.5,654.8,673.3,698.7,721.2,701.3,677.8,657.6,638.4,613.4,601.5,638.1,655.6,674.5,710.6,675.0,655.8,637.8,376.6,426.4,475.9,523.0,566.7,604.0,634.3,657.0,661.3,651.5,624.8,590.2,550.4,504.6,456.3,407.7,358.6,355.9,337.7,332.5,335.1,343.3,339.6,328.5,323.9,327.6,343.3,381.1,409.5,437.8,467.2,490.7,495.5,499.6,494.0,488.1,389.1,378.1,377.8,391.2,396.9,397.4,385.9,371.2,370.3,379.2,388.7,390.3,556.4,539.4,530.1,534.4,529.5,536.1,549.2,576.9,589.5,592.2,590.9,581.0,556.8,547.6,548.7,546.4,551.1,563.7,566.3,564.9,-71.5,-69.4,-65.4,-60.1,-51.2,-38.0,-23.7,-7.5,9.6,26.2,41.6,55.6,66.8,73.7,77.1,79.1,79.6,-57.7,-47.5,-34.7,-21.7,-9.6,13.8,27.1,40.0,53.1,63.2,3.4,4.0,4.5,5.2,-9.0,-1.8,5.5,12.9,19.6,-41.3,-33.2,-23.4,-15.5,-23.7,-33.5,22.0,29.4,39.0,47.2,40.2,30.8,-20.9,-11.3,-1.0,6.1,13.8,24.4,34.1,25.6,15.7,7.3,-0.7,-11.1,-16.2,-0.8,6.5,14.3,29.6,14.5,6.5,-0.9,7.2,28.8,50.4,71.0,89.8,105.7,118.1,126.8,128.2,124.4,113.7,99.2,82.1,62.2,41.3,20.4,-0.6,-1.7,-9.3,-11.4,-10.3,-6.9,-8.4,-13.0,-14.9,-13.4,-6.9,8.7,20.3,31.9,43.8,54.1,56.0,57.6,55.3,52.9,12.2,7.6,7.4,12.9,15.4,15.6,10.8,4.6,4.3,8.0,11.9,12.6,82.8,74.7,70.5,72.1,70.1,73.2,79.4,90.5,95.4,96.6,96.2,92.5,82.8,78.0,78.3,77.3,80.1,84.6,85.7,85.2,1295.7,1299.9,1304.5,1306.7,1303.8,1299.1,1291.4,1280.6,1276.8,1279.9,1288.0,1293.2,1293.2,1290.4,1286.4,1283.1,1281.3,1258.4,1250.3,1243.4,1237.7,1233.7,1233.1,1236.7,1240.5,1244.9,1250.5,1235.4,1232.3,1228.9,1226.1,1242.4,1239.5,1237.5,1238.4,1239.6,1254.0,1249.1,1247.4,1246.9,1247.8,1249.8,1245.8,1243.9,1244.6,1248.1,1245.5,1244.8,1264.4,1249.8,1242.7,1241.2,1240.9,1247.4,1259.0,1252.3,1247.7,1247.8,1249.8,1255.7,1262.1,1246.5,1244.7,1244.5,1257.5,1246.0,1246.0,1248.0,2.387,0.254,0.053,-0.057,653.0319999999999,475.995,-31.651,5.63,-6.705,0.9390000000000001,-0.488,-7.205,4.694,-7.72,2.2640000000000002,-6.595,-6.426,2.665,-1.151,2.9589999999999996,-2.761,4.0760000000000005,2.415,-4.09,1.6769999999999998,-4.379,0.276,-1.8130000000000002,-0.8909999999999999,-0.231,-2.7260000000000004,1.047,0.46299999999999997,0.8170000000000001,0.759,0.055999999999999994,0.612,-0.825,0.285,0.125,0.0,0.23,0.06,0.59,0.0,0.0,0.02,0.0,0.0,0.03,0.71,0.0,0.72,0.0,1.38,0.92,0.0,0.0,0.0,1.0,1.0,0.0,0.0,0.0,0.0,0.0,0.0,1.0,0.0,1.0,0.0,1.0,1.0,0.0,0.0
102,3.37,0.98,0.092,0.267804,-0.9590709999999999,-0.08911799999999999,0.29715,-0.9506629999999999,0.002,0.28800000000000003,560.3,564.9,576.1,587.3,591.9,588.0,576.1,564.9,544.3,551.1,561.5,573.8,585.9,595.3,602.0,595.2,585.2,573.7,562.0,551.7,571.1,576.0,580.9,582.9,580.9,576.0,571.1,569.1,706.6,709.9,720.8,732.9,739.1,735.7,724.8,712.0,696.3,702.8,711.8,723.8,735.9,745.8,753.5,747.3,738.6,727.9,716.0,704.8,717.3,723.7,729.5,731.2,728.0,721.6,715.8,714.0,385.6,374.3,369.5,374.2,385.5,397.6,401.6,397.0,387.6,381.7,377.9,376.0,378.1,383.3,390.9,394.0,395.4,396.1,395.2,392.3,390.3,392.4,390.3,385.3,380.4,378.3,380.4,385.4,380.5,368.6,362.7,366.3,377.2,389.1,395.0,392.5,385.2,377.4,371.6,368.4,369.5,373.4,379.9,385.0,388.0,389.8,389.9,389.3,386.1,388.0,384.9,378.6,372.8,370.9,374.0,380.3,-29.9,-28.2,-24.0,-19.8,-18.1,-19.5,-24.0,-28.2,-36.1,-33.4,-29.5,-24.8,-20.3,-16.8,-14.3,-16.8,-20.6,-24.9,-29.3,-33.2,-25.9,-24.1,-22.2,-21.5,-22.2,-24.0,-25.9,-26.7,24.3,25.6,29.6,34.0,36.2,35.0,30.9,26.3,20.6,22.9,26.2,30.6,35.1,38.7,41.6,39.3,36.0,32.0,27.7,23.6,28.2,30.6,32.7,33.4,32.2,29.8,27.7,27.1,9.6,5.4,3.6,5.3,9.6,14.1,15.6,13.9,10.4,8.2,6.7,6.0,6.8,8.7,11.6,12.8,13.3,13.5,13.2,12.2,11.4,12.2,11.4,9.5,7.7,6.9,7.7,9.5,7.5,3.1,1.0,2.3,6.3,10.6,12.8,11.9,9.2,6.3,4.3,3.1,3.5,4.9,7.3,9.1,10.2,10.9,10.9,10.7,9.5,10.2,9.1,6.8,4.7,4.0,5.1,7.4,1126.6,1126.1,1126.0,1126.4,1127.1,1127.9,1127.7,1127.3,1131.2,1128.6,1126.1,1125.0,1125.9,1127.6,1129.8,1128.3,1126.6,1126.0,1126.9,1129.0,1127.8,1128.0,1128.0,1127.8,1127.5,1127.3,1127.3,1127.6,1095.1,1096.3,1097.1,1097.2,1096.4,1095.3,1094.4,1094.6,1096.5,1095.7,1095.1,1095.2,1096.5,1098.7,1101.0,1097.8,1095.1,1093.5,1093.4,1094.8,1095.8,1095.9,1096.3,1096.9,1097.3,1097.3,1096.9,1096.3,6.0,48.3,1248.8,0.21100000000000002,0.053,-0.057999999999999996,475.9,481.2,491.0,503.4,523.5,553.6,586.8,624.6,664.9,703.7,739.2,771.1,796.8,813.2,821.5,826.6,827.8,503.9,527.5,557.8,589.0,618.5,674.6,706.9,737.8,769.3,793.0,649.8,651.1,652.5,654.2,619.8,637.2,654.7,672.7,689.0,542.8,561.9,585.3,604.2,584.5,561.2,694.3,712.2,735.3,754.8,738.2,715.7,591.6,614.1,638.7,656.0,674.6,700.1,722.7,702.6,679.0,658.9,639.6,614.5,602.6,639.3,656.9,675.8,712.1,676.2,657.0,639.0,376.2,426.0,475.5,522.7,566.5,604.0,634.4,656.8,660.8,650.7,623.8,589.4,549.9,504.1,456.0,407.5,358.4,355.6,337.3,331.9,334.5,342.9,339.4,328.1,323.5,327.2,342.9,380.6,408.9,437.2,466.6,490.2,495.0,499.0,493.4,487.6,388.6,377.6,377.2,390.6,396.3,396.7,385.4,370.7,369.9,378.7,388.2,389.8,555.7,538.8,529.5,533.8,528.9,535.7,548.8,576.6,589.1,591.8,590.5,580.5,556.1,547.1,548.2,546.0,550.6,563.0,565.7,564.3,-70.9,-68.8,-64.8,-59.5,-50.6,-37.4,-22.9,-6.6,10.6,27.1,42.5,56.5,67.6,74.5,77.8,79.8,80.1,-57.1,-46.9,-34.1,-21.0,-8.8,14.2,27.6,40.4,53.6,63.7,4.0,4.6,5.1,5.8,-8.3,-1.2,6.1,13.5,20.2,-40.6,-32.5,-22.7,-14.9,-23.1,-32.8,22.5,29.9,39.5,47.7,40.7,31.4,-20.4,-10.8,-0.5,6.6,14.3,25.0,34.7,26.1,16.2,7.8,-0.2,-10.7,-15.7,-0.3,7.0,14.8,30.2,15.0,7.1,-0.4,7.0,28.6,50.2,70.8,89.7,105.6,118.0,126.6,127.9,123.9,113.2,98.8,81.8,62.0,41.1,20.3,-0.7,-1.9,-9.5,-11.6,-10.5,-7.0,-8.5,-13.1,-15.1,-13.6,-7.1,8.5,20.1,31.6,43.5,53.9,55.7,57.3,55.0,52.7,11.9,7.3,7.2,12.7,15.1,15.3,10.5,4.4,4.1,7.8,11.7,12.3,82.5,74.4,70.2,71.9,69.8,73.0,79.2,90.3,95.2,96.4,96.0,92.3,82.5,77.7,78.0,77.1,79.9,84.3,85.4,84.9,1295.6,1299.8,1304.5,1306.6,1303.5,1298.6,1290.5,1279.5,1275.8,1279.0,1287.2,1292.4,1292.4,1289.8,1285.7,1282.3,1280.4,1258.0,1249.9,1242.9,1237.2,1233.1,1232.5,1236.0,1239.8,1244.3,1249.8,1234.7,1231.7,1228.3,1225.4,1241.8,1238.9,1236.9,1237.8,1238.9,1253.5,1248.5,1246.9,1246.4,1247.1,1249.2,1245.2,1243.2,1244.0,1247.4,1244.8,1244.2,1263.7,1249.2,1242.0,1240.5,1240.2,1246.5,1258.1,1251.5,1247.0,1247.1,1249.1,1255.0,1261.4,1245.8,1244.0,1243.8,1256.6,1245.3,1245.3,1247.2,2.388,0.252,0.055999999999999994,-0.057999999999999996,654.496,475.514,-31.174,6.379,-6.752999999999999,0.45299999999999996,-0.652,-7.057,5.0169999999999995,-7.653,2.181,-6.321000000000001,-6.196000000000001,2.088,-0.9670000000000001,3.065,-2.905,4.383,2.406,-3.7689999999999997,1.565,-4.2669999999999995,0.054000000000000006,-2.18,-0.996,-0.196,-2.9730000000000003,1.072,0.5,0.833,0.722,-0.036000000000000004,0.624,-0.764,0.292,0.17300000000000001,0.0,0.14,0.0,0.58,0.0,0.0,0.0,0.0,0.0,0.0,0.74,0.0,0.67,0.0,1.3,0.95,0.0,0.0,0.0,0.0,0.0,0.0,0.0,0.0,0.0,0.0,0.0,1.0,0.0,1.0,0.0,1.0,1.0,0.0,0.0
